Vendor,Name,PO,OrderDate,DueDate,Status,POAmt,RecdAmt,Created,created by,LastChanged,last changed by,Item,Description,Description2,Catalog,DepartmentCode,VendorPartNo,EstArrlDate,OrderUOM,UOMPrice,OrderQty,RecdQty,BackOrderQty,Comments,Textbox29,Textbox32
1, - MCKESSON,1957,,,O,"$2,064.92 ",$0.00 ,12/13/2019,Jdav,12/13/2019,Jdav,925," - Meds, Robinul 0.2mg/ml, 1ml bottle"," - Meds, Robinul 0.2mg/ml, 1ml bottle",1058484,ANESTHE ,1058484,,25/BX,$198.05 ,2,0,0,,5,Total Tx Amt. $0.00
1, - MCKESSON,1957,,,O,"$2,064.92 ",$0.00 ,12/13/2019,Jdav,12/13/2019,Jdav,211, - MED PROPOFOL 20ML, - MED PROPOFOL 20ML,989562,IVSUPPLY,989562,,25/BX,$55.88 ,3,0,0,,5,Total Tx Amt. $0.00
1, - MCKESSON,1957,,,O,"$2,064.92 ",$0.00 ,12/13/2019,Jdav,12/13/2019,Jdav,162, - MED ANCEF 1G, - MED ANCEF 1G,1107414,GLV/MSK ,1107414,,25/BX,$25.81 ,3,0,0,,5,Total Tx Amt. $0.00
1, - MCKESSON,1957,,,O,"$2,064.92 ",$0.00 ,12/13/2019,Jdav,12/13/2019,Jdav,203, - MED NEOSTIGMINE 10ML, - MED NEOSTIGMINE 10ML,1104761,IVSUPPLY,1104761,,10/BX,$218.65 ,1,0,0,,5,Total Tx Amt. $0.00
1, - MCKESSON,1957,,,O,"$2,064.92 ",$0.00 ,12/13/2019,Jdav,12/13/2019,Jdav,827," - Botox, Therapeutic VL  100units, Allergan"," - Botox, Therapeutic VL  100units, Allergan",,MEDS    ,349702,,1/BT,$602.55 ,2,0,0,,5,Total Tx Amt. $0.00
1, - MCKESSON,1960,,,O,$976.90 ,$0.00 ,12/16/2019,Jdav,12/16/2019,Jdav,624," - MED, OMNIPAQUE 300"," - MED, OMNIPAQUE 300",407141361,MEDS    ,533382,,10/BX,$57.09 ,2,0,0,,2,Total Tx Amt. $0.00
1, - MCKESSON,1960,,,O,$976.90 ,$0.00 ,12/16/2019,Jdav,12/16/2019,Jdav,199, - MED MITOMYCIN 20MG/50ML, - MED MITOMYCIN 20MG/50ML,725642,HSKPNG  ,725642,,1/BT,$215.68 ,4,0,0,,2,Total Tx Amt. $0.00
1, - MCKESSON,1975,,,O,$156.21 ,$0.00 ,12/18/2019,Jdav,12/18/2019,Jdav,165, - MED CIPRO 400MG/200ML, - MED CIPRO 400MG/200ML,916163,ANESTHE ,806731,,24/CS,$60.17 ,2,0,0,,3,Total Tx Amt. $0.00
1, - MCKESSON,1975,,,O,$156.21 ,$0.00 ,12/18/2019,Jdav,12/18/2019,Jdav,767, - Monoject PreFill IV Flush Sodium Chloride, - Monoject PreFill IV Flush Sodium Chloride,8881570121,GENERAL ,472080,,30/BX,$8.60 ,4,0,0,,3,Total Tx Amt. $0.00
1, - MCKESSON,1975,,,O,$156.21 ,$0.00 ,12/18/2019,Jdav,12/18/2019,Jdav,149, - MED ACETOMINOPHEN 500MG, - MED ACETOMINOPHEN 500MG,555688,PACU    ,555688,,1/BT,$1.47 ,1,0,0,,3,Total Tx Amt. $0.00
1, - MCKESSON,1977,,,O,$182.96 ,$0.00 ,12/18/2019,Jdav,12/18/2019,Jdav,1042," - Meds, Methylprednisolone 40mg/ml"," - Meds, Methylprednisolone 40mg/ml",514379,IVSUPPLY,514379,,25/BX,$182.96 ,1,0,0,,1,Total Tx Amt. $0.00
27, - BESSE MEDICAL,1979,,,O,"$1,157.04 ",$0.00 ,12/18/2019,Jdav,,Jdav,648," - MED, RIFADIN IV 600MG 25ML"," - MED, RIFADIN IV 600MG 25ML",00068-0597-01,MEDS    ,10820,,EA,$192.84 ,6,0,0,,1,Total Tx Amt. $0.00
1, - MCKESSON,1992,,,O,"$2,064.83 ",$0.00 ,12/20/2019,Jdav,12/23/2019,Jdav,211, - MED PROPOFOL 20ML, - MED PROPOFOL 20ML,989562,IVSUPPLY,989562,,25/BX,$55.88 ,4,0,0,,5,Total Tx Amt. $0.00
1, - MCKESSON,1992,,,O,"$2,064.83 ",$0.00 ,12/20/2019,Jdav,12/23/2019,Jdav,163, - MED CEFTRIAXONE 15ML, - MED CEFTRIAXONE 15ML,1110475,GLV/MSK ,1110475,,25/BX,$27.81 ,4,0,0,,5,Total Tx Amt. $0.00
1, - MCKESSON,1992,,,O,"$2,064.83 ",$0.00 ,12/20/2019,Jdav,12/23/2019,Jdav,699," - MED, SEVOFLURANE INHAL"," - MED, SEVOFLURANE INHAL",6679401525,MEDS    ,779244,,EA,$126.20 ,12,0,0,,5,Total Tx Amt. $0.00
1, - MCKESSON,1992,,,O,"$2,064.83 ",$0.00 ,12/20/2019,Jdav,12/23/2019,wbra,162, - MED ANCEF 1G, - MED ANCEF 1G,1107414,GLV/MSK ,1107414,,25/BX,$25.81 ,3,0,0,,5,Total Tx Amt. $0.00
1, - MCKESSON,1992,,,O,"$2,064.83 ",$0.00 ,12/20/2019,Jdav,12/23/2019,wbra,165, - MED CIPRO 400MG/200ML, - MED CIPRO 400MG/200ML,916163,ANESTHE ,806731,,24/CS,$69.12 ,2,0,0,,5,Total Tx Amt. $0.00
1, - MCKESSON,2009,,,O,$588.48 ,$0.00 ,12/27/2019,Jdav,12/27/2019,wbra,179, - MED GENTAMYCIN 80MG 2ML, - MED GENTAMYCIN 80MG 2ML,408292,GLV/MSK ,408292,,25/BX,$31.91 ,1,0,0,,5,Total Tx Amt. $0.00
1, - MCKESSON,2009,,,O,$588.48 ,$0.00 ,12/27/2019,Jdav,12/27/2019,wbra,162, - MED ANCEF 1G, - MED ANCEF 1G,1107414,GLV/MSK ,1107414,,25/BX,$25.81 ,2,0,0,,5,Total Tx Amt. $0.00
1, - MCKESSON,2009,,,O,$588.48 ,$0.00 ,12/27/2019,Jdav,12/27/2019,wbra,211, - MED PROPOFOL 20ML, - MED PROPOFOL 20ML,989562,IVSUPPLY,989562,,25/BX,$55.88 ,4,0,0,,5,Total Tx Amt. $0.00
1, - MCKESSON,2009,,,O,$588.48 ,$0.00 ,12/27/2019,Jdav,12/27/2019,Jdav,885," - Bacitracin, VL PDR 50,000 Units"," - Bacitracin, VL PDR 50,000 Units",255718,GENERAL ,255178,,EA,$9.85 ,10,0,0,,5,Total Tx Amt. $0.00
1, - MCKESSON,2009,,,O,$588.48 ,$0.00 ,12/27/2019,Jdav,12/27/2019,Jdav,191, - MED LIDOCAINE 2% UROJECT, - MED LIDOCAINE 2% UROJECT,807261,HSKPNG  ,807261,,25/BX,$182.93 ,1,0,0,,5,Total Tx Amt. $0.00
1, - MCKESSON,987,,,O,$210.03 ,$0.00 ,1/2/2019,Jdav,1/2/2019,Jdav,211, - MED PROPOFOL 20ML, - MED PROPOFOL 20ML,989562,IVSUPPLY,989562,,25/BX,$56.41 ,2,0,0,,3,Total Tx Amt. $0.00
1, - MCKESSON,987,,,O,$210.03 ,$0.00 ,1/2/2019,Jdav,1/2/2019,Jdav,153, - MED AMIDATE 20ML, - MED AMIDATE 20ML,409669502,MEDS    ,835677,,10/CT,$78.98 ,1,0,0,,3,Total Tx Amt. $0.00
1, - MCKESSON,987,,,O,$210.03 ,$0.00 ,1/2/2019,Jdav,1/2/2019,Jdav,172, - MED DIPHENHYDRAMINE 1ML, - MED DIPHENHYDRAMINE 1ML,641037625,GLV/MSK ,246042,,25/BX,$18.23 ,1,0,0,,3,Total Tx Amt. $0.00
27, - BESSE MEDICAL,988,,,O,$563.26 ,$0.00 ,1/2/2019,Jdav,1/2/2019,Jdav,164, - MED CELOCIN 300MG 2ML, - MED CELOCIN 300MG 2ML,9087026,MEDS    ,14443,,25/BX,$66.76 ,1,0,0,,2,Total Tx Amt. $0.00
27, - BESSE MEDICAL,988,,,O,$563.26 ,$0.00 ,1/2/2019,Jdav,1/2/2019,Jdav,212, - MED SUCCS 10ML, - MED SUCCS 10ML,409662902,MEDS    ,27047,,25/BX,$496.50 ,1,0,0,,2,Total Tx Amt. $0.00
2, - CARDINAL HEALTH,989,,,O,$165.08 ,$0.00 ,1/2/2019,Jdav,3/2/2019,Jdav,371, - FLUID SUCTION YANKAUER, - FLUID SUCTION YANKAUER,CFK61,GENERAL ,K61,,50/CS,$20.04 ,2,0,0,,2,Total Tx Amt. $0.00
2, - CARDINAL HEALTH,989,,,O,$165.08 ,$0.00 ,1/2/2019,Jdav,3/2/2019,Jdav,79, - GLOVE NEOPRENE SIZE 7, - GLOVE NEOPRENE SIZE 7,2D73DP70,GENERAL ,2D73DP70,,50/BX,$62.50 ,2,0,0,,2,Total Tx Amt. $0.00
28, - COOPER SURGICAL,991,1/4/2019,,O,$300.28 ,$0.00 ,1/4/2019,Jdav,1/29/2019,Jdav,652," - RETRACTOR, LONE STAR, RING WITH CLIPS"," - RETRACTOR, LONE STAR, RING WITH CLIPS",3304G,GENERAL ,3304G,1/7/2019,EA,$75.07 ,4,0,0,,1,Total Tx Amt. $0.00
27, - BESSE MEDICAL,997,,,O,$175.28 ,$0.00 ,1/8/2019,Jdav,1/29/2019,Jdav,740," - MEDS, VANCOMYCIN 500MG SDV"," - MEDS, VANCOMYCIN 500MG SDV",45265,MEDS    ,45265,,10/CT,$87.64 ,2,0,0,,1,Total Tx Amt. $0.00
11, - RICHARD WOLF,1034,,,O,"$1,095.00 ",$0.00 ,1/21/2019,Jdav,1/29/2019,Jdav,672," - BROKEN SCOPE REPAIR, URETERORENSCOPE 5DEGREE"," - BROKEN SCOPE REPAIR, URETERORENSCOPE 5DEGREE",8632.284,STRL PRO,,,EA,"$1,095.00 ",1,0,0,,1,Total Tx Amt. $0.00
1, - MCKESSON,1037,,,O,$437.23 ,$0.00 ,1/21/2019,Jdav,,Jdav,121, - TOWEL PAPER C-FOLD, - TOWEL PAPER C-FOLD,456141,HSKPNG  ,456141,,4000/CS,$18.43 ,3,0,0,,5,Total Tx Amt. $0.00
1, - MCKESSON,1037,,,O,$437.23 ,$0.00 ,1/21/2019,Jdav,,Jdav,119, - TISSUE TOILET WHT, - TISSUE TOILET WHT,1045390,HSKPNG  ,,,96/CS,$40.15 ,2,0,0,,5,Total Tx Amt. $0.00
1, - MCKESSON,1037,,,O,$437.23 ,$0.00 ,1/21/2019,Jdav,,Jdav,211, - MED PROPOFOL 20ML, - MED PROPOFOL 20ML,989562,IVSUPPLY,989562,,25/BX,$56.41 ,2,0,0,,5,Total Tx Amt. $0.00
1, - MCKESSON,1037,,,O,$437.23 ,$0.00 ,1/21/2019,Jdav,,Jdav,162, - MED ANCEF 1G, - MED ANCEF 1G,1107414,GLV/MSK ,1073331,,25/BX,$24.39 ,2,0,0,,5,Total Tx Amt. $0.00
1, - MCKESSON,1037,,,O,$437.23 ,$0.00 ,1/21/2019,Jdav,,Jdav,714," - MED, VERAPAMIL HCL 2.5MG/ML 2ML"," - MED, VERAPAMIL HCL 2.5MG/ML 2ML",409114405,MEDS    ,747060,,EA,$35.01 ,4,0,0,,5,Total Tx Amt. $0.00
11, - RICHARD WOLF,1068,,,W,"$1,173.00 ",$0.00 ,1/31/2019,Jdav,3/2/2019,Jdav,672," - BROKEN SCOPE REPAIR, URETERORENSCOPE 5DEGREE"," - BROKEN SCOPE REPAIR, URETERORENSCOPE 5DEGREE",8632.284,STRL PRO,,,EA,"$1,173.00 ",1,0,0,,1,Total Tx Amt. $0.00
23, - COLOPLAST,1069,,,O,"$2,257.00 ",$0.00 ,1/31/2019,Jdav,,Jdav,686," - IMP, TITAN ASSEMBLY KIT"," - IMP, TITAN ASSEMBLY KIT",9480SC,GENERAL ,9480SC,,EA,$486.00 ,1,0,0,,2,Total Tx Amt. $0.00
23, - COLOPLAST,1069,,,O,"$2,257.00 ",$0.00 ,1/31/2019,Jdav,,Jdav,687," - IMP, TITAN RESEVOIR 75CC"," - IMP, TITAN RESEVOIR 75CC",ER8075,GENERAL ,ER8075,,EA,"$1,771.00 ",1,0,0,,2,Total Tx Amt. $0.00
11, - RICHARD WOLF,1095,,,O,"$5,795.00 ",$0.00 ,2/6/2019,Jdav,3/2/2019,Jdav,672," - BROKEN SCOPE REPAIR, URETERORENSCOPE 5DEGREE"," - BROKEN SCOPE REPAIR, URETERORENSCOPE 5DEGREE",8632.284,STRL PRO,,,EA,"$5,795.00 ",1,0,0,,1,Total Tx Amt. $0.00
27, - BESSE MEDICAL,1103,,,C,$198.38 ,$0.00 ,2/6/2019,Jdav,3/2/2019,Jdav,677," - MED, SMZ/TMP (BACTRIM) VIAL"," - MED, SMZ/TMP (BACTRIM) VIAL",703951403,,24575,,10/BX,$99.19 ,2,0,0,,1,Total Tx Amt. $0.00
1, - MCKESSON,1109,,,O,$439.90 ,$0.00 ,2/8/2019,Jdav,2/8/2019,Jdav,121, - TOWEL PAPER C-FOLD, - TOWEL PAPER C-FOLD,456141,HSKPNG  ,456141,,4000/CS,$18.43 ,2,0,0,,2,Total Tx Amt. $0.00
1, - MCKESSON,1109,,,O,$439.90 ,$0.00 ,2/8/2019,Jdav,2/8/2019,Jdav,180, - MED GLYCOPYRATE 1ML, - MED GLYCOPYRATE 1ML,70121139405,GLV/MSK ,1058484,,25/CT,$201.52 ,2,0,0,,2,Total Tx Amt. $0.00
23, - COLOPLAST,1116,,,O,"$10,321.00 ",$0.00 ,2/13/2019,Jdav,3/2/2019,Jdav,686," - IMP, TITAN ASSEMBLY KIT"," - IMP, TITAN ASSEMBLY KIT",9480SC,GENERAL ,9480SC,,EA,$486.00 ,1,0,0,,3,Total Tx Amt. $0.00
23, - COLOPLAST,1116,,,O,"$10,321.00 ",$0.00 ,2/13/2019,Jdav,3/2/2019,Jdav,808," - IMP, TITAN RESERVOIR ECLD 125CC"," - IMP, TITAN RESERVOIR ECLD 125CC",ER8125,GENERAL ,ER8125,,EA,"$1,771.00 ",1,0,0,,3,Total Tx Amt. $0.00
23, - COLOPLAST,1116,,,O,"$10,321.00 ",$0.00 ,2/13/2019,Jdav,3/2/2019,Jdav,809," - IMP, TITAN TOUCH SCRO ZERO ANG 22CM"," - IMP, TITAN TOUCH SCRO ZERO ANG 22CM",ES2922,,ES2922,,EA,"$8,064.00 ",1,0,0,,3,Total Tx Amt. $0.00
23, - COLOPLAST,1117,,,O,"$10,321.00 ",$0.00 ,2/13/2019,Jdav,3/2/2019,Jdav,809," - IMP, TITAN TOUCH SCRO ZERO ANG 22CM"," - IMP, TITAN TOUCH SCRO ZERO ANG 22CM",ES2922,,ES2922,,EA,"$8,064.00 ",1,0,0,,3,Total Tx Amt. $0.00
23, - COLOPLAST,1117,,,O,"$10,321.00 ",$0.00 ,2/13/2019,Jdav,3/2/2019,Jdav,808," - IMP, TITAN RESERVOIR ECLD 125CC"," - IMP, TITAN RESERVOIR ECLD 125CC",ER8125,GENERAL ,ER8125,,EA,"$1,771.00 ",1,0,0,,3,Total Tx Amt. $0.00
23, - COLOPLAST,1117,,,O,"$10,321.00 ",$0.00 ,2/13/2019,Jdav,3/2/2019,Jdav,686," - IMP, TITAN ASSEMBLY KIT"," - IMP, TITAN ASSEMBLY KIT",9480SC,GENERAL ,9480SC,,EA,$486.00 ,1,0,0,,3,Total Tx Amt. $0.00
1, - MCKESSON,1122,,,O,$174.59 ,$0.00 ,2/14/2019,Jdav,2/18/2019,Jdav,229, - NDL HYPO 18X1.5, - NDL HYPO 18X1.5,1031789,IVS     ,1031789,,100/BX,$2.80 ,4,0,0,,6,Total Tx Amt. $0.00
1, - MCKESSON,1122,,,O,$174.59 ,$0.00 ,2/14/2019,Jdav,2/18/2019,Jdav,289, - BASIN URINAL 1QT, - BASIN URINAL 1QT,1020361,,1020361,,48/CS,$26.68 ,1,0,0,,6,Total Tx Amt. $0.00
1, - MCKESSON,1122,,,O,$174.59 ,$0.00 ,2/14/2019,Jdav,2/18/2019,Jdav,744, - Bair Hugger model62200, - Bair Hugger model62200,62200,,1045420,,10/CS,$69.61 ,1,0,0,,6,Total Tx Amt. $0.00
1, - MCKESSON,1122,,,O,$174.59 ,$0.00 ,2/14/2019,Jdav,2/18/2019,Jdav,136, - FLUID LR 1000ML, - FLUID LR 1000ML,515492,GENERAL ,515492,,14/CS,$31.21 ,1,0,0,,6,Total Tx Amt. $0.00
1, - MCKESSON,1122,,,O,$174.59 ,$0.00 ,2/14/2019,Jdav,2/18/2019,Jdav,768, - Baby Wipes Unscented, - Baby Wipes Unscented,WPWBABY72U,PACU    ,999737,,75/PK,$1.55 ,2,0,0,,6,Total Tx Amt. $0.00
1, - MCKESSON,1122,,,O,$174.59 ,$0.00 ,2/14/2019,Jdav,2/18/2019,Jdav,762, - Patient Belonging Bag, - Patient Belonging Bag,30421100,PACU    ,,,250/CS,$32.79 ,1,0,0,,6,Total Tx Amt. $0.00
27, - BESSE MEDICAL,1124,,,C,$162.80 ,$0.00 ,2/14/2019,Jdav,3/2/2019,Jdav,194, - MED LIDOCAINE 2% UROJECT 10ML, - MED LIDOCAINE 2% UROJECT 10ML,76329301305,GENERAL ,39644,,25/BX,$162.80 ,1,0,0,,1,Total Tx Amt. $0.00
11, - RICHARD WOLF,1136,2/28/2019,,O,"$1,220.00 ",$0.00 ,2/18/2019,Jdav,1/17/2020,Jdav,594, - SHARK/ S-LINE CUTTING ELECTRODE BIPO 24FR, - SHARK/ S-LINE CUTTING ELECTRODE BIPO 24FR,4622.1313,GENERAL ,4622.1313,,1/BX,"$1,220.00 ",1,0,0,,1,Total Tx Amt. $0.00
1, - MCKESSON,1147,,,O,$579.04 ,$0.00 ,2/20/2019,Jdav,2/20/2019,Jdav,629," - MED, MIDAZOLAM 1MG/1ML, 2ML"," - MED, MIDAZOLAM 1MG/1ML, 2ML",409230517,ANESTHE ,733635,,25/BX,$13.77 ,2,0,0,,7,Total Tx Amt. $0.00
1, - MCKESSON,1147,,,O,$579.04 ,$0.00 ,2/20/2019,Jdav,2/20/2019,Jdav,628," - MED, FENTANYL 0.05MG/ML, 2ML"," - MED, FENTANYL 0.05MG/ML, 2ML",,MEDS    ,368820,,25/BX,$16.44 ,2,0,0,,7,Total Tx Amt. $0.00
1, - MCKESSON,1147,,,O,$579.04 ,$0.00 ,2/20/2019,Jdav,2/20/2019,Jdav,621," - MED, BELLADONNA OPIUM SUPP"," - MED, BELLADONNA OPIUM SUPP",533096,MEDS    ,533096,,10/BX,$287.33 ,1,0,0,,7,Total Tx Amt. $0.00
1, - MCKESSON,1147,,,O,$579.04 ,$0.00 ,2/20/2019,Jdav,2/20/2019,Jdav,211, - MED PROPOFOL 20ML, - MED PROPOFOL 20ML,989562,IVSUPPLY,989562,,25/BX,$56.41 ,2,0,0,,7,Total Tx Amt. $0.00
1, - MCKESSON,1147,,,O,$579.04 ,$0.00 ,2/20/2019,Jdav,2/20/2019,Jdav,792, - PURELL HAND SANI 8OZ PUMP, - PURELL HAND SANI 8OZ PUMP,9652-12,DRESSING,281328,,12/BX,$23.63 ,2,0,0,,7,Total Tx Amt. $0.00
1, - MCKESSON,1147,,,O,$579.04 ,$0.00 ,2/20/2019,Jdav,2/20/2019,Jdav,793," - MEDS, HYDROCODONE 5-325MG"," - MEDS, HYDROCODONE 5-325MG",934650,MEDS    ,934650,,100/BX,$51.27 ,1,0,0,,7,Total Tx Amt. $0.00
1, - MCKESSON,1147,,,O,$579.04 ,$0.00 ,2/20/2019,Jdav,2/20/2019,Jdav,794," - MED, SILVADENE CREAM TUBE 20G"," - MED, SILVADENE CREAM TUBE 20G",61570013120,MEDS    ,234397,,EA,$9.97 ,2,0,0,,7,Total Tx Amt. $0.00
31, - NEOTRACT/ UROLIFT,1151,,,O,"$4,280.00 ",$0.00 ,2/25/2019,Jdav,,Jdav,799," - EQU, UROLIFT SCOPE, 2.9 0 DEG WITH SHEATH AND OB"," - EQU, UROLIFT SCOPE, 2.9 0 DEG WITH SHEATH AND OB",,,,,EA,"$2,140.00 ",2,0,0,,1,Total Tx Amt. $0.00
27, - BESSE MEDICAL,1154,,,O,$816.28 ,$0.00 ,2/25/2019,Jdav,3/2/2019,Jdav,184, - MED IMIPENEM 20ML, - MED IMIPENEM 20ML,989644,HSKPNG  ,10281,,25/BX,$816.28 ,1,0,0,,1,Total Tx Amt. $0.00
1, - MCKESSON,1155,,,O,$200.82 ,$0.00 ,2/25/2019,Jdav,2/25/2019,Jdav,211, - MED PROPOFOL 20ML, - MED PROPOFOL 20ML,989562,IVSUPPLY,989562,,25/BX,$56.41 ,2,0,0,,3,Total Tx Amt. $0.00
1, - MCKESSON,1155,,,O,$200.82 ,$0.00 ,2/25/2019,Jdav,2/25/2019,Jdav,162, - MED ANCEF 1G, - MED ANCEF 1G,1107414,GLV/MSK ,1073331,,25/BX,$33.99 ,2,0,0,,3,Total Tx Amt. $0.00
1, - MCKESSON,1155,,,O,$200.82 ,$0.00 ,2/25/2019,Jdav,2/25/2019,Jdav,728," - MED, LEVOFLOXACIN PO 500MG TAB"," - MED, LEVOFLOXACIN PO 500MG TAB",65862053750,MEDS    ,776021,,1/BT,$10.01 ,2,0,0,,3,Total Tx Amt. $0.00
27, - BESSE MEDICAL,1161,,,O,$21.26 ,$0.00 ,2/27/2019,Jdav,2/27/2019,Jdav,802," - MED, FAMOTIDINE 20MG/2ML, 2ML VIAL"," - MED, FAMOTIDINE 20MG/2ML, 2ML VIAL",00641-6022-25,ANESTHE ,48173,,25/BX,$21.26 ,1,0,0,,1,Total Tx Amt. $0.00
1, - MCKESSON,1163,,,O,$389.20 ,$0.00 ,2/27/2019,Jdav,2/27/2019,Jdav,803," - MED, ALBUTERL INHALER"," - MED, ALBUTERL INHALER",59310057922,ANESTHE ,830603,,EA,$77.84 ,5,0,0,,1,Total Tx Amt. $0.00
27, - BESSE MEDICAL,1178,,,O,$157.85 ,$0.00 ,3/4/2019,Jdav,3/4/2019,Jdav,811," - MED, HEPARIN 5000UNITS/ML, 1ML"," - MED, HEPARIN 5000UNITS/ML, 1ML",63323026201,ANESTHE ,11479,,25/BX,$25.85 ,1,0,0,,2,Total Tx Amt. $0.00
27, - BESSE MEDICAL,1178,,,O,$157.85 ,$0.00 ,3/4/2019,Jdav,3/4/2019,Jdav,168, - MED DECADRON 4MG/ML 1ML, - MED DECADRON 4MG/ML 1ML,63323016501,ANESTHE ,19790,,25/BX,$66.00 ,2,0,0,,2,Total Tx Amt. $0.00
1, - MCKESSON,1183,,,O,$102.22 ,$0.00 ,3/6/2019,Jdav,3/6/2019,Jdav,183, - MED IBUPROFEN 600MG TAB, - MED IBUPROFEN 600MG TAB,63739068410,PACU    ,901135,,1/BT,$10.77 ,1,0,0,,3,Total Tx Amt. $0.00
1, - MCKESSON,1183,,,O,$102.22 ,$0.00 ,3/6/2019,Jdav,3/6/2019,Jdav,149, - MED ACETOMINOPHEN 500MG, - MED ACETOMINOPHEN 500MG,555688,PACU    ,555688,,1/BT,$1.47 ,1,0,0,,3,Total Tx Amt. $0.00
1, - MCKESSON,1183,,,O,$102.22 ,$0.00 ,3/6/2019,Jdav,3/6/2019,Jdav,205, - MED NOREPINEPHRINE 4ML, - MED NOREPINEPHRINE 4ML,825249,ANESTHE ,825249,,10/CT,$89.98 ,1,0,0,,3,Total Tx Amt. $0.00
1, - MCKESSON,1185,,,O,$267.98 ,$0.00 ,3/7/2019,Jdav,3/7/2019,Jdav,211, - MED PROPOFOL 20ML, - MED PROPOFOL 20ML,989562,IVSUPPLY,989562,,25/BX,$56.41 ,2,0,0,,3,Total Tx Amt. $0.00
1, - MCKESSON,1185,,,O,$267.98 ,$0.00 ,3/7/2019,Jdav,3/7/2019,Jdav,819," - MED, ROCURONIUM BROMIDE 10MG/ML"," - MED, ROCURONIUM BROMIDE 10MG/ML",,ANESTHE ,989562,,10/BX,$37.08 ,2,0,0,,3,Total Tx Amt. $0.00
1, - MCKESSON,1185,,,O,$267.98 ,$0.00 ,3/7/2019,Jdav,3/7/2019,Jdav,162, - MED ANCEF 1G, - MED ANCEF 1G,1107414,GLV/MSK ,561268,,25/CT,$40.50 ,2,0,0,,3,Total Tx Amt. $0.00
2, - CARDINAL HEALTH,992,,,O,$183.73 ,$0.00 ,1/7/2019,Jdav,1/7/2019,Jdav,281, - SOCK SLIPPER ADULT XL, - SOCK SLIPPER ADULT XL,68125-GRY,,68125-GRY,,48/BX,$33.01 ,3,0,0,,3,Total Tx Amt. $0.00
2, - CARDINAL HEALTH,992,,,O,$183.73 ,$0.00 ,1/7/2019,Jdav,1/7/2019,Jdav,412, - SUTURE VICRYL 3-0 SH 27IN, - SUTURE VICRYL 3-0 SH 27IN,J416H,,J416H,,36/BX,$53.10 ,1,0,0,,3,Total Tx Amt. $0.00
2, - CARDINAL HEALTH,992,,,O,$183.73 ,$0.00 ,1/7/2019,Jbur,1/7/2019,Jdav,," - Lab coat, disposable"," - Lab coat, disposable",,,,,25/CS,$31.60 ,1,0,0,,3,Total Tx Amt. $0.00
11, - RICHARD WOLF,993,,,O,$276.00 ,$0.00 ,1/7/2019,Jbur,1/29/2019,Jdav,724," - STOPCOCK, RICHARD WOLF LUES LOCK CONNECTION"," - STOPCOCK, RICHARD WOLF LUES LOCK CONNECTION",884,STRL PRO,884,,EA,$69.00 ,4,0,0,,1,Total Tx Amt. $0.00
1, - MCKESSON,994,,,O,"$1,777.55 ",$0.00 ,1/7/2019,Jbur,1/7/2019,Jdav,, - Celerity 20 HP lcb044, - Celerity 20 HP lcb044,,,,,25/BX,$169.75 ,3,0,0,,3,Total Tx Amt. $0.00
1, - MCKESSON,994,,,O,"$1,777.55 ",$0.00 ,1/7/2019,Jbur,1/7/2019,Jdav,, - 3M Attest Rapid Read 1496V, - 3M Attest Rapid Read 1496V,,,,,24/CS,$169.75 ,2,0,0,,3,Total Tx Amt. $0.00
1, - MCKESSON,994,,,O,"$1,777.55 ",$0.00 ,1/7/2019,Jbur,1/7/2019,Jdav,, - Steris Vaprox HC, - Steris Vaprox HC,,,,,4/CS,$232.20 ,4,0,0,,3,Total Tx Amt. $0.00
27, - BESSE MEDICAL,1000,,,O,"$1,557.04 ",$0.00 ,1/9/2019,Jbur,1/29/2019,Jdav,, - Rifampin, - Rifampin,,,,,ea,$194.63 ,8,0,0,,1,Total Tx Amt. $0.00
2, - CARDINAL HEALTH,1001,,,O,"$1,519.86 ",$0.00 ,1/9/2019,Jbur,1/9/2019,Jbur,358, - MARKER SKIN WITH LABELS STER, - MARKER SKIN WITH LABELS STER,250GPRL-V,GENERAL ,250GPRL,,50/BX,$135.00 ,1,0,0,,11,Total Tx Amt. $0.00
2, - CARDINAL HEALTH,1001,,,O,"$1,519.86 ",$0.00 ,1/9/2019,Jbur,1/9/2019,Jbur,, - 3-oChromic 636H, - 3-oChromic 636H,,,,,12/BX,$88.02 ,1,0,0,,11,Total Tx Amt. $0.00
2, - CARDINAL HEALTH,1001,,,O,"$1,519.86 ",$0.00 ,1/9/2019,Jbur,1/9/2019,Jbur,669," - PREP, CLIPPER SURGICAL HEAD"," - PREP, CLIPPER SURGICAL HEAD",CAH4406D,PREP    ,CAH4406D,,25/BX,$126.60 ,2,0,0,,11,Total Tx Amt. $0.00
2, - CARDINAL HEALTH,1001,,,O,"$1,519.86 ",$0.00 ,1/9/2019,Jbur,1/9/2019,Jbur,103, - GLOVE PROTEXIS PI 8 LATEX FREE, - GLOVE PROTEXIS PI 8 LATEX FREE,2D72PT80X,GENERAL ,,,50/BX,$89.45 ,1,0,0,,11,Total Tx Amt. $0.00
2, - CARDINAL HEALTH,1001,,,O,"$1,519.86 ",$0.00 ,1/9/2019,Jbur,1/9/2019,Jbur,298, - PREP TRAY IODINE STERILE, - PREP TRAY IODINE STERILE,Nov-08,,Nov-08,,20/CS,$77.40 ,1,0,0,,11,Total Tx Amt. $0.00
2, - CARDINAL HEALTH,1001,,,O,"$1,519.86 ",$0.00 ,1/9/2019,wbra,1/9/2019,wbra,542, - DRP PACK MINOR PROCEDURE, - DRP PACK MINOR PROCEDURE,SPP99MN7AA,DRAPE   ,SPP99MN7AA,,1/CS,$105.35 ,2,0,0,,11,Total Tx Amt. $0.00
2, - CARDINAL HEALTH,1001,,,O,"$1,519.86 ",$0.00 ,1/9/2019,wbra,1/9/2019,wbra,106, - GOWN XLARGE, - GOWN XLARGE,9545,GENERAL ,9545,,20/CS,$44.88 ,1,0,0,,11,Total Tx Amt. $0.00
2, - CARDINAL HEALTH,1001,,,O,"$1,519.86 ",$0.00 ,1/9/2019,wbra,1/9/2019,wbra,684," - GOWN, LG AAMI 4 SMART SLEEVE (LEVINE)"," - GOWN, LG AAMI 4 SMART SLEEVE (LEVINE)",9011,GENERAL ,9011,,20/CS,$56.19 ,1,0,0,,11,Total Tx Amt. $0.00
2, - CARDINAL HEALTH,1001,,,O,"$1,519.86 ",$0.00 ,1/9/2019,wbra,1/9/2019,wbra,70, - GLOVE EXAM LARGE NITRILE, - GLOVE EXAM LARGE NITRILE,88TN04L,GENERAL ,,,10/CS,$87.50 ,1,0,0,,11,Total Tx Amt. $0.00
2, - CARDINAL HEALTH,1001,,,O,"$1,519.86 ",$0.00 ,1/9/2019,wbra,1/9/2019,wbra,134, - IV START KIT, - IV START KIT,01-9000A,GENERAL ,01-9000A,,100/CS,$100.00 ,1,0,0,,11,Total Tx Amt. $0.00
2, - CARDINAL HEALTH,1001,,,O,"$1,519.86 ",$0.00 ,1/9/2019,wbra,1/9/2019,wbra,, - IV administratrion set, - IV administratrion set,,,,,50/CS,$377.52 ,1,0,0,,11,Total Tx Amt. $0.00
1, - MCKESSON,1002,,,O,$817.83 ,$0.00 ,1/9/2019,wbra,1/9/2019,wbra,151, - FLUID WATER 3000ML, - FLUID WATER 3000ML,200388,GLV/MSK ,200388,,4/CS,$65.47 ,3,0,0,,8,Total Tx Amt. $0.00
1, - MCKESSON,1002,,,O,$817.83 ,$0.00 ,1/9/2019,wbra,1/9/2019,wbra,140, - FLUID NACL 3000ML, - FLUID NACL 3000ML,230132,GENERAL ,230132,,4/CS,$66.57 ,3,0,0,,8,Total Tx Amt. $0.00
1, - MCKESSON,1002,,,O,$817.83 ,$0.00 ,1/9/2019,wbra,1/9/2019,wbra,158, - MED BACI OINT, - MED BACI OINT,867537,GLV/MSK ,867537,,100/BX,$9.65 ,1,0,0,,8,Total Tx Amt. $0.00
1, - MCKESSON,1002,,,O,$817.83 ,$0.00 ,1/9/2019,wbra,1/9/2019,wbra,144, - SUT SKIN ADHESIVE, - SUT SKIN ADHESIVE,122-LBX,SUTURE  ,122-LBX,,10/CS,$186.84 ,2,0,0,,8,Total Tx Amt. $0.00
1, - MCKESSON,1002,,,O,$817.83 ,$0.00 ,1/9/2019,wbra,1/9/2019,wbra,, - White board cleaner, - White board cleaner,,,,,EA,$3.34 ,2,0,0,,8,Total Tx Amt. $0.00
1, - MCKESSON,1002,,,O,$817.83 ,$0.00 ,1/9/2019,wbra,1/9/2019,wbra,, - 3ml Syringe, - 3ml Syringe,,,,,100/BX,$4.40 ,1,0,0,,8,Total Tx Amt. $0.00
1, - MCKESSON,1002,,,O,$817.83 ,$0.00 ,1/9/2019,wbra,1/9/2019,wbra,, - 10ml Syringe, - 10ml Syringe,,,,,100/BX,$7.50 ,1,0,0,,8,Total Tx Amt. $0.00
1, - MCKESSON,1002,,,O,$817.83 ,$0.00 ,1/9/2019,wbra,1/9/2019,wbra,, - 20ml Syringe, - 20ml Syringe,,,,,100/BX,$19.80 ,1,0,0,,8,Total Tx Amt. $0.00
3, - BOSTON SCIENTIFIC,1003,,,O,"$1,123.98 ",$0.00 ,1/9/2019,wbra,1/29/2019,wbra,446, - BOSTON SCI WIRE GUIDE SENSOR .035 STR, - BOSTON SCI WIRE GUIDE SENSOR .035 STR,M0066703081,GENERAL ,M0066703081,,5/BX,$374.66 ,3,0,0,,1,Total Tx Amt. $0.00
4, - COOK MEDICAL,1005,,,O,$839.46 ,$0.00 ,1/9/2019,wbra,1/9/2019,wbra,459, - COOK URETERAL STENT FIRM UNIVERSA, - COOK URETERAL STENT FIRM UNIVERSA,G23406,GENERAL ,G23406,,EA,$49.50 ,4,0,0,,3,Total Tx Amt. $0.00
4, - COOK MEDICAL,1005,,,O,$839.46 ,$0.00 ,1/9/2019,wbra,1/9/2019,wbra,439, - COOK TIPLESS STONE EXTRACTOR 2.2 x 115, - COOK TIPLESS STONE EXTRACTOR 2.2 x 115,G18778,GENERAL ,G18778,,EA,$174.00 ,3,0,0,,3,Total Tx Amt. $0.00
4, - COOK MEDICAL,1005,,,O,$839.46 ,$0.00 ,1/9/2019,wbra,1/9/2019,wbra,, - Flexi-Tip dual lumen ureteral access catheter, - Flexi-Tip dual lumen ureteral access catheter,,,,,EA,$39.82 ,3,0,0,,3,Total Tx Amt. $0.00
14, - BARD,1006,,,O,$38.40 ,$0.00 ,1/9/2019,wbra,1/29/2019,wbra,, - 16 Fr 2 way 5cc Foley Catheter, - 16 Fr 2 way 5cc Foley Catheter,,,,,12/BX,$38.40 ,1,0,0,,1,Total Tx Amt. $0.00
14, - BARD,1007,,,O,$540.00 ,$0.00 ,1/9/2019,wbra,1/29/2019,wbra,224, - NDL BIOPSY MAX CORE, - NDL BIOPSY MAX CORE,MC1825,IVSUPPLY,MC1825,,5/BX,$90.00 ,6,0,0,,1,Total Tx Amt. $0.00
17, - HEALTHTRONICS MOBILE SOLUTIONS,1008,,,O,$490.00 ,$0.00 ,1/10/2019,wbra,1/29/2019,wbra,530, - LASER FIBER HO 272 SINGLE USE, - LASER FIBER HO 272 SINGLE USE,95448,GENERAL ,272,,EA,$125.00 ,2,0,0,,2,Total Tx Amt. $0.00
17, - HEALTHTRONICS MOBILE SOLUTIONS,1008,,,O,$490.00 ,$0.00 ,1/10/2019,wbra,1/29/2019,wbra,533, - LASER FIBER HO 940 SINGLE USE, - LASER FIBER HO 940 SINGLE USE,95196,GENERAL ,940,,EA,$240.00 ,1,0,0,,2,Total Tx Amt. $0.00
1, - MCKESSON,1009,1/11/2019,,O,"$1,711.76 ",$0.00 ,1/10/2019,wbra,1/11/2019,wbra,," - co2 water trap, p/n 524187"," - co2 water trap, p/n 524187",,,,,10/BX,$218.47 ,1,0,0,,11,Total Tx Amt. $0.00
1, - MCKESSON,1009,1/11/2019,,O,"$1,711.76 ",$0.00 ,1/10/2019,wbra,1/11/2019,wbra,, - Face mask light wit ties, - Face mask light wit ties,,,,,50/BX,$3.97 ,1,0,0,,11,Total Tx Amt. $0.00
1, - MCKESSON,1009,1/11/2019,,O,"$1,711.76 ",$0.00 ,1/10/2019,wbra,1/11/2019,wbra,, - Endo caviity balloon 565003, - Endo caviity balloon 565003,,,,,10/BX,$428.53 ,2,0,0,,11,Total Tx Amt. $0.00
1, - MCKESSON,1009,1/11/2019,,O,"$1,711.76 ",$0.00 ,1/10/2019,wbra,1/11/2019,wbra,, - Instant Hot pack 520561, - Instant Hot pack 520561,,,,,24/CS,$14.04 ,1,0,0,,11,Total Tx Amt. $0.00
1, - MCKESSON,1009,1/11/2019,,O,"$1,711.76 ",$0.00 ,1/10/2019,wbra,1/11/2019,wbra,, - Instant cold compress 476731, - Instant cold compress 476731,,,,,24/CS,$7.71 ,1,0,0,,11,Total Tx Amt. $0.00
1, - MCKESSON,1009,1/11/2019,,O,"$1,711.76 ",$0.00 ,1/10/2019,wbra,1/11/2019,wbra,, - lase plume face mask 815488, - lase plume face mask 815488,,,,,50/BX,$53.30 ,1,0,0,,11,Total Tx Amt. $0.00
1, - MCKESSON,1009,1/11/2019,,O,"$1,711.76 ",$0.00 ,1/10/2019,wbra,1/11/2019,wbra,, - Bair Hugger model 62200, - Bair Hugger model 62200,,,,,10/CS,$69.61 ,2,0,0,,11,Total Tx Amt. $0.00
1, - MCKESSON,1009,1/11/2019,,O,"$1,711.76 ",$0.00 ,1/10/2019,wbra,1/11/2019,wbra,, - Chiba neelde 20 ga CNM-2008, - Chiba neelde 20 ga CNM-2008,,,,,10/BX,$81.23 ,2,0,0,,11,Total Tx Amt. $0.00
1, - MCKESSON,1009,1/11/2019,,O,"$1,711.76 ",$0.00 ,1/10/2019,wbra,1/11/2019,wbra,, - Drain bag for table 874157, - Drain bag for table 874157,,,,,20/CS,$144.88 ,1,0,0,,11,Total Tx Amt. $0.00
1, - MCKESSON,1009,1/11/2019,,O,"$1,711.76 ",$0.00 ,1/10/2019,wbra,1/11/2019,wbra,, - sodium flush syringe 472080, - sodium flush syringe 472080,,,,,1800/CS,$70.27 ,1,0,0,this item is preservative free,11,Total Tx Amt. $0.00
1, - MCKESSON,1009,1/11/2019,,O,"$1,711.76 ",$0.00 ,1/10/2019,wbra,1/11/2019,wbra,, - Non sterile 4 x 4 sponge 440343, - Non sterile 4 x 4 sponge 440343,,,,,20/CS,$40.38 ,1,0,0,,11,Total Tx Amt. $0.00
11, - RICHARD WOLF,1010,1/11/2019,,O,$48.00 ,$0.00 ,1/11/2019,wbra,1/29/2019,wbra,, - Wold Luer Lok sealing cap, - Wold Luer Lok sealing cap,,,,,EA,$9.60 ,5,0,0,,1,Total Tx Amt. $0.00
2, - CARDINAL HEALTH,1011,1/11/2019,,O,"$1,033.21 ",$0.00 ,1/11/2019,wbra,1/11/2019,wbra,32, - DRAPE SURGICAL LEGGINGS, - DRAPE SURGICAL LEGGINGS,8421,DRAPE   ,,,20/CS,$43.60 ,1,0,0,,7,Total Tx Amt. $0.00
2, - CARDINAL HEALTH,1011,1/11/2019,,O,"$1,033.21 ",$0.00 ,1/11/2019,wbra,1/11/2019,wbra,71, - GLOVE EXAM SMALL NITRILE, - GLOVE EXAM SMALL NITRILE,88TN02S,GENERAL ,88TN02S,,10/CS,$87.80 ,1,0,0,,7,Total Tx Amt. $0.00
2, - CARDINAL HEALTH,1011,1/11/2019,,O,"$1,033.21 ",$0.00 ,1/11/2019,wbra,1/11/2019,wbra,351, - CAUTERY PAD GROUND ADULT 10FT CONMED, - CAUTERY PAD GROUND ADULT 10FT CONMED,22-ESREC,,410-2000A,,25/BX,$98.05 ,1,0,0,,7,Total Tx Amt. $0.00
2, - CARDINAL HEALTH,1011,1/11/2019,,O,"$1,033.21 ",$0.00 ,1/11/2019,wbra,1/11/2019,wbra,101, - GLOVE PROTEXIS PI 7 LATEX FREE, - GLOVE PROTEXIS PI 7 LATEX FREE,2D72PT70X,GENERAL ,,,50/BX,$89.45 ,1,0,0,,7,Total Tx Amt. $0.00
2, - CARDINAL HEALTH,1011,1/11/2019,,O,"$1,033.21 ",$0.00 ,1/11/2019,wbra,1/11/2019,wbra,, - IV extension tube p/n 2n3349, - IV extension tube p/n 2n3349,,,,,50/CS,$102.50 ,1,0,0,,7,Total Tx Amt. $0.00
2, - CARDINAL HEALTH,1011,1/11/2019,,O,"$1,033.21 ",$0.00 ,1/11/2019,wbra,1/11/2019,wbra,, - i-gel 3  p/n l8203030, - i-gel 3  p/n l8203030,,,,,25/CS,$520.33 ,1,0,0,,7,Total Tx Amt. $0.00
2, - CARDINAL HEALTH,1011,1/11/2019,,O,"$1,033.21 ",$0.00 ,1/11/2019,wbra,1/11/2019,wbra,, - Ultra Sound Probe covers, - Ultra Sound Probe covers,,,,,100/BX,$91.48 ,1,0,0,,7,Total Tx Amt. $0.00
23, - COLOPLAST,1012,,,O,$711.00 ,$0.00 ,1/11/2019,wbra,1/29/2019,wbra,653," - SLING, FEMALE, SUPRIS RETROPUBIC KIT"," - SLING, FEMALE, SUPRIS RETROPUBIC KIT",93-4450,GENERAL ,93-4450,,EA,$711.00 ,1,0,0,,1,Total Tx Amt. $0.00
1, - MCKESSON,1013,,,O,$221.44 ,$0.00 ,1/11/2019,wbra,1/11/2019,wbra,," - Sod Chl, IVSOL 0.9% 250 ML"," - Sod Chl, IVSOL 0.9% 250 ML",,,,,30/CS,$96.72 ,2,0,0,,2,Total Tx Amt. $0.00
1, - MCKESSON,1013,,,O,$221.44 ,$0.00 ,1/11/2019,wbra,1/11/2019,wbra,, - 18GA X 1 1/2 HYPO, - 18GA X 1 1/2 HYPO,,,,,10/CS,$28.00 ,1,0,0,,2,Total Tx Amt. $0.00
4, - COOK MEDICAL,1015,,,O,$271.92 ,$0.00 ,1/11/2019,wbra,1/11/2019,wbra,465, - COOK OPEN-END URETERAL CATH 5Fr, - COOK OPEN-END URETERAL CATH 5Fr,G14274,GENERAL ,G14274,,EA,$90.64 ,3,0,0,,1,Total Tx Amt. $0.00
1, - MCKESSON,1016,,,O,$125.67 ,$0.00 ,1/14/2019,wbra,1/14/2019,wbra,622, - TEST STRIP BLD GLUCOSE, - TEST STRIP BLD GLUCOSE,960298,PACU    ,960298,,100/BX,$26.25 ,1,0,0,,3,Total Tx Amt. $0.00
1, - MCKESSON,1016,,,O,$125.67 ,$0.00 ,1/14/2019,wbra,1/14/2019,wbra,, - STERILE BOWL 32 oz, - STERILE BOWL 32 oz,,,,,25/BX,$45.98 ,1,0,0,,3,Total Tx Amt. $0.00
1, - MCKESSON,1016,,,O,$125.67 ,$0.00 ,1/14/2019,wbra,1/14/2019,wbra,301, - FLUID WATER 1000ML, - FLUID WATER 1000ML,14045,GENERAL ,14045,,12/CS,$26.72 ,2,0,0,,3,Total Tx Amt. $0.00
2, - CARDINAL HEALTH,1017,,,O,$275.55 ,$0.00 ,1/14/2019,wbra,1/14/2019,wbra,74, - GLOVE EXAM MEDIUM NITRILE, - GLOVE EXAM MEDIUM NITRILE,88TN03M,GENERAL ,88TN03M,,1/CS,$87.80 ,1,0,0,,4,Total Tx Amt. $0.00
2, - CARDINAL HEALTH,1017,,,O,$275.55 ,$0.00 ,1/14/2019,wbra,1/14/2019,wbra,372, - DRAPE TOWEL SURGICAL 4PK BLUE, - DRAPE TOWEL SURGICAL 4PK BLUE,28700-004,DRAPE   ,28700-004,,1/CS,$37.00 ,2,0,0,,4,Total Tx Amt. $0.00
2, - CARDINAL HEALTH,1017,,,O,$275.55 ,$0.00 ,1/14/2019,wbra,1/14/2019,wbra,39, - DRAPE MAYO STAND COVER, - DRAPE MAYO STAND COVER,8337,DRAPE   ,,,30/CS,$25.95 ,1,0,0,,4,Total Tx Amt. $0.00
2, - CARDINAL HEALTH,1017,,,O,$275.55 ,$0.00 ,1/14/2019,wbra,1/14/2019,wbra,99, - GLOVE PROTEXIS PI 6 LATEX FREE, - GLOVE PROTEXIS PI 6 LATEX FREE,2D72PT60X,GENERAL ,2D72PT60X,,50/BX,$87.80 ,1,0,0,,4,Total Tx Amt. $0.00
14, - BARD,1018,,,O,$450.00 ,$0.00 ,1/14/2019,wbra,1/29/2019,wbra,224, - NDL BIOPSY MAX CORE, - NDL BIOPSY MAX CORE,MC1825,IVSUPPLY,MC1825,,5/BX,$90.00 ,5,0,0,,1,Total Tx Amt. $0.00
3, - BOSTON SCIENTIFIC,1019,,,O,$197.65 ,$0.00 ,1/14/2019,wbra,1/29/2019,wbra,579," - BOSTON SCI, NAVIGATOR HD 11/13FR 46CM"," - BOSTON SCI, NAVIGATOR HD 11/13FR 46CM",M0062502230,GENERAL ,M0062502230,,EA,$197.65 ,1,0,0,,1,Total Tx Amt. $0.00
1, - MCKESSON,1020,,,O,$879.20 ,$0.00 ,1/14/2019,wbra,1/14/2019,wbra,, - Mitomycin 25 mg Item, - Mitomycin 25 mg Item,,,,,ea,$439.60 ,2,0,0,"Mitomycin 20 mg  x2      Mckesson item #725642   $439.60 ea

Rosa


conf # 24672474725641",1,Total Tx Amt. $0.00
1, - MCKESSON,1021,1/16/2019,1/18/2019,O,$751.70 ,$0.00 ,1/15/2019,wbra,1/16/2019,wbra,38, - DRAPE IOBAN 23X17, - DRAPE IOBAN 23X17,M6650EZ,DRAPE   ,401845,,10/BX,$55.55 ,1,0,0,,11,Total Tx Amt. $0.00
1, - MCKESSON,1021,1/16/2019,1/18/2019,O,$751.70 ,$0.00 ,1/15/2019,wbra,1/16/2019,wbra,," - Mask, face light with ties p/n 206484"," - Mask, face light with ties p/n 206484",,,,,250/BG,$23.81 ,1,0,0,,11,Total Tx Amt. $0.00
1, - MCKESSON,1021,1/16/2019,1/18/2019,O,$751.70 ,$0.00 ,1/15/2019,wbra,1/16/2019,wbra,, - Blood pressure hose Passport2, - Blood pressure hose Passport2,,,,,EA,$29.29 ,2,0,0,hose part # 540763,11,Total Tx Amt. $0.00
1, - MCKESSON,1021,1/16/2019,1/18/2019,O,$751.70 ,$0.00 ,1/15/2019,wbra,1/16/2019,wbra,, - Sodium Chloride 0.9% 250 ml bag, - Sodium Chloride 0.9% 250 ml bag,,,,,30/CS,$96.72 ,1,0,0,,11,Total Tx Amt. $0.00
1, - MCKESSON,1021,1/16/2019,1/18/2019,O,$751.70 ,$0.00 ,1/15/2019,wbra,1/16/2019,wbra,, - 18ga x 1 1/2 needle 1031789, - 18ga x 1 1/2 needle 1031789,,,,,100/BX,$2.80 ,1,0,0,,11,Total Tx Amt. $0.00
1, - MCKESSON,1021,1/16/2019,1/18/2019,O,$751.70 ,$0.00 ,1/15/2019,wbra,1/16/2019,wbra,, - AliGel Arm Board Pad, - AliGel Arm Board Pad,,,,,EA,$109.64 ,2,0,0,,11,Total Tx Amt. $0.00
1, - MCKESSON,1021,1/16/2019,1/18/2019,O,$751.70 ,$0.00 ,1/15/2019,wbra,1/16/2019,wbra,," - positioner, foam donut  item 724301"," - positioner, foam donut  item 724301",,,,,30/CS,$78.23 ,1,0,0,,11,Total Tx Amt. $0.00
1, - MCKESSON,1021,1/16/2019,1/18/2019,O,$751.70 ,$0.00 ,1/15/2019,wbra,1/16/2019,wbra,151, - FLUID WATER 3000ML, - FLUID WATER 3000ML,200388,GLV/MSK ,200388,,4/CS,$33.78 ,4,0,0,,11,Total Tx Amt. $0.00
1, - MCKESSON,1021,1/16/2019,1/18/2019,O,$751.70 ,$0.00 ,1/15/2019,wbra,1/16/2019,wbra,301, - FLUID WATER 1000ML, - FLUID WATER 1000ML,14045,GENERAL ,14045,,12/CS,$25.71 ,1,0,0,,11,Total Tx Amt. $0.00
1, - MCKESSON,1021,1/16/2019,1/18/2019,O,$751.70 ,$0.00 ,1/15/2019,wbra,1/16/2019,wbra,, - Chemotherapy 18 gl sharps container, - Chemotherapy 18 gl sharps container,,,,,EA,$16.26 ,1,0,0,,11,Total Tx Amt. $0.00
1, - MCKESSON,1021,1/16/2019,1/18/2019,O,$751.70 ,$0.00 ,1/15/2019,wbra,1/16/2019,wbra,," - Fluid =-resistant Coveral, XL"," - Fluid =-resistant Coveral, XL",,,,,25/CS,$39.64 ,1,0,0,,11,Total Tx Amt. $0.00
2, - CARDINAL HEALTH,1022,1/16/2019,1/18/2019,O,"$1,433.91 ",$143.03 ,1/15/2019,wbra,3/2/2019,wbra,556, - GLOVE DURAPRENE PF LF 7, - GLOVE DURAPRENE PF LF 7,2D73DP70,GLV/MSK ,2D73DP70,,50/BX,$62.50 ,1,0,0,,9,Total Tx Amt. $143.03
2, - CARDINAL HEALTH,1022,1/16/2019,1/18/2019,O,"$1,433.91 ",$143.03 ,1/15/2019,wbra,3/2/2019,wbra,542, - DRP PACK MINOR PROCEDURE, - DRP PACK MINOR PROCEDURE,SPP99MN7AA,DRAPE   ,SPP99MN7AA,,1/CS,$105.35 ,2,0,0,,9,Total Tx Amt. $143.03
2, - CARDINAL HEALTH,1022,1/16/2019,1/18/2019,O,"$1,433.91 ",$143.03 ,1/15/2019,wbra,3/2/2019,wbra,298, - PREP TRAY IODINE STERILE, - PREP TRAY IODINE STERILE,Nov-08,,Nov-08,,20/CS,$77.25 ,1,0,0,,9,Total Tx Amt. $143.03
2, - CARDINAL HEALTH,1022,1/16/2019,1/18/2019,O,"$1,433.91 ",$143.03 ,1/15/2019,wbra,3/2/2019,wbra,684," - GOWN, LG AAMI 4 SMART SLEEVE (LEVINE)"," - GOWN, LG AAMI 4 SMART SLEEVE (LEVINE)",9011,GENERAL ,9011,,20/CS,$56.19 ,1,0,0,,9,Total Tx Amt. $143.03
2, - CARDINAL HEALTH,1022,1/16/2019,1/18/2019,O,"$1,433.91 ",$143.03 ,1/15/2019,wbra,3/2/2019,wbra,, - IV ADMINISTRATION SET P/N 352899, - IV ADMINISTRATION SET P/N 352899,,,,,50/CS,$377.52 ,2,0,0,,9,Total Tx Amt. $143.03
2, - CARDINAL HEALTH,1022,1/16/2019,1/18/2019,O,"$1,433.91 ",$143.03 ,1/15/2019,wbra,3/2/2019,wbra,773," - SUPP, TUBING, CYSTO"," - SUPP, TUBING, CYSTO",V4608-20,GENERAL ,2C4005,3/2/2019,1/CS,$143.03 ,1,1,0,7095193010,9,Total Tx Amt. $143.03
2, - CARDINAL HEALTH,1022,1/16/2019,1/18/2019,O,"$1,433.91 ",$143.03 ,1/15/2019,wbra,3/2/2019,wbra,108, - HAND SCRUB SURGICAL BRUSH CHG 4%, - HAND SCRUB SURGICAL BRUSH CHG 4%,371073,GENERAL ,371073,,30/BX,$42.27 ,1,0,0,,9,Total Tx Amt. $143.03
2, - CARDINAL HEALTH,1022,1/16/2019,1/18/2019,O,"$1,433.91 ",$143.03 ,1/15/2019,wbra,3/2/2019,wbra,662," - MASK, SURGICAL FILTER GREEN"," - MASK, SURGICAL FILTER GREEN",375251,GLV/MSK ,375251,,1/CS,$41.08 ,1,0,0,,9,Total Tx Amt. $143.03
2, - CARDINAL HEALTH,1022,1/16/2019,1/18/2019,O,"$1,433.91 ",$143.03 ,1/15/2019,wbra,3/2/2019,wbra,106, - GOWN XLARGE, - GOWN XLARGE,9545,GENERAL ,9545,,20/CS,$45.85 ,1,0,0,,9,Total Tx Amt. $143.03
24, - CIVCO,1023,,,O,$399.00 ,$0.00 ,1/16/2019,wbra,1/29/2019,wbra,610," - BRACHY, ENDOCAVITY BALLOON"," - BRACHY, ENDOCAVITY BALLOON",610-898,GENERAL ,610-898,,10/BX,$399.00 ,1,0,0,,1,Total Tx Amt. $0.00
19, - STRAND DX,1024,,1/23/2019,O,$0.02 ,$0.00 ,1/16/2019,wbra,1/16/2019,wbra,563," - BIOPSY KIT, KNOW ERROR"," - BIOPSY KIT, KNOW ERROR",KIT,GENERAL ,KIT,,12/BX,$0.01 ,2,0,0,,1,Total Tx Amt. $0.00
15, - TELEFLEX/ARROW,1025,,,O,$270.00 ,$0.00 ,1/16/2019,wbra,1/16/2019,wbra,518, - ANES LMA 4 UNIQUE, - ANES LMA 4 UNIQUE,105200-000040,ANESTHE ,105200-000040,,10/BX,$135.00 ,2,0,0,,1,Total Tx Amt. $0.00
1, - MCKESSON,1026,,,O,$29.85 ,$0.00 ,1/16/2019,wbra,1/16/2019,wbra,, - Ampicillin and Sulbactam 3gr single dose, - Ampicillin and Sulbactam 3gr single dose,,,,,10/BX,$29.85 ,1,0,0,,1,Total Tx Amt. $0.00
1, - MCKESSON,1027,1/21/2019,,O,"$3,764.99 ",$0.00 ,1/16/2019,wbra,1/21/2019,wbra,, - Sterile 32oz bowls  P/n 234181, - Sterile 32oz bowls  P/n 234181,,,,,50/CS,$36.92 ,2,0,0,,22,Total Tx Amt. $0.00
1, - MCKESSON,1027,1/21/2019,,O,"$3,764.99 ",$0.00 ,1/16/2019,wbra,1/21/2019,wbra,," - Anes F2 Circut, with Bag"," - Anes F2 Circut, with Bag",,,,,30/CS,$153.72 ,2,0,0,,22,Total Tx Amt. $0.00
1, - MCKESSON,1027,1/21/2019,,O,"$3,764.99 ",$0.00 ,1/16/2019,wbra,1/21/2019,wbra,," - Adult Large Mask, P/N 854706"," - Adult Large Mask, P/N 854706",,,,,EA,$1.56 ,3,0,0,,22,Total Tx Amt. $0.00
1, - MCKESSON,1027,1/21/2019,,O,"$3,764.99 ",$0.00 ,1/16/2019,wbra,1/21/2019,wbra,603, - DISINFECT CAVICIDE 1 MIN SURFACE CLEANER, - DISINFECT CAVICIDE 1 MIN SURFACE CLEANER,13-5024,HSKPNG  ,803720,,12/BX,$67.86 ,1,0,0,,22,Total Tx Amt. $0.00
1, - MCKESSON,1027,1/21/2019,,O,"$3,764.99 ",$0.00 ,1/16/2019,wbra,1/21/2019,wbra,, - Fade-A-Dyne 11 Mckesson P/N 861653, - Fade-A-Dyne 11 Mckesson P/N 861653,,,,,EA,$11.86 ,4,0,0,,22,Total Tx Amt. $0.00
1, - MCKESSON,1027,1/21/2019,,O,"$3,764.99 ",$0.00 ,1/16/2019,wbra,1/21/2019,wbra,, - Versed Lables org p/n 173564, - Versed Lables org p/n 173564,,,,,EA,$3.38 ,5,0,0,,22,Total Tx Amt. $0.00
1, - MCKESSON,1027,1/21/2019,,O,"$3,764.99 ",$0.00 ,1/16/2019,wbra,1/21/2019,wbra,, - Lidocaine Lables gr;y  p/n 173553, - Lidocaine Lables gr;y  p/n 173553,,,,,ea,$3.38 ,5,0,0,,22,Total Tx Amt. $0.00
1, - MCKESSON,1027,1/21/2019,,O,"$3,764.99 ",$0.00 ,1/16/2019,wbra,1/21/2019,wbra,, - Fentanyl Lables blu p/n 173551, - Fentanyl Lables blu p/n 173551,,,,,EA,$3.38 ,5,0,0,,22,Total Tx Amt. $0.00
1, - MCKESSON,1027,1/21/2019,,O,"$3,764.99 ",$0.00 ,1/16/2019,wbra,1/21/2019,wbra,, - Ephedrine Labels vilote p/n 173550, - Ephedrine Labels vilote p/n 173550,,,,,EA,$3.38 ,5,0,0,,22,Total Tx Amt. $0.00
1, - MCKESSON,1027,1/21/2019,,O,"$3,764.99 ",$0.00 ,1/16/2019,wbra,1/21/2019,wbra,," - Inatrocan Saftey IV CCatheter 20ga x 1"""," - Inatrocan Saftey IV CCatheter 20ga x 1""",,,,,1/CS,$351.54 ,1,0,0,,22,Total Tx Amt. $0.00
1, - MCKESSON,1027,1/21/2019,,O,"$3,764.99 ",$0.00 ,1/16/2019,wbra,1/21/2019,wbra,151, - FLUID WATER 3000ML, - FLUID WATER 3000ML,200388,GLV/MSK ,200388,,4/CS,$32.56 ,4,0,0,,22,Total Tx Amt. $0.00
1, - MCKESSON,1027,1/21/2019,,O,"$3,764.99 ",$0.00 ,1/16/2019,wbra,1/21/2019,wbra,, - 20 cc syringe  p/n 1031802, - 20 cc syringe  p/n 1031802,,,,,100/BX,$19.80 ,2,0,0,,22,Total Tx Amt. $0.00
1, - MCKESSON,1027,1/21/2019,,O,"$3,764.99 ",$0.00 ,1/16/2019,wbra,1/21/2019,wbra,, - 10 cc syringe p/n 1031801, - 10 cc syringe p/n 1031801,,,,,100/BX,$7.50 ,2,0,0,,22,Total Tx Amt. $0.00
1, - MCKESSON,1027,1/21/2019,,O,"$3,764.99 ",$0.00 ,1/16/2019,wbra,1/21/2019,wbra,, - 3 cc syringe  p/n 1031804, - 3 cc syringe  p/n 1031804,,,,,100/BX,$4.40 ,4,0,0,,22,Total Tx Amt. $0.00
1, - MCKESSON,1027,1/21/2019,,O,"$3,764.99 ",$0.00 ,1/16/2019,wbra,1/21/2019,wbra,151, - FLUID WATER 3000ML, - FLUID WATER 3000ML,200388,GLV/MSK ,200388,,4/CS,$32.56 ,4,0,0,,22,Total Tx Amt. $0.00
1, - MCKESSON,1027,1/21/2019,,O,"$3,764.99 ",$0.00 ,1/16/2019,wbra,1/21/2019,wbra,, - Sevoflurane p/n 937614, - Sevoflurane p/n 937614,,,,,6/CS,"$1,008.58 ",2,0,0,,22,Total Tx Amt. $0.00
1, - MCKESSON,1027,1/21/2019,,O,"$3,764.99 ",$0.00 ,1/16/2019,wbra,1/21/2019,wbra,140, - FLUID NACL 3000ML, - FLUID NACL 3000ML,230132,GENERAL ,230132,,4/CS,$34.32 ,4,0,0,,22,Total Tx Amt. $0.00
1, - MCKESSON,1027,1/21/2019,,O,"$3,764.99 ",$0.00 ,1/16/2019,wbra,1/21/2019,wbra,301, - FLUID WATER 1000ML, - FLUID WATER 1000ML,14045,GENERAL ,14045,,12/CS,$25.71 ,4,0,0,,22,Total Tx Amt. $0.00
1, - MCKESSON,1027,1/21/2019,,O,"$3,764.99 ",$0.00 ,1/16/2019,wbra,1/21/2019,wbra,," - Underpad, 30 x 30 p/n 724049"," - Underpad, 30 x 30 p/n 724049",,,,,150/BX,$27.02 ,1,0,0,,22,Total Tx Amt. $0.00
1, - MCKESSON,1027,1/21/2019,,O,"$3,764.99 ",$0.00 ,1/16/2019,wbra,1/21/2019,wbra,142, - FLUID NACL 1000ML, - FLUID NACL 1000ML,515490,GENERAL ,515490,,14/CS,$29.99 ,3,0,0,,22,Total Tx Amt. $0.00
1, - MCKESSON,1027,1/21/2019,,O,"$3,764.99 ",$0.00 ,1/16/2019,wbra,1/21/2019,wbra,, - Label Phenylephrine  Violet p/n 236905, - Label Phenylephrine  Violet p/n 236905,,,,,EA,$3.38 ,5,0,0,,22,Total Tx Amt. $0.00
1, - MCKESSON,1027,1/21/2019,,O,"$3,764.99 ",$0.00 ,1/16/2019,wbra,1/21/2019,wbra,422, - DISINFECT CAVIWIPE 1MIN, - DISINFECT CAVIWIPE 1MIN,MX13-1150,HSKPNG  ,486719,,10/CS,$60.37 ,2,0,0,,22,Total Tx Amt. $0.00
2, - CARDINAL HEALTH,1028,,,O,$794.92 ,$0.00 ,1/17/2019,wbra,1/21/2019,wbra,26," - DRAPE SHEET, THREE QUARTER"," - DRAPE SHEET, THREE QUARTER",9349,ANESTHE ,9349,,20/CS,$29.43 ,1,0,0,,6,Total Tx Amt. $0.00
2, - CARDINAL HEALTH,1028,,,O,$794.92 ,$0.00 ,1/17/2019,wbra,1/21/2019,wbra,3," - ANES CIRCUIT, STANDARD"," - ANES CIRCUIT, STANDARD",ANACCR6002,ANESTHE ,ANACCR6002,,25/CS,$108.66 ,2,0,0,,6,Total Tx Amt. $0.00
2, - CARDINAL HEALTH,1028,,,O,$794.92 ,$0.00 ,1/17/2019,wbra,1/21/2019,wbra,564, - ANES AIRWAY ORAL 100MM RED, - ANES AIRWAY ORAL 100MM RED,16-2101G,ANESTHE ,1227100A,,10/BX,$55.62 ,2,0,0,,6,Total Tx Amt. $0.00
2, - CARDINAL HEALTH,1028,,,O,$794.92 ,$0.00 ,1/17/2019,wbra,1/21/2019,wbra,619," - ANES, AIRWAY ORAL 90MM YELLOW"," - ANES, AIRWAY ORAL 90MM YELLOW",122790A,ANESTHE ,122790A,,10/BX,$9.82 ,2,0,0,,6,Total Tx Amt. $0.00
2, - CARDINAL HEALTH,1028,,,O,$794.92 ,$0.00 ,1/17/2019,wbra,1/21/2019,wbra,31, - DRAPE CYSTO PACK, - DRAPE CYSTO PACK,SPP99CY1AA,DRAPE   ,SPP99CY1AA,,6/CS,$132.38 ,3,0,0,,6,Total Tx Amt. $0.00
2, - CARDINAL HEALTH,1028,,,O,$794.92 ,$0.00 ,1/17/2019,wbra,1/21/2019,wbra,," - Label, Phenylephrine  violet  p/n an-81a"," - Label, Phenylephrine  violet  p/n an-81a",,,,,1/RL,$4.03 ,5,0,0,,6,Total Tx Amt. $0.00
26, - CUSTOM MEDICAL SPECILTIES,1029,,,O,$120.94 ,$0.00 ,1/17/2019,wbra,1/29/2019,wbra,638," - BAG, DRAIN ADAPTER"," - BAG, DRAIN ADAPTER",CMS-610,GENERAL ,CMS-610,,50/CS,$60.47 ,2,0,0,,1,Total Tx Amt. $0.00
4, - COOK MEDICAL,1030,1/18/2019,1/21/2019,W,"$1,068.00 ",$0.00 ,1/18/2019,wbra,1/21/2019,wbra,458, - COOK URETERAL STENT FIRM UNIVERSA, - COOK URETERAL STENT FIRM UNIVERSA,G23405,GENERAL ,G23405,,EA,$49.50 ,4,0,0,,2,Total Tx Amt. $0.00
4, - COOK MEDICAL,1030,1/18/2019,1/21/2019,W,"$1,068.00 ",$0.00 ,1/18/2019,wbra,1/21/2019,wbra,439, - COOK TIPLESS STONE EXTRACTOR 2.2 x 115, - COOK TIPLESS STONE EXTRACTOR 2.2 x 115,G18778,GENERAL ,G18778,,EA,$174.00 ,5,0,0,,2,Total Tx Amt. $0.00
17, - HEALTHTRONICS MOBILE SOLUTIONS,1031,,,O,"$1,355.00 ",$0.00 ,1/18/2019,wbra,1/29/2019,wbra,530, - LASER FIBER HO 272 SINGLE USE, - LASER FIBER HO 272 SINGLE USE,95448,GENERAL ,272,,EA,$125.00 ,3,0,0,,3,Total Tx Amt. $0.00
17, - HEALTHTRONICS MOBILE SOLUTIONS,1031,,,O,"$1,355.00 ",$0.00 ,1/18/2019,wbra,1/29/2019,wbra,531, - LASER FIBER HO 365 SINGLE USE, - LASER FIBER HO 365 SINGLE USE,95612,GENERAL ,365,,EA,$125.00 ,4,0,0,,3,Total Tx Amt. $0.00
17, - HEALTHTRONICS MOBILE SOLUTIONS,1031,,,O,"$1,355.00 ",$0.00 ,1/18/2019,wbra,1/29/2019,wbra,533, - LASER FIBER HO 940 SINGLE USE, - LASER FIBER HO 940 SINGLE USE,95196,GENERAL ,940,,EA,$240.00 ,2,0,0,,3,Total Tx Amt. $0.00
4, - COOK MEDICAL,1032,1/18/2019,,O,"$1,242.00 ",$0.00 ,1/18/2019,wbra,1/18/2019,wbra,458, - COOK URETERAL STENT FIRM UNIVERSA, - COOK URETERAL STENT FIRM UNIVERSA,G23405,GENERAL ,G23405,,EA,$49.50 ,4,0,0,,2,Total Tx Amt. $0.00
4, - COOK MEDICAL,1032,1/18/2019,,O,"$1,242.00 ",$0.00 ,1/18/2019,wbra,1/18/2019,wbra,439, - COOK TIPLESS STONE EXTRACTOR 2.2 x 115, - COOK TIPLESS STONE EXTRACTOR 2.2 x 115,G18778,GENERAL ,G18778,,EA,$174.00 ,6,0,0,,2,Total Tx Amt. $0.00
11, - RICHARD WOLF,1033,,,O,"$1,220.00 ",$0.00 ,1/21/2019,wbra,1/29/2019,wbra,568, - SHARK CUTTING ELECTRODE 24FR BIPOLAR LOOP, - SHARK CUTTING ELECTRODE 24FR BIPOLAR LOOP,4622.1313,GENERAL ,4622.1313,,1/BX,"$1,220.00 ",1,0,0,,1,Total Tx Amt. $0.00
31, - NEOTRACT/ UROLIFT,1035,,,O,"$6,650.00 ",$0.00 ,1/21/2019,wbra,1/21/2019,wbra,665, - UROLIFT SYSTEM IMPLANT, - UROLIFT SYSTEM IMPLANT,UL400-4,GENERAL ,1,,EA,$950.00 ,7,0,0,,1,Total Tx Amt. $0.00
2, - CARDINAL HEALTH,1036,,,O,$209.38 ,$0.00 ,1/21/2019,wbra,1/21/2019,wbra,103, - GLOVE PROTEXIS PI 8 LATEX FREE, - GLOVE PROTEXIS PI 8 LATEX FREE,2D72PT80X,GENERAL ,,,50/BX,$77.00 ,1,0,0,,2,Total Tx Amt. $0.00
2, - CARDINAL HEALTH,1036,,,O,$209.38 ,$0.00 ,1/21/2019,wbra,1/21/2019,wbra,31, - DRAPE CYSTO PACK, - DRAPE CYSTO PACK,SPP99CY1AA,DRAPE   ,SPP99CY1AA,,6/CS,$132.38 ,1,0,0,,2,Total Tx Amt. $0.00
24, - CIVCO,1040,1/22/2019,1/23/2019,O,$170.00 ,$0.00 ,1/22/2019,wbra,1/29/2019,wbra,," - P/N 610-870 , System Drape"," - P/N 610-870 , System Drape",,,,,20/BX,$170.00 ,1,0,0,,1,Total Tx Amt. $0.00
2, - CARDINAL HEALTH,1041,,,O,$243.83 ,$0.00 ,1/22/2019,wbra,1/22/2019,wbra,422, - DISINFECT CAVIWIPE 1MIN, - DISINFECT CAVIWIPE 1MIN,MX13-1150,HSKPNG  ,13-1150,,12/CS,$77.19 ,2,0,0,,2,Total Tx Amt. $0.00
2, - CARDINAL HEALTH,1041,,,O,$243.83 ,$0.00 ,1/22/2019,wbra,1/22/2019,wbra,103, - GLOVE PROTEXIS PI 8 LATEX FREE, - GLOVE PROTEXIS PI 8 LATEX FREE,2D72PT80X,GENERAL ,,,50/BX,$89.45 ,1,0,0,,2,Total Tx Amt. $0.00
21, - BK Medical,1043,,,O,$590.00 ,$0.00 ,1/22/2019,wbra,1/22/2019,wbra,723," - SUPP, ULTRASOUND GUIDE, BK"," - SUPP, ULTRASOUND GUIDE, BK",UA1322-S,GENERAL ,UA1322-S,,18/CS,$295.00 ,2,0,0,,1,Total Tx Amt. $0.00
3, - BOSTON SCIENTIFIC,1045,,,O,"$1,743.00 ",$0.00 ,1/23/2019,wbra,1/23/2019,wbra,645," - BASKET, ZERO TIP 1.9FR X 120CM BOSTON"," - BASKET, ZERO TIP 1.9FR X 120CM BOSTON",M0063901050,GENERAL ,M0063901050,,EA,$348.60 ,5,0,0,,1,Total Tx Amt. $0.00
14, - BARD,1046,,,C,$447.58 ,$0.00 ,1/23/2019,wbra,3/2/2019,wbra,," - Bard Urology Tray, p/n 123400"," - Bard Urology Tray, p/n 123400",,,,,EA,$223.79 ,2,0,0,,1,Total Tx Amt. $0.00
4, - COOK MEDICAL,1047,,,O,$247.50 ,$0.00 ,1/23/2019,wbra,1/23/2019,wbra,459, - COOK URETERAL STENT FIRM UNIVERSA, - COOK URETERAL STENT FIRM UNIVERSA,G23406,GENERAL ,G23406,,EA,$49.50 ,5,0,0,,1,Total Tx Amt. $0.00
2, - CARDINAL HEALTH,1048,,,O,"$1,071.50 ",$0.00 ,1/23/2019,wbra,1/23/2019,wbra,363, - CONTAINER SUCTION 3000ML, - CONTAINER SUCTION 3000ML,65651-230,GENERAL ,65651-230,,1/CS,$1.00 ,2,0,0,,9,Total Tx Amt. $0.00
2, - CARDINAL HEALTH,1048,,,O,"$1,071.50 ",$0.00 ,1/23/2019,wbra,1/23/2019,wbra,106, - GOWN XLARGE, - GOWN XLARGE,9545,GENERAL ,9545,,20/CS,$44.88 ,2,0,0,,9,Total Tx Amt. $0.00
2, - CARDINAL HEALTH,1048,,,O,"$1,071.50 ",$0.00 ,1/23/2019,wbra,1/23/2019,wbra,, - Foley Drain Bag kit p/n 3532, - Foley Drain Bag kit p/n 3532,,,,,10/CS,$44.79 ,1,0,0,,9,Total Tx Amt. $0.00
2, - CARDINAL HEALTH,1048,,,O,"$1,071.50 ",$0.00 ,1/23/2019,wbra,1/23/2019,wbra,298, - PREP TRAY IODINE STERILE, - PREP TRAY IODINE STERILE,Nov-08,,Nov-08,,20/CS,$77.25 ,2,0,0,,9,Total Tx Amt. $0.00
2, - CARDINAL HEALTH,1048,,,O,"$1,071.50 ",$0.00 ,1/23/2019,wbra,1/23/2019,wbra,, - Sterilization pouches 3.5 x 22 p/n 92322, - Sterilization pouches 3.5 x 22 p/n 92322,,,,,4000/CS,$189.72 ,1,0,0,,9,Total Tx Amt. $0.00
2, - CARDINAL HEALTH,1048,,,O,"$1,071.50 ",$0.00 ,1/23/2019,wbra,1/23/2019,wbra,," - 1"" Tape, Paper micropore p/n M1531-1"," - 1"" Tape, Paper micropore p/n M1531-1",,,,,12/BX,$5.39 ,1,0,0,,9,Total Tx Amt. $0.00
2, - CARDINAL HEALTH,1048,,,O,"$1,071.50 ",$0.00 ,1/23/2019,wbra,1/23/2019,wbra,, - Sterile Wrap 36 x 36, - Sterile Wrap 36 x 36,,,,,60/CS,$121.13 ,2,0,0,,9,Total Tx Amt. $0.00
2, - CARDINAL HEALTH,1048,,,O,"$1,071.50 ",$0.00 ,1/23/2019,wbra,1/23/2019,wbra,31, - DRAPE CYSTO PACK, - DRAPE CYSTO PACK,SPP99CY1AA,DRAPE   ,SPP99CY1AA,,6/CS,$132.38 ,1,0,0,,9,Total Tx Amt. $0.00
2, - CARDINAL HEALTH,1048,,,O,"$1,071.50 ",$0.00 ,1/23/2019,wbra,1/23/2019,wbra,542, - DRP PACK MINOR PROCEDURE, - DRP PACK MINOR PROCEDURE,SPP99MN7AA,DRAPE   ,SPP99MN7AA,,1/CS,$105.35 ,2,0,0,,9,Total Tx Amt. $0.00
1, - MCKESSON,1049,,,O,$319.33 ,$0.00 ,1/23/2019,wbra,1/23/2019,wbra,, - Apron Lab Plas disp. p/n 409245, - Apron Lab Plas disp. p/n 409245,,,,,128/CS,$36.67 ,1,0,0,,6,Total Tx Amt. $0.00
1, - MCKESSON,1049,,,O,$319.33 ,$0.00 ,1/23/2019,wbra,1/23/2019,wbra,, - Integrator Steam 3m comply p/n 134499, - Integrator Steam 3m comply p/n 134499,,,,,1/BX,$19.50 ,2,0,0,,6,Total Tx Amt. $0.00
1, - MCKESSON,1049,,,O,$319.33 ,$0.00 ,1/23/2019,wbra,1/23/2019,wbra,627," - DETERGENT, LOW SUDS INSTRUMENT"," - DETERGENT, LOW SUDS INSTRUMENT",53-28551,STRL PRO,484481,,4/BX,$83.61 ,2,0,0,,6,Total Tx Amt. $0.00
1, - MCKESSON,1049,,,O,$319.33 ,$0.00 ,1/23/2019,wbra,1/23/2019,wbra,, - suction Tubing p/n 161266, - suction Tubing p/n 161266,,,,,1/BX,$13.84 ,2,0,0,,6,Total Tx Amt. $0.00
1, - MCKESSON,1049,,,O,$319.33 ,$0.00 ,1/23/2019,wbra,1/23/2019,wbra,, - 3cc syringe with blunt needle p/n 459506, - 3cc syringe with blunt needle p/n 459506,,,,,100/BX,$10.79 ,4,0,0,,6,Total Tx Amt. $0.00
1, - MCKESSON,1049,,,O,$319.33 ,$0.00 ,1/23/2019,wbra,1/23/2019,wbra,, - 18ga x 1 1/2 pink  p/n 1031789, - 18ga x 1 1/2 pink  p/n 1031789,,,,,100/BX,$2.80 ,2,0,0,,6,Total Tx Amt. $0.00
29, - ALLERGAN,1050,,,O,$144.00 ,$0.00 ,1/23/2019,wbra,1/23/2019,wbra,, - injeTAK ADJUSTABLE TIP NEEDLE p/n DIS199, - injeTAK ADJUSTABLE TIP NEEDLE p/n DIS199,,,,,2/CS,$72.00 ,2,0,0,,1,Total Tx Amt. $0.00
14, - BARD,1051,,,O,$791.62 ,$0.00 ,1/23/2019,wbra,1/23/2019,wbra,, - Goodwin Sounds (12Fr-30Fr) p/n 042800, - Goodwin Sounds (12Fr-30Fr) p/n 042800,,,,,1/KT,$791.62 ,1,0,0,,1,Total Tx Amt. $0.00
2, - CARDINAL HEALTH,1052,,,O,"$1,167.36 ",$0.00 ,1/24/2019,wbra,3/2/2019,wbra,79, - GLOVE NEOPRENE SIZE 7, - GLOVE NEOPRENE SIZE 7,2D73DP70,GENERAL ,2D73DP70,,50/BX,$71.50 ,3,0,0,,4,Total Tx Amt. $0.00
2, - CARDINAL HEALTH,1052,,,O,"$1,167.36 ",$0.00 ,1/24/2019,wbra,3/2/2019,wbra,134, - IV START KIT, - IV START KIT,01-9000A,GENERAL ,01-9000A,,100/CS,$100.00 ,1,0,0,,4,Total Tx Amt. $0.00
2, - CARDINAL HEALTH,1052,,,O,"$1,167.36 ",$0.00 ,1/24/2019,wbra,3/2/2019,wbra,146, - IV TUBING ADMIN SET 3 PORT 15 GTTS, - IV TUBING ADMIN SET 3 PORT 15 GTTS,352899,GLV/MSK ,352899,,50/BX,$377.52 ,2,0,0,,4,Total Tx Amt. $0.00
2, - CARDINAL HEALTH,1052,,,O,"$1,167.36 ",$0.00 ,1/24/2019,wbra,3/2/2019,wbra,745, - 3M Sterilization Indicator Strip comply Steam Chem, - 3M Sterilization Indicator Strip comply Steam Chem,1243ac,STRL PRO,,,EA,$48.91 ,2,0,0,,4,Total Tx Amt. $0.00
31, - NEOTRACT/ UROLIFT,1053,,,O,"$3,800.00 ",$0.00 ,1/24/2019,wbra,1/24/2019,wbra,665, - UROLIFT SYSTEM IMPLANT, - UROLIFT SYSTEM IMPLANT,UL400-4,GENERAL ,1,,EA,$950.00 ,4,0,0,,1,Total Tx Amt. $0.00
19, - STRAND DX,1055,,,O,$0.02 ,$0.00 ,1/25/2019,wbra,1/25/2019,wbra,563," - BIOPSY KIT, KNOW ERROR"," - BIOPSY KIT, KNOW ERROR",KIT,GENERAL ,KIT,,12/BX,$0.01 ,2,0,0,,1,Total Tx Amt. $0.00
2, - CARDINAL HEALTH,1056,,,O,$755.28 ,$235.55 ,1/25/2019,wbra,3/2/2019,wbra,76, - GLOVE EXAM XLARGE NITRILE, - GLOVE EXAM XLARGE NITRILE,88TN05XL,GENERAL ,88TN05XL,,1/CS,$89.45 ,1,0,0,,7,Total Tx Amt. $235.55
2, - CARDINAL HEALTH,1056,,,O,$755.28 ,$235.55 ,1/25/2019,wbra,3/2/2019,wbra,281, - SOCK SLIPPER ADULT XL, - SOCK SLIPPER ADULT XL,68125-GRY,,68125-GRY,,48/BX,$33.01 ,3,0,0,,7,Total Tx Amt. $235.55
2, - CARDINAL HEALTH,1056,,,O,$755.28 ,$235.55 ,1/25/2019,wbra,3/2/2019,wbra,101, - GLOVE PROTEXIS PI 7 LATEX FREE, - GLOVE PROTEXIS PI 7 LATEX FREE,2D72PT70X,GENERAL ,,,50/BX,$89.45 ,1,0,0,,7,Total Tx Amt. $235.55
2, - CARDINAL HEALTH,1056,,,O,$755.28 ,$235.55 ,1/25/2019,wbra,3/2/2019,wbra,105, - GLOVE PROTEXIS PI 9 LATEX FREE, - GLOVE PROTEXIS PI 9 LATEX FREE,2D72PT90X,GENERAL ,,,50/BX,$77.00 ,1,0,0,,7,Total Tx Amt. $235.55
2, - CARDINAL HEALTH,1056,,,O,$755.28 ,$235.55 ,1/25/2019,wbra,3/2/2019,wbra,102, - GLOVE PROTEXIS PI 7.5 LATEX FREE, - GLOVE PROTEXIS PI 7.5 LATEX FREE,2D72PT75X,GENERAL ,,,50/BX,$77.00 ,1,0,0,,7,Total Tx Amt. $235.55
2, - CARDINAL HEALTH,1056,,,O,$755.28 ,$235.55 ,1/25/2019,wbra,3/2/2019,wbra,74, - GLOVE EXAM MEDIUM NITRILE, - GLOVE EXAM MEDIUM NITRILE,88TN03M,GENERAL ,88TN03M,,1/CS,$87.80 ,1,0,0,,7,Total Tx Amt. $235.55
2, - CARDINAL HEALTH,1056,,,O,$755.28 ,$235.55 ,1/25/2019,wbra,3/2/2019,wbra,755," - Suture, Monocryl 2-0"," - Suture, Monocryl 2-0",Y605H,GENERAL ,Y605H,3/2/2019,36/BX,$235.55 ,1,1,0,70952561814,7,Total Tx Amt. $235.55
1, - MCKESSON,1057,,,O,$237.25 ,$0.00 ,1/25/2019,wbra,1/29/2019,wbra,15, - ANES ADULT MASK SIZE 5, - ANES ADULT MASK SIZE 5,204234,ANESTHE ,204234,,50/CS,$87.50 ,1,0,0,,4,Total Tx Amt. $0.00
1, - MCKESSON,1057,,,O,$237.25 ,$0.00 ,1/25/2019,wbra,1/29/2019,wbra,284, - SUPPORTER ADULT LRG, - SUPPORTER ADULT LRG,452706,DRESSING,452706,,EA,$5.92 ,5,0,0,,4,Total Tx Amt. $0.00
1, - MCKESSON,1057,,,O,$237.25 ,$0.00 ,1/25/2019,wbra,1/29/2019,wbra,, - Nasal Canula w/flared tip p/n 37358, - Nasal Canula w/flared tip p/n 37358,,,,,50/CS,$18.57 ,5,0,0,,4,Total Tx Amt. $0.00
1, - MCKESSON,1057,,,O,$237.25 ,$0.00 ,1/25/2019,wbra,1/29/2019,wbra,633," - TUBING, SUCTION NS BUBBLE"," - TUBING, SUCTION NS BUBBLE",8888280412,GLV/MSK ,161266,,1/CS,$13.65 ,2,0,0,,4,Total Tx Amt. $0.00
4, - COOK MEDICAL,1058,,,O,"$1,780.99 ",$0.00 ,1/29/2019,wbra,1/29/2019,wbra,438, - COOK ACCESS CATH URETERAL DUAL 6FR COATED, - COOK ACCESS CATH URETERAL DUAL 6FR COATED,G17323,GENERAL ,G17323,,EA,$37.83 ,3,0,0,,5,Total Tx Amt. $0.00
4, - COOK MEDICAL,1058,,,O,"$1,780.99 ",$0.00 ,1/29/2019,wbra,1/29/2019,wbra,459, - COOK URETERAL STENT FIRM UNIVERSA, - COOK URETERAL STENT FIRM UNIVERSA,G23406,GENERAL ,G23406,,EA,$49.50 ,5,0,0,,5,Total Tx Amt. $0.00
4, - COOK MEDICAL,1058,,,O,"$1,780.99 ",$0.00 ,1/29/2019,wbra,1/29/2019,wbra,639," - COOK, NCIRCLE NITINOL TIPLESS STONE EXTRACTOR"," - COOK, NCIRCLE NITINOL TIPLESS STONE EXTRACTOR",G46206,GENERAL ,G46206,,EA,$194.00 ,3,0,0,,5,Total Tx Amt. $0.00
4, - COOK MEDICAL,1058,,,O,"$1,780.99 ",$0.00 ,1/29/2019,wbra,1/29/2019,wbra,439, - COOK TIPLESS STONE EXTRACTOR 2.2 x 115, - COOK TIPLESS STONE EXTRACTOR 2.2 x 115,G18778,GENERAL ,G18778,,EA,$174.00 ,3,0,0,,5,Total Tx Amt. $0.00
4, - COOK MEDICAL,1058,,,O,"$1,780.99 ",$0.00 ,1/29/2019,wbra,1/29/2019,wbra,, - 2.8 Fr Helical Stone Extractor p/n G32757, - 2.8 Fr Helical Stone Extractor p/n G32757,,,,,EA,$158.00 ,2,0,0,,5,Total Tx Amt. $0.00
14, - BARD,1059,,,O,$450.00 ,$0.00 ,1/29/2019,wbra,1/29/2019,wbra,224, - NDL BIOPSY MAX CORE, - NDL BIOPSY MAX CORE,MC1825,IVSUPPLY,MC1825,,5/BX,$90.00 ,5,0,0,,1,Total Tx Amt. $0.00
3, - BOSTON SCIENTIFIC,1060,,,C,"$2,638.91 ",$0.00 ,1/29/2019,wbra,3/2/2019,wbra,577, - BASKET STONE NITINOL OPTIFLEX 1.3FR X 120CM, - BASKET STONE NITINOL OPTIFLEX 1.3FR X 120CM,M0063903010,GENERAL ,M0063903010,,EA,$380.09 ,3,0,0,,2,Total Tx Amt. $0.00
3, - BOSTON SCIENTIFIC,1060,,,C,"$2,638.91 ",$0.00 ,1/29/2019,wbra,3/2/2019,wbra,446, - BOSTON SCI WIRE GUIDE SENSOR .035 STR, - BOSTON SCI WIRE GUIDE SENSOR .035 STR,M0066703081,GENERAL ,M0066703081,,5/BX,$374.66 ,4,0,0,,2,Total Tx Amt. $0.00
2, - CARDINAL HEALTH,1061,,,O,"$2,100.09 ",$0.00 ,1/30/2019,wbra,1/30/2019,wbra,, - Add a Foley Kit p/n 3532, - Add a Foley Kit p/n 3532,,,,,10/BX,$44.79 ,2,0,0,,14,Total Tx Amt. $0.00
2, - CARDINAL HEALTH,1061,,,O,"$2,100.09 ",$0.00 ,1/30/2019,wbra,1/30/2019,wbra,, - Urinary Drain Bag, - Urinary Drain Bag,,,,,20/CS,$235.16 ,1,0,0,,14,Total Tx Amt. $0.00
2, - CARDINAL HEALTH,1061,,,O,"$2,100.09 ",$0.00 ,1/30/2019,wbra,1/30/2019,wbra,670," - ANES, AIRWAY, LMA IGEL 4"," - ANES, AIRWAY, LMA IGEL 4",8204000,ANESTHE ,I8204,,25/CS,$545.54 ,1,0,0,,14,Total Tx Amt. $0.00
2, - CARDINAL HEALTH,1061,,,O,"$2,100.09 ",$0.00 ,1/30/2019,wbra,1/30/2019,wbra,99, - GLOVE PROTEXIS PI 6 LATEX FREE, - GLOVE PROTEXIS PI 6 LATEX FREE,2D72PT60X,GENERAL ,2D72PT60X,,50/BX,$89.45 ,1,0,0,,14,Total Tx Amt. $0.00
2, - CARDINAL HEALTH,1061,,,O,"$2,100.09 ",$0.00 ,1/30/2019,wbra,1/30/2019,wbra,351, - CAUTERY PAD GROUND ADULT 10FT CONMED, - CAUTERY PAD GROUND ADULT 10FT CONMED,22-ESREC,,410-2000A,,25/CS,$98.05 ,1,0,0,,14,Total Tx Amt. $0.00
2, - CARDINAL HEALTH,1061,,,O,"$2,100.09 ",$0.00 ,1/30/2019,wbra,1/30/2019,wbra,542, - DRP PACK MINOR PROCEDURE, - DRP PACK MINOR PROCEDURE,SPP99MN7AA,DRAPE   ,SPP99MN7AA,,1/CS,$92.00 ,2,0,0,,14,Total Tx Amt. $0.00
2, - CARDINAL HEALTH,1061,,,O,"$2,100.09 ",$0.00 ,1/30/2019,wbra,1/30/2019,wbra,31, - DRAPE CYSTO PACK, - DRAPE CYSTO PACK,SPP99CY1AA,DRAPE   ,SPP99CY1AA,,6/CS,$118.62 ,2,0,0,,14,Total Tx Amt. $0.00
2, - CARDINAL HEALTH,1061,,,O,"$2,100.09 ",$0.00 ,1/30/2019,wbra,1/30/2019,wbra,298, - PREP TRAY IODINE STERILE, - PREP TRAY IODINE STERILE,Nov-08,,Nov-08,,20/CS,$77.40 ,2,0,0,,14,Total Tx Amt. $0.00
2, - CARDINAL HEALTH,1061,,,O,"$2,100.09 ",$0.00 ,1/30/2019,wbra,1/30/2019,wbra,106, - GOWN XLARGE, - GOWN XLARGE,9545,GENERAL ,9545,,20/CS,$45.85 ,1,0,0,,14,Total Tx Amt. $0.00
2, - CARDINAL HEALTH,1061,,,O,"$2,100.09 ",$0.00 ,1/30/2019,wbra,1/30/2019,wbra,684," - GOWN, LG AAMI 4 SMART SLEEVE (LEVINE)"," - GOWN, LG AAMI 4 SMART SLEEVE (LEVINE)",9011,GENERAL ,9011,,20/CS,$63.77 ,1,0,0,,14,Total Tx Amt. $0.00
2, - CARDINAL HEALTH,1061,,,O,"$2,100.09 ",$0.00 ,1/30/2019,wbra,1/30/2019,wbra,, - Large Lab Coat  p/n 2201U, - Large Lab Coat  p/n 2201U,,,,,25/BX,$31.60 ,1,0,0,,14,Total Tx Amt. $0.00
2, - CARDINAL HEALTH,1061,,,O,"$2,100.09 ",$0.00 ,1/30/2019,wbra,1/30/2019,wbra,, - Speciman cups p/n 13594-130, - Speciman cups p/n 13594-130,,,,,100/CS,$69.70 ,1,0,0,,14,Total Tx Amt. $0.00
2, - CARDINAL HEALTH,1061,,,O,"$2,100.09 ",$0.00 ,1/30/2019,wbra,1/30/2019,wbra,, - CauteryPencile  p/n 65410-180, - CauteryPencile  p/n 65410-180,,,,,10/BX,$59.79 ,1,0,0,,14,Total Tx Amt. $0.00
2, - CARDINAL HEALTH,1061,,,O,"$2,100.09 ",$0.00 ,1/30/2019,wbra,1/30/2019,wbra,, - Ambu Size 6 Mask  p/n 1065, - Ambu Size 6 Mask  p/n 1065,,,,,50/CS,$195.56 ,1,0,0,,14,Total Tx Amt. $0.00
1, - MCKESSON,1062,,,O,$852.15 ,$0.00 ,1/30/2019,wbra,1/30/2019,wbra,136, - FLUID LR 1000ML, - FLUID LR 1000ML,515492,GENERAL ,515492,,14/CS,$31.21 ,4,0,0,,9,Total Tx Amt. $0.00
1, - MCKESSON,1062,,,O,$852.15 ,$0.00 ,1/30/2019,wbra,1/30/2019,wbra,228, - NDL CHIBA 20G, - NDL CHIBA 20G,CNM-2008,IVSUPPLY,CNM-2008,,10/BX,$81.23 ,1,0,0,,9,Total Tx Amt. $0.00
1, - MCKESSON,1062,,,O,$852.15 ,$0.00 ,1/30/2019,wbra,1/30/2019,wbra,, - 18 ga x 1 1/2 needle p/n 1031789, - 18 ga x 1 1/2 needle p/n 1031789,,,,,100/BX,$2.80 ,3,0,0,,9,Total Tx Amt. $0.00
1, - MCKESSON,1062,,,O,$852.15 ,$0.00 ,1/30/2019,wbra,1/30/2019,wbra,," - Irrigation set, cysto tubing p/n 230756"," - Irrigation set, cysto tubing p/n 230756",,,,,20/BX,$62.59 ,2,0,0,,9,Total Tx Amt. $0.00
1, - MCKESSON,1062,,,O,$852.15 ,$0.00 ,1/30/2019,wbra,1/30/2019,wbra,151, - FLUID WATER 3000ML, - FLUID WATER 3000ML,200388,GLV/MSK ,200388,,4/CS,$33.79 ,4,0,0,,9,Total Tx Amt. $0.00
1, - MCKESSON,1062,,,O,$852.15 ,$0.00 ,1/30/2019,wbra,1/30/2019,wbra,140, - FLUID NACL 3000ML, - FLUID NACL 3000ML,230132,GENERAL ,230132,,4/CS,$34.32 ,4,0,0,,9,Total Tx Amt. $0.00
1, - MCKESSON,1062,,,O,$852.15 ,$0.00 ,1/30/2019,wbra,1/30/2019,wbra,710," - SUPP, NASAL CAN GAS SAMPLE 7'"," - SUPP, NASAL CAN GAS SAMPLE 7'",999489,ANESTHE ,999489,,25/CS,$42.19 ,2,0,0,,9,Total Tx Amt. $0.00
1, - MCKESSON,1062,,,O,$852.15 ,$0.00 ,1/30/2019,wbra,1/30/2019,wbra,," - Spinal Needle, Quincke 22gax3.5 p/n 992550"," - Spinal Needle, Quincke 22gax3.5 p/n 992550",,,,,25/BX,$26.88 ,1,0,0,,9,Total Tx Amt. $0.00
1, - MCKESSON,1062,,,O,$852.15 ,$0.00 ,1/30/2019,wbra,1/30/2019,wbra,, - Epidural Tray 18 ga Touhy p/n 516551, - Epidural Tray 18 ga Touhy p/n 516551,,,,,10/CS,$128.80 ,1,0,0,Attn Howard Konowitz,9,Total Tx Amt. $0.00
4, - COOK MEDICAL,1063,,,O,"$1,054.02 ",$0.00 ,1/30/2019,wbra,1/30/2019,wbra,440, - COOK WIRE GUIDE MOTION .035 STRAIGHT, - COOK WIRE GUIDE MOTION .035 STRAIGHT,G44846,GENERAL ,G44846,,5/BX,$240.00 ,1,0,0,,3,Total Tx Amt. $0.00
4, - COOK MEDICAL,1063,,,O,"$1,054.02 ",$0.00 ,1/30/2019,wbra,1/30/2019,wbra,, - dual Lumen 10 Fr Catheter p/n G17330, - dual Lumen 10 Fr Catheter p/n G17330,,,,,EA,$39.82 ,3,0,0,,3,Total Tx Amt. $0.00
4, - COOK MEDICAL,1063,,,O,"$1,054.02 ",$0.00 ,1/30/2019,wbra,1/30/2019,wbra,, - S-Curved Uretheral Silator Set p/n G32789, - S-Curved Uretheral Silator Set p/n G32789,,,,,EA,$173.64 ,4,0,0,"on Back Order, expected ship date 2/2/2019",3,Total Tx Amt. $0.00
3, - BOSTON SCIENTIFIC,1064,,,O,$197.65 ,$0.00 ,1/30/2019,wbra,1/30/2019,wbra,579," - BOSTON SCI, NAVIGATOR HD 11/13FR 46CM"," - BOSTON SCI, NAVIGATOR HD 11/13FR 46CM",M0062502230,GENERAL ,M0062502230,,EA,$197.65 ,1,0,0,,1,Total Tx Amt. $0.00
16, - OLYMPUS,1065,,,O,"$1,115.00 ",$0.00 ,1/31/2019,wbra,1/31/2019,wbra,528, - GLIDEWIRE 0.035 STR TIP STIFF OLYMPUS, - GLIDEWIRE 0.035 STR TIP STIFF OLYMPUS,UWS1035,GENERAL ,UWS1035,,5/BX,$395.00 ,2,0,0,,2,Total Tx Amt. $0.00
16, - OLYMPUS,1065,,,O,"$1,115.00 ",$0.00 ,1/31/2019,wbra,1/31/2019,wbra,, - 0.035 Dia Angle Tip Glide Wire p/n UWS6035, - 0.035 Dia Angle Tip Glide Wire p/n UWS6035,,,,,5/BX,$325.00 ,1,0,0,,2,Total Tx Amt. $0.00
11, - RICHARD WOLF,1066,,,C,$578.92 ,$0.00 ,1/31/2019,wbra,3/2/2019,wbra,668, - E-LINE CUTTING ELECTRODE MONO 22FR - 26FR, - E-LINE CUTTING ELECTRODE MONO 22FR - 26FR,8422.4355,GENERAL ,8422.4355,,1/BX,$578.92 ,1,0,0,,1,Total Tx Amt. $0.00
14, - BARD,1067,,,O,$38.40 ,$0.00 ,1/31/2019,wbra,3/2/2019,wbra,, - 16 Fr 5cc foley catheter P/N 0165L16, - 16 Fr 5cc foley catheter P/N 0165L16,,,,,12/BX,$38.40 ,1,0,0,,1,Total Tx Amt. $0.00
35, - MINDRAY,1071,,,O,"$1,545.00 ",$0.00 ,1/31/2019,wbra,3/2/2019,wbra,, - 0012-00-1599  Sp02 Patient cable, - 0012-00-1599  Sp02 Patient cable,,,,,EA,$150.00 ,4,0,0,,2,Total Tx Amt. $0.00
35, - MINDRAY,1071,,,O,"$1,545.00 ",$0.00 ,1/31/2019,wbra,3/2/2019,wbra,, - 0600-00-0126 Adult ReFinger Sp02, - 0600-00-0126 Adult ReFinger Sp02,,,,,ea,$236.25 ,4,0,0,,2,Total Tx Amt. $0.00
23, - COLOPLAST,1072,,,O,"$10,321.00 ",$0.00 ,1/31/2019,wbra,1/31/2019,wbra,686," - IMP, TITAN ASSEMBLY KIT"," - IMP, TITAN ASSEMBLY KIT",9480SC,GENERAL ,9480SC,,EA,$486.00 ,1,0,0,,3,Total Tx Amt. $0.00
23, - COLOPLAST,1072,,,O,"$10,321.00 ",$0.00 ,1/31/2019,wbra,1/31/2019,wbra,687," - IMP, TITAN RESEVOIR 75CC"," - IMP, TITAN RESEVOIR 75CC",ER8075,GENERAL ,ER8075,,EA,"$1,771.00 ",1,0,0,,3,Total Tx Amt. $0.00
23, - COLOPLAST,1072,,,O,"$10,321.00 ",$0.00 ,1/31/2019,wbra,1/31/2019,wbra,741, - Touch Infrapubic Zero Degree Angle Cylinder, - Touch Infrapubic Zero Degree Angle Cylinder,ES2818,,ES2818,,EA,"$8,064.00 ",1,0,0,,3,Total Tx Amt. $0.00
1, - MCKESSON,1073,,,O,$401.36 ,$0.00 ,1/31/2019,wbra,1/31/2019,wbra,742," - Tray, Wet Skin Prep"," - Tray, Wet Skin Prep",341561,,341561,,20/CS,$102.14 ,1,0,0,,3,Total Tx Amt. $0.00
1, - MCKESSON,1073,,,O,$401.36 ,$0.00 ,1/31/2019,wbra,1/31/2019,wbra,743, - EKG Monitor Button Red Dot, - EKG Monitor Button Red Dot,2560,ANESTHE ,199314,,EA,$0.16 ,1000,0,0,,3,Total Tx Amt. $0.00
1, - MCKESSON,1073,,,O,$401.36 ,$0.00 ,1/31/2019,wbra,1/31/2019,wbra,744, - Bair Hugger model62200, - Bair Hugger model62200,62200,,1045420,,10/CS,$69.61 ,2,0,0,,3,Total Tx Amt. $0.00
23, - COLOPLAST,1074,,,O,"$2,133.00 ",$0.00 ,2/1/2019,wbra,2/1/2019,wbra,601," - SLING, FEMALE ARIS TRANSOBTURATOR KIT"," - SLING, FEMALE ARIS TRANSOBTURATOR KIT",93-4400,GENERAL ,93-4400,,EA,$711.00 ,1,0,0,,2,Total Tx Amt. $0.00
23, - COLOPLAST,1074,,,O,"$2,133.00 ",$0.00 ,2/1/2019,wbra,2/1/2019,wbra,653," - SLING, FEMALE, SUPRIS RETROPUBIC KIT"," - SLING, FEMALE, SUPRIS RETROPUBIC KIT",93-4450,GENERAL ,93-4450,,EA,$711.00 ,2,0,0,,2,Total Tx Amt. $0.00
4, - COOK MEDICAL,1076,,,O,$868.20 ,$0.00 ,2/1/2019,wbra,2/1/2019,wbra,747, - S-Curved Uretheral Dilator Set, - S-Curved Uretheral Dilator Set,G32789,,,,EA,$173.64 ,5,0,0,,2,Total Tx Amt. $0.00
4, - COOK MEDICAL,1076,,,O,$868.20 ,$0.00 ,2/1/2019,wbra,2/1/2019,wbra,447, - COOK WIRE GUIDE AMPLATZ STIFF .035, - COOK WIRE GUIDE AMPLATZ STIFF .035,G27032,GENERAL ,,,5/BX,$0.00 ,2,0,0,,2,Total Tx Amt. $0.00
1, - MCKESSON,1077,,,O,$727.81 ,$0.00 ,2/1/2019,wbra,2/1/2019,wbra,142, - FLUID NACL 1000ML, - FLUID NACL 1000ML,515490,GENERAL ,515490,,14/CS,$29.99 ,4,0,0,,9,Total Tx Amt. $0.00
1, - MCKESSON,1077,,,O,$727.81 ,$0.00 ,2/1/2019,wbra,2/1/2019,wbra,151, - FLUID WATER 3000ML, - FLUID WATER 3000ML,200388,GLV/MSK ,200388,,4/CS,$33.79 ,4,0,0,,9,Total Tx Amt. $0.00
1, - MCKESSON,1077,,,O,$727.81 ,$0.00 ,2/1/2019,wbra,2/1/2019,wbra,140, - FLUID NACL 3000ML, - FLUID NACL 3000ML,230132,GENERAL ,230132,,4/CS,$34.32 ,3,0,0,,9,Total Tx Amt. $0.00
1, - MCKESSON,1077,,,O,$727.81 ,$0.00 ,2/1/2019,wbra,2/1/2019,wbra,301, - FLUID WATER 1000ML, - FLUID WATER 1000ML,14045,GENERAL ,14045,,12/CS,$26.72 ,3,0,0,,9,Total Tx Amt. $0.00
1, - MCKESSON,1077,,,O,$727.81 ,$0.00 ,2/1/2019,wbra,2/1/2019,wbra,141, - FLUID NACL 500ML, - FLUID NACL 500ML,467132,GENERAL ,467132,,18/CS,$39.48 ,3,0,0,,9,Total Tx Amt. $0.00
1, - MCKESSON,1077,,,O,$727.81 ,$0.00 ,2/1/2019,wbra,2/1/2019,wbra,284, - SUPPORTER ADULT LRG, - SUPPORTER ADULT LRG,452706,DRESSING,452706,,EA,$5.69 ,5,0,0,,9,Total Tx Amt. $0.00
1, - MCKESSON,1077,,,O,$727.81 ,$0.00 ,2/1/2019,wbra,2/1/2019,wbra,," - Levofloxacin, Tablet 500mg  p/n 776021"," - Levofloxacin, Tablet 500mg  p/n 776021",,,,,50/PK,$10.01 ,1,0,0,,9,Total Tx Amt. $0.00
1, - MCKESSON,1077,,,O,$727.81 ,$0.00 ,2/1/2019,wbra,2/1/2019,wbra,750," - Velcro, Alistrap 1 1/2"" x30 ft roll"," - Velcro, Alistrap 1 1/2"" x30 ft roll",95-900,,,,1/RL,$55.20 ,1,0,0,,9,Total Tx Amt. $0.00
1, - MCKESSON,1077,,,O,$727.81 ,$0.00 ,2/1/2019,wbra,2/1/2019,wbra,," - Syringe, Toomey 70 cc"," - Syringe, Toomey 70 cc",,,,,50/BX,$77.47 ,1,0,0,,9,Total Tx Amt. $0.00
2, - CARDINAL HEALTH,1078,,,O,$198.11 ,$0.00 ,2/1/2019,wbra,2/1/2019,wbra,3," - ANES CIRCUIT, STANDARD"," - ANES CIRCUIT, STANDARD",ANACCR6002,ANESTHE ,ANACCR6002,,25/CS,$108.66 ,1,0,0,,2,Total Tx Amt. $0.00
2, - CARDINAL HEALTH,1078,,,O,$198.11 ,$0.00 ,2/1/2019,wbra,2/1/2019,wbra,103, - GLOVE PROTEXIS PI 8 LATEX FREE, - GLOVE PROTEXIS PI 8 LATEX FREE,2D72PT80X,GENERAL ,,,50/BX,$89.45 ,1,0,0,,2,Total Tx Amt. $0.00
15, - TELEFLEX/ARROW,1079,,,O,$270.00 ,$0.00 ,2/1/2019,wbra,2/1/2019,wbra,518, - ANES LMA 4 UNIQUE, - ANES LMA 4 UNIQUE,105200-000040,ANESTHE ,105200-000040,,10/BX,$135.00 ,2,0,0,,1,Total Tx Amt. $0.00
4, - COOK MEDICAL,1080,,,O,$173.64 ,$0.00 ,2/1/2019,wbra,2/1/2019,wbra,747, - S-Curved Uretheral Dilator Set, - S-Curved Uretheral Dilator Set,G32789,,,,EA,$173.64 ,1,0,0,,1,Total Tx Amt. $0.00
11, - RICHARD WOLF,1081,,,O,"$1,254.60 ",$0.00 ,2/1/2019,wbra,2/5/2019,wbra,592, - E-LINE CUTTING ELECTRODE MONO 24FR, - E-LINE CUTTING ELECTRODE MONO 24FR,8424.131,GENERAL ,8424.131,,10/BX,$627.30 ,2,0,0,,1,Total Tx Amt. $0.00
4, - COOK MEDICAL,1082,,,O,$988.22 ,$0.00 ,2/1/2019,wbra,2/1/2019,wbra,747, - S-Curved Uretheral Dilator Set, - S-Curved Uretheral Dilator Set,G32789,,,,EA,$173.64 ,4,0,0,,3,Total Tx Amt. $0.00
4, - COOK MEDICAL,1082,,,O,$988.22 ,$0.00 ,2/1/2019,wbra,2/1/2019,wbra,751, - Ureteral Biopsy Brush, - Ureteral Biopsy Brush,G14919,,,,EA,$73.50 ,2,0,0,,3,Total Tx Amt. $0.00
4, - COOK MEDICAL,1082,,,O,$988.22 ,$0.00 ,2/1/2019,wbra,2/1/2019,wbra,442, - COOK WIRE GUIDE HIWIRE CORE .035 STR, - COOK WIRE GUIDE HIWIRE CORE .035 STR,G30476,GENERAL ,G30476,,5/BX,$146.66 ,1,0,0,,3,Total Tx Amt. $0.00
14, - BARD,1084,,,O,$8.76 ,$0.00 ,2/1/2019,wbra,2/4/2019,wbra,753," - Foley Catheter, 16 Fr with funnel end, rubber"," - Foley Catheter, 16 Fr with funnel end, rubber",277716,GENERAL ,94160,,12/BX,$8.76 ,1,0,0,,1,Total Tx Amt. $0.00
4, - COOK MEDICAL,1086,,,O,$662.50 ,$0.00 ,2/4/2019,wbra,2/4/2019,wbra,458, - COOK URETERAL STENT FIRM UNIVERSA, - COOK URETERAL STENT FIRM UNIVERSA,G23405,GENERAL ,G23405,,EA,$49.50 ,5,0,0,,3,Total Tx Amt. $0.00
4, - COOK MEDICAL,1086,,,O,$662.50 ,$0.00 ,2/4/2019,wbra,2/4/2019,wbra,468, - COOK URETERAL STENT UNIVERSA FIRM 6X22, - COOK URETERAL STENT UNIVERSA FIRM 6X22,G23404,GENERAL ,G23404,,EA,$49.50 ,2,0,0,,3,Total Tx Amt. $0.00
4, - COOK MEDICAL,1086,,,O,$662.50 ,$0.00 ,2/4/2019,wbra,2/4/2019,wbra,758, - Captura 2.8 fr Helical Stone Extractor, - Captura 2.8 fr Helical Stone Extractor,G32757,GENERAL ,G32757,,EA,$158.00 ,2,0,0,,3,Total Tx Amt. $0.00
3, - BOSTON SCIENTIFIC,1087,,,O,"$2,268.60 ",$0.00 ,2/4/2019,wbra,2/4/2019,wbra,446, - BOSTON SCI WIRE GUIDE SENSOR .035 STR, - BOSTON SCI WIRE GUIDE SENSOR .035 STR,M0066703081,GENERAL ,M0066703081,,50/BX,$374.66 ,5,0,0,,2,Total Tx Amt. $0.00
3, - BOSTON SCIENTIFIC,1087,,,O,"$2,268.60 ",$0.00 ,2/4/2019,wbra,2/4/2019,wbra,579," - BOSTON SCI, NAVIGATOR HD 11/13FR 46CM"," - BOSTON SCI, NAVIGATOR HD 11/13FR 46CM",M0062502230,GENERAL ,M0062502230,,EA,$197.65 ,2,0,0,,2,Total Tx Amt. $0.00
19, - STRAND DX,1088,,,O,$0.02 ,$0.00 ,2/4/2019,wbra,2/4/2019,wbra,563," - BIOPSY KIT, KNOW ERROR"," - BIOPSY KIT, KNOW ERROR",KIT,GENERAL ,KIT,,12/BX,$0.01 ,2,0,0,,1,Total Tx Amt. $0.00
17, - HEALTHTRONICS MOBILE SOLUTIONS,1089,,,O,$750.00 ,$0.00 ,2/4/2019,wbra,3/2/2019,wbra,529, - LASER FIBER HO 200 SINGLE USE, - LASER FIBER HO 200 SINGLE USE,95193,GENERAL ,200,,EA,$125.00 ,3,0,0,,2,Total Tx Amt. $0.00
17, - HEALTHTRONICS MOBILE SOLUTIONS,1089,,,O,$750.00 ,$0.00 ,2/4/2019,wbra,3/2/2019,wbra,531, - LASER FIBER HO 365 SINGLE USE, - LASER FIBER HO 365 SINGLE USE,95612,GENERAL ,365,,EA,$125.00 ,3,0,0,,2,Total Tx Amt. $0.00
8, - STERIS,1090,,,O,$188.64 ,$0.00 ,2/4/2019,wbra,3/2/2019,wbra,759, - Steris Printer Rolls, - Steris Printer Rolls,93929-020,STRL PRO,93929-020,,ea,$11.52 ,2,0,0,,2,Total Tx Amt. $0.00
8, - STERIS,1090,,,O,$188.64 ,$0.00 ,2/4/2019,wbra,3/2/2019,wbra,720," - SPD, STERIS STERILIZER INK CARTRIDGE"," - SPD, STERIS STERILIZER INK CARTRIDGE",150828-440,STRL PRO,150828-440,,1/BX,$41.40 ,4,0,0,,2,Total Tx Amt. $0.00
2, - CARDINAL HEALTH,1091,,,O,"$1,058.63 ",$0.00 ,2/4/2019,wbra,2/4/2019,wbra,756," - Suture, 2-0 Perma-Hand Silk"," - Suture, 2-0 Perma-Hand Silk",685G,,685G,,12/BX,$49.30 ,1,0,0,,6,Total Tx Amt. $0.00
2, - CARDINAL HEALTH,1091,,,O,"$1,058.63 ",$0.00 ,2/4/2019,wbra,2/4/2019,wbra,542, - DRP PACK MINOR PROCEDURE, - DRP PACK MINOR PROCEDURE,SPP99MN7AA,DRAPE   ,SPP99MN7AA,,1/CS,$105.35 ,3,0,0,,6,Total Tx Amt. $0.00
2, - CARDINAL HEALTH,1091,,,O,"$1,058.63 ",$0.00 ,2/4/2019,wbra,2/4/2019,wbra,422, - DISINFECT CAVIWIPE 1MIN, - DISINFECT CAVIWIPE 1MIN,MX13-1150,HSKPNG  ,13-1150,,12/CS,$65.57 ,1,0,0,,6,Total Tx Amt. $0.00
2, - CARDINAL HEALTH,1091,,,O,"$1,058.63 ",$0.00 ,2/4/2019,wbra,2/4/2019,wbra,313, - WRAP TRAY LINER WHT, - WRAP TRAY LINER WHT,KM10502B,STRL PRO,KM10502B,,1/CS,$55.66 ,2,0,0,,6,Total Tx Amt. $0.00
2, - CARDINAL HEALTH,1091,,,O,"$1,058.63 ",$0.00 ,2/4/2019,wbra,2/4/2019,wbra,31, - DRAPE CYSTO PACK, - DRAPE CYSTO PACK,SPP99CY1AA,DRAPE   ,SPP99CY1AA,,6/CS,$118.62 ,2,0,0,,6,Total Tx Amt. $0.00
2, - CARDINAL HEALTH,1091,,,O,"$1,058.63 ",$0.00 ,2/4/2019,wbra,2/4/2019,wbra,405, - SUTURE CHROMIC 3-0 SH 27IN, - SUTURE CHROMIC 3-0 SH 27IN,G122H,,G122H,,36/BX,$279.15 ,1,0,0,,6,Total Tx Amt. $0.00
1, - MCKESSON,1092,,,O,$107.47 ,$0.00 ,2/4/2019,wbra,3/26/2019,wbra,136, - FLUID LR 1000ML, - FLUID LR 1000ML,515492,GENERAL ,515492,,14/CS,$31.21 ,3,0,0,,2,Total Tx Amt. $0.00
1, - MCKESSON,1092,,,O,$107.47 ,$0.00 ,2/4/2019,wbra,3/26/2019,wbra,633," - TUBING, SUCTION NS BUBBLE"," - TUBING, SUCTION NS BUBBLE",8888280412,GLV/MSK ,161266,,1/CS,$13.84 ,1,0,0,,2,Total Tx Amt. $0.00
2, - CARDINAL HEALTH,1093,,,O,"$1,006.56 ",$0.00 ,2/5/2019,wbra,2/6/2019,wbra,105, - GLOVE PROTEXIS PI 9 LATEX FREE, - GLOVE PROTEXIS PI 9 LATEX FREE,2D72PT90X,GENERAL ,,,50/BX,$77.00 ,1,0,0,,4,Total Tx Amt. $0.00
2, - CARDINAL HEALTH,1093,,,O,"$1,006.56 ",$0.00 ,2/5/2019,wbra,2/6/2019,wbra,281, - SOCK SLIPPER ADULT XL, - SOCK SLIPPER ADULT XL,68125-GRY,,68125-GRY,,48/BX,$33.01 ,2,0,0,,4,Total Tx Amt. $0.00
2, - CARDINAL HEALTH,1093,,,O,"$1,006.56 ",$0.00 ,2/5/2019,wbra,2/6/2019,wbra,739, - SafeDay IV Administration Set, - SafeDay IV Administration Set,352904,PACU    ,,,50/BX,$377.52 ,2,0,0,,4,Total Tx Amt. $0.00
2, - CARDINAL HEALTH,1093,,,O,"$1,006.56 ",$0.00 ,2/5/2019,wbra,2/6/2019,wbra,305, - TEST PACK BOWIE DICK, - TEST PACK BOWIE DICK,00135ls,STRL PRO,M00135LF,,30/CS,$108.50 ,1,0,0,,4,Total Tx Amt. $0.00
1, - MCKESSON,1094,,,O,$493.91 ,$0.00 ,2/5/2019,wbra,2/6/2019,wbra,762, - Patient Belonging Bag, - Patient Belonging Bag,30421100,PACU    ,,,250/CS,$32.79 ,2,0,0,,5,Total Tx Amt. $0.00
1, - MCKESSON,1094,,,O,$493.91 ,$0.00 ,2/5/2019,wbra,2/6/2019,wbra,764," - Mask, Face Surg Light Blue pleated with ties"," - Mask, Face Surg Light Blue pleated with ties",48100,GENERAL ,206484,,1/CS,$23.81 ,1,0,0,,5,Total Tx Amt. $0.00
1, - MCKESSON,1094,,,O,$493.91 ,$0.00 ,2/5/2019,wbra,2/6/2019,wbra,342, - CONTAINER BIO WASTE 5QT RED, - CONTAINER BIO WASTE 5QT RED,2262,,881399,,20/CS,$66.63 ,1,0,0,,5,Total Tx Amt. $0.00
1, - MCKESSON,1094,,,O,$493.91 ,$0.00 ,2/5/2019,wbra,2/6/2019,wbra,143, - FLUID NACL 500ML, - FLUID NACL 500ML,2B1323Q,GENERAL ,,,24/CS,$55.43 ,3,0,0,,5,Total Tx Amt. $0.00
1, - MCKESSON,1094,,,O,$493.91 ,$0.00 ,2/5/2019,wbra,2/6/2019,wbra,140, - FLUID NACL 3000ML, - FLUID NACL 3000ML,230132,GENERAL ,230132,,4/CS,$34.32 ,5,0,0,,5,Total Tx Amt. $0.00
14, - BARD,1096,,,O,$450.00 ,$0.00 ,2/6/2019,wbra,2/6/2019,wbra,224, - NDL BIOPSY MAX CORE, - NDL BIOPSY MAX CORE,MC1825,IVSUPPLY,MC1825,,5/BX,$90.00 ,5,0,0,,1,Total Tx Amt. $0.00
4, - COOK MEDICAL,1097,,,O,"$1,567.96 ",$0.00 ,2/6/2019,wbra,2/6/2019,wbra,458, - COOK URETERAL STENT FIRM UNIVERSA, - COOK URETERAL STENT FIRM UNIVERSA,G23405,GENERAL ,G23405,,EA,$49.50 ,6,0,0,,4,Total Tx Amt. $0.00
4, - COOK MEDICAL,1097,,,O,"$1,567.96 ",$0.00 ,2/6/2019,wbra,2/6/2019,wbra,431, - COOK ACCESS SHEATH URETERAL 14FR 45CM, - COOK ACCESS SHEATH URETERAL 14FR 45CM,G46169,GENERAL ,G46169,,EA,$113.55 ,4,0,0,,4,Total Tx Amt. $0.00
4, - COOK MEDICAL,1097,,,O,"$1,567.96 ",$0.00 ,2/6/2019,wbra,2/6/2019,wbra,689, - COOK ACCESS SHEATH URETERAL, - COOK ACCESS SHEATH URETERAL,G46168,GENERAL ,G46168,,EA,$113.55 ,4,0,0,,4,Total Tx Amt. $0.00
4, - COOK MEDICAL,1097,,,O,"$1,567.96 ",$0.00 ,2/6/2019,wbra,2/6/2019,wbra,465, - COOK OPEN-END URETERAL CATH 5Fr, - COOK OPEN-END URETERAL CATH 5Fr,G14274,GENERAL ,G14274,,EA,$90.64 ,4,0,0,,4,Total Tx Amt. $0.00
3, - BOSTON SCIENTIFIC,1098,,,C,"$1,873.30 ",$0.00 ,2/6/2019,wbra,3/2/2019,wbra,446, - BOSTON SCI WIRE GUIDE SENSOR .035 STR, - BOSTON SCI WIRE GUIDE SENSOR .035 STR,M0066703081,GENERAL ,M0066703081,,5/BX,$374.66 ,5,0,0,,1,Total Tx Amt. $0.00
1, - MCKESSON,1099,,,O,$97.56 ,$0.00 ,2/6/2019,wbra,2/6/2019,wbra,632," - SHARPS, 18 GAL RED CONTAINER"," - SHARPS, 18 GAL RED CONTAINER",862336,HSKPNG  ,862336,,EA,$16.26 ,6,0,0,,1,Total Tx Amt. $0.00
1, - MCKESSON,1101,,,O,$162.46 ,$0.00 ,2/6/2019,wbra,2/7/2019,wbra,228, - NDL CHIBA 20G, - NDL CHIBA 20G,CNM-2008,IVSUPPLY,CNM-2008,,10/BX,$81.23 ,2,0,0,,1,Total Tx Amt. $0.00
21, - BK Medical,1102,,,O,"$1,180.00 ",$0.00 ,2/6/2019,wbra,2/6/2019,wbra,723," - SUPP, ULTRASOUND GUIDE, BK"," - SUPP, ULTRASOUND GUIDE, BK",UA1322-S,GENERAL ,UA1322-S,,18/CS,$295.00 ,4,0,0,,1,Total Tx Amt. $0.00
13, - CARE FUSION,1104,,,C,$133.52 ,$0.00 ,2/7/2019,wbra,3/2/2019,wbra,769," - Instrument, Halsted Mosquito Forceps CVD"," - Instrument, Halsted Mosquito Forceps CVD",SU2702,GENERAL ,,,EA,$16.69 ,8,0,0,,1,Total Tx Amt. $0.00
1, - MCKESSON,1105,,,O,$61.35 ,$0.00 ,2/7/2019,wbra,2/7/2019,wbra,38, - DRAPE IOBAN 23X17, - DRAPE IOBAN 23X17,M6650EZ,DRAPE   ,401845,,10/BX,$55.55 ,1,0,0,,2,Total Tx Amt. $0.00
1, - MCKESSON,1105,,,O,$61.35 ,$0.00 ,2/7/2019,wbra,2/7/2019,wbra,770," - liner, trash can 60 gal roll"," - liner, trash can 60 gal roll",980394,HSKPNG  ,,,1/RL,$2.90 ,2,0,0,,2,Total Tx Amt. $0.00
1, - MCKESSON,1106,,,O,$384.51 ,$0.00 ,2/7/2019,wbra,2/11/2019,wbra,710," - SUPP, NASAL CAN GAS SAMPLE 7'"," - SUPP, NASAL CAN GAS SAMPLE 7'",999489,ANESTHE ,999489,,25/CS,$42.19 ,3,0,0,,7,Total Tx Amt. $0.00
1, - MCKESSON,1106,,,O,$384.51 ,$0.00 ,2/7/2019,wbra,2/11/2019,wbra,417, - SYRINGE LL 5ML, - SYRINGE LL 5ML,BF309646A,,1031805,,100/BX,$6.10 ,1,0,0,,7,Total Tx Amt. $0.00
1, - MCKESSON,1106,,,O,$384.51 ,$0.00 ,2/7/2019,wbra,2/11/2019,wbra,420, - SYRINGE LL 10ML, - SYRINGE LL 10ML,1031801,,1031801,,100/BX,$7.50 ,2,0,0,,7,Total Tx Amt. $0.00
1, - MCKESSON,1106,,,O,$384.51 ,$0.00 ,2/7/2019,wbra,2/11/2019,wbra,421, - SYRINGE LL 20ML, - SYRINGE LL 20ML,1031802,,1031802,,100/BX,$19.80 ,2,0,0,,7,Total Tx Amt. $0.00
1, - MCKESSON,1106,,,O,$384.51 ,$0.00 ,2/7/2019,wbra,2/11/2019,wbra,774," - Trash Bag Extra Heavy duty 60 gal 17mic, 38 x 58"," - Trash Bag Extra Heavy duty 60 gal 17mic, 38 x 58",980394,HSKPNG  ,,,2400/CS,$29.04 ,1,0,0,,7,Total Tx Amt. $0.00
1, - MCKESSON,1106,,,O,$384.51 ,$0.00 ,2/7/2019,wbra,2/11/2019,wbra,20, - POSITIONER DONUT FOAM 9IN, - POSITIONER DONUT FOAM 9IN,40402,ANESTHE ,,,30/BX,$78.23 ,1,0,0,,7,Total Tx Amt. $0.00
1, - MCKESSON,1106,,,O,$384.51 ,$0.00 ,2/7/2019,wbra,2/11/2019,wbra,142, - FLUID NACL 1000ML, - FLUID NACL 1000ML,515490,GENERAL ,515490,,14/CS,$29.99 ,3,0,0,,7,Total Tx Amt. $0.00
2, - CARDINAL HEALTH,1107,,,C,"$1,114.40 ",$0.00 ,2/7/2019,wbra,3/2/2019,wbra,670," - ANES, AIRWAY, LMA IGEL 4"," - ANES, AIRWAY, LMA IGEL 4",8204000,ANESTHE ,I8204,,25/CS,$545.54 ,1,0,0,,5,Total Tx Amt. $0.00
2, - CARDINAL HEALTH,1107,,,C,"$1,114.40 ",$0.00 ,2/7/2019,wbra,3/2/2019,wbra,106, - GOWN XLARGE, - GOWN XLARGE,9545,GENERAL ,9545,,20/CS,$45.85 ,1,0,0,,5,Total Tx Amt. $0.00
2, - CARDINAL HEALTH,1107,,,C,"$1,114.40 ",$0.00 ,2/7/2019,wbra,3/2/2019,wbra,542, - DRP PACK MINOR PROCEDURE, - DRP PACK MINOR PROCEDURE,SPP99MN7AA,DRAPE   ,SPP99MN7AA,,1/CS,$92.00 ,2,0,0,,5,Total Tx Amt. $0.00
2, - CARDINAL HEALTH,1107,,,C,"$1,114.40 ",$0.00 ,2/7/2019,wbra,3/2/2019,wbra,347, - CAUTERY HANDHELD PUSH BUTTON HOLSTER, - CAUTERY HANDHELD PUSH BUTTON HOLSTER,E2516H,,E2516HA,,50/CS,$239.00 ,1,0,0,,5,Total Tx Amt. $0.00
2, - CARDINAL HEALTH,1107,,,C,"$1,114.40 ",$0.00 ,2/7/2019,wbra,3/2/2019,wbra,351, - CAUTERY PAD GROUND ADULT 10FT CONMED, - CAUTERY PAD GROUND ADULT 10FT CONMED,22-ESREC,,410-2000A,,25/BX,$100.01 ,1,0,0,,5,Total Tx Amt. $0.00
28, - COOPER SURGICAL,1111,,,O,$429.98 ,$0.00 ,2/11/2019,wbra,3/2/2019,wbra,775," - Hook, Blunt End Elastic"," - Hook, Blunt End Elastic",3350-8G,GENERAL ,,,4/BX,$75.07 ,4,0,0,,2,Total Tx Amt. $0.00
28, - COOPER SURGICAL,1111,,,O,$429.98 ,$0.00 ,2/11/2019,wbra,3/2/2019,wbra,776, - Elastic Stays 3 Finger 20 mm x 20mm, - Elastic Stays 3 Finger 20 mm x 20mm,3335-4G,GENERAL ,3335-4G,,4/BX,$64.85 ,2,0,0,,2,Total Tx Amt. $0.00
1, - MCKESSON,1112,,,O,$373.68 ,$0.00 ,2/12/2019,wbra,2/12/2019,wbra,144, - SUT SKIN ADHESIVE, - SUT SKIN ADHESIVE,122-LBX,SUTURE  ,122-LBX,,10/CS,$186.84 ,2,0,0,,1,Total Tx Amt. $0.00
2, - CARDINAL HEALTH,1113,,,O,"$1,768.89 ",$0.00 ,2/12/2019,wbra,3/2/2019,wbra,31, - DRAPE CYSTO PACK, - DRAPE CYSTO PACK,SPP99CY1AA,DRAPE   ,SPP99CY1AA,,6/CS,$118.62 ,3,0,0,,13,Total Tx Amt. $0.00
2, - CARDINAL HEALTH,1113,,,O,"$1,768.89 ",$0.00 ,2/12/2019,wbra,3/2/2019,wbra,779, - Surgical Blade Bard-Parker 10 Sterile, - Surgical Blade Bard-Parker 10 Sterile,371110,GENERAL ,D2865-10,,50/BX,$14.38 ,2,0,0,,13,Total Tx Amt. $0.00
2, - CARDINAL HEALTH,1113,,,O,"$1,768.89 ",$0.00 ,2/12/2019,wbra,3/2/2019,wbra,409, - SUTURE MONOCRYL 4-0 18IN, - SUTURE MONOCRYL 4-0 18IN,Y496G,,Y496G,,12/BX,$54.47 ,2,0,0,,13,Total Tx Amt. $0.00
2, - CARDINAL HEALTH,1113,,,O,"$1,768.89 ",$0.00 ,2/12/2019,wbra,3/2/2019,wbra,756," - Suture, 2-0 Perma-Hand Silk"," - Suture, 2-0 Perma-Hand Silk",685G,,K833-H,,12/BX,$39.20 ,3,0,0,,13,Total Tx Amt. $0.00
2, - CARDINAL HEALTH,1113,,,O,"$1,768.89 ",$0.00 ,2/12/2019,wbra,3/2/2019,wbra,324, - WRAP DOUBLE LAYER 48X48, - WRAP DOUBLE LAYER 48X48,CH3G0048,,CH3G0048,,96/CS,$118.62 ,2,0,0,,13,Total Tx Amt. $0.00
2, - CARDINAL HEALTH,1113,,,O,"$1,768.89 ",$0.00 ,2/12/2019,wbra,3/2/2019,wbra,305, - TEST PACK BOWIE DICK, - TEST PACK BOWIE DICK,00135ls,STRL PRO,M00135LF,,30/CS,$108.50 ,2,0,0,,13,Total Tx Amt. $0.00
2, - CARDINAL HEALTH,1113,,,O,"$1,768.89 ",$0.00 ,2/12/2019,wbra,3/2/2019,wbra,538, - SPD ATTEST SUPER RAPID READOUT STEAM PACK, - SPD ATTEST SUPER RAPID READOUT STEAM PACK,M1496V,STRL PRO,M1496V,,24/CS,$200.44 ,1,0,0,,13,Total Tx Amt. $0.00
2, - CARDINAL HEALTH,1113,,,O,"$1,768.89 ",$0.00 ,2/12/2019,wbra,3/2/2019,wbra,684," - GOWN, LG AAMI 4 SMART SLEEVE (LEVINE)"," - GOWN, LG AAMI 4 SMART SLEEVE (LEVINE)",9011,GENERAL ,9011,,20/CS,$63.77 ,1,0,0,,13,Total Tx Amt. $0.00
2, - CARDINAL HEALTH,1113,,,O,"$1,768.89 ",$0.00 ,2/12/2019,wbra,3/2/2019,wbra,102, - GLOVE PROTEXIS PI 7.5 LATEX FREE, - GLOVE PROTEXIS PI 7.5 LATEX FREE,2D72PT75X,GENERAL ,2d72pt75x,,50/BX,$89.45 ,1,0,0,,13,Total Tx Amt. $0.00
2, - CARDINAL HEALTH,1113,,,O,"$1,768.89 ",$0.00 ,2/12/2019,wbra,3/2/2019,wbra,371, - FLUID SUCTION YANKAUER, - FLUID SUCTION YANKAUER,CFK61,GENERAL ,K61,,50/CS,$29.99 ,1,0,0,,13,Total Tx Amt. $0.00
2, - CARDINAL HEALTH,1113,,,O,"$1,768.89 ",$0.00 ,2/12/2019,wbra,3/2/2019,wbra,105, - GLOVE PROTEXIS PI 9 LATEX FREE, - GLOVE PROTEXIS PI 9 LATEX FREE,2D72PT90X,GENERAL ,,,50/BX,$89.45 ,1,0,0,,13,Total Tx Amt. $0.00
2, - CARDINAL HEALTH,1113,,,O,"$1,768.89 ",$0.00 ,2/12/2019,wbra,3/2/2019,wbra,103, - GLOVE PROTEXIS PI 8 LATEX FREE, - GLOVE PROTEXIS PI 8 LATEX FREE,2D72PT80X,GENERAL ,,,50/BX,$89.45 ,1,0,0,,13,Total Tx Amt. $0.00
2, - CARDINAL HEALTH,1113,,,O,"$1,768.89 ",$0.00 ,2/12/2019,wbra,3/2/2019,wbra,363, - CONTAINER SUCTION 3000ML, - CONTAINER SUCTION 3000ML,65651-230,GENERAL ,65651-230,,1/CS,$70.47 ,2,0,0,,13,Total Tx Amt. $0.00
1, - MCKESSON,1114,,,O,$985.02 ,$0.00 ,2/12/2019,wbra,2/13/2019,wbra,228, - NDL CHIBA 20G, - NDL CHIBA 20G,CNM-2008,IVSUPPLY,CNM-2008,,10/BX,$64.89 ,4,0,0,,9,Total Tx Amt. $0.00
1, - MCKESSON,1114,,,O,$985.02 ,$0.00 ,2/12/2019,wbra,2/13/2019,wbra,780, - Splash Guard for Hopper Sink, - Splash Guard for Hopper Sink,600-040,STRL PRO,,,EA,$228.82 ,1,0,0,,9,Total Tx Amt. $0.00
1, - MCKESSON,1114,,,O,$985.02 ,$0.00 ,2/12/2019,wbra,2/13/2019,wbra,778, - Suture Vicyrl 2-0 70 cm, - Suture Vicyrl 2-0 70 cm,J417H,,,,36/BX,$57.06 ,1,0,0,,9,Total Tx Amt. $0.00
1, - MCKESSON,1114,,,O,$985.02 ,$0.00 ,2/12/2019,wbra,2/13/2019,wbra,249, - CONTROL PREG HCG, - CONTROL PREG HCG,5011,MEDS    ,951315,,1/BX,$17.04 ,2,0,0,,9,Total Tx Amt. $0.00
1, - MCKESSON,1114,,,O,$985.02 ,$0.00 ,2/12/2019,wbra,2/13/2019,wbra,136, - FLUID LR 1000ML, - FLUID LR 1000ML,515492,GENERAL ,515492,,14/CS,$31.21 ,3,0,0,,9,Total Tx Amt. $0.00
1, - MCKESSON,1114,,,O,$985.02 ,$0.00 ,2/12/2019,wbra,2/13/2019,wbra,268, - MARKER SKIN MINI NS, - MARKER SKIN MINI NS,1042455,MEDS    ,1042455,,100/BX,$33.13 ,1,0,0,,9,Total Tx Amt. $0.00
1, - MCKESSON,1114,,,O,$985.02 ,$0.00 ,2/12/2019,wbra,2/13/2019,wbra,767, - Monoject PreFill IV Flush Sodium Chloride, - Monoject PreFill IV Flush Sodium Chloride,8881570121,GENERAL ,472080,,1800/CS,$70.27 ,1,0,0,,9,Total Tx Amt. $0.00
1, - MCKESSON,1114,,,O,$985.02 ,$0.00 ,2/12/2019,wbra,2/13/2019,wbra,555, - BLANKET BAIR HUGGER UPPER, - BLANKET BAIR HUGGER UPPER,1045420,GENERAL ,1045420,,10/BX,$69.61 ,2,0,0,,9,Total Tx Amt. $0.00
1, - MCKESSON,1114,,,O,$985.02 ,$0.00 ,2/12/2019,wbra,2/13/2019,wbra,195, - MED LUBRICATING JELLY 4OZ, - MED LUBRICATING JELLY 4OZ,LUB-4FLP,HSKPNG  ,1066700,,1/CS,$69.25 ,1,0,0,,9,Total Tx Amt. $0.00
19, - STRAND DX,1115,,,O,$0.02 ,$0.00 ,2/13/2019,wbra,2/13/2019,wbra,563," - BIOPSY KIT, KNOW ERROR"," - BIOPSY KIT, KNOW ERROR",KIT,GENERAL ,KIT,,12/BX,$0.01 ,2,0,0,,1,Total Tx Amt. $0.00
1, - MCKESSON,1118,,,O,$132.32 ,$0.00 ,2/13/2019,wbra,2/13/2019,wbra,140, - FLUID NACL 3000ML, - FLUID NACL 3000ML,230132,GENERAL ,230132,,4/CS,$33.08 ,4,0,0,,1,Total Tx Amt. $0.00
1, - MCKESSON,1119,,,O,$564.74 ,$0.00 ,2/14/2019,wbra,2/14/2019,wbra,250, - CONTROL GLUCOSE LEVEL 1, - CONTROL GLUCOSE LEVEL 1,06-R5051-1,MEDS    ,960304,,ea,$5.15 ,5,0,0,,8,Total Tx Amt. $0.00
1, - MCKESSON,1119,,,O,$564.74 ,$0.00 ,2/14/2019,wbra,2/14/2019,wbra,251, - CONTROL GLUCOSE LEVEL 2, - CONTROL GLUCOSE LEVEL 2,06-R5051-2,MEDS    ,960301,,EA,$5.15 ,5,0,0,,8,Total Tx Amt. $0.00
1, - MCKESSON,1119,,,O,$564.74 ,$0.00 ,2/14/2019,wbra,2/14/2019,wbra,781, - Adhesive Remover, - Adhesive Remover,SNS00550,GENERAL ,977963,,50/BX,$7.39 ,1,0,0,,8,Total Tx Amt. $0.00
1, - MCKESSON,1119,,,O,$564.74 ,$0.00 ,2/14/2019,wbra,2/14/2019,wbra,782, - Dental Bibs, - Dental Bibs,43445,GENERAL ,853587,,6/CT,$15.04 ,1,0,0,,8,Total Tx Amt. $0.00
1, - MCKESSON,1119,,,O,$564.74 ,$0.00 ,2/14/2019,wbra,2/14/2019,wbra,228, - NDL CHIBA 20G, - NDL CHIBA 20G,CNM-2008,IVSUPPLY,CNM-2008,,10/BX,$81.26 ,4,0,0,,8,Total Tx Amt. $0.00
1, - MCKESSON,1119,,,O,$564.74 ,$0.00 ,2/14/2019,wbra,2/14/2019,wbra,764," - Mask, Face Surg Light Blue pleated with ties"," - Mask, Face Surg Light Blue pleated with ties",48100,GENERAL ,206484,,1/CS,$23.81 ,1,0,0,,8,Total Tx Amt. $0.00
1, - MCKESSON,1119,,,O,$564.74 ,$0.00 ,2/14/2019,wbra,2/14/2019,wbra,783," - Sponge, Gauze 4x4 12 Ply"," - Sponge, Gauze 4x4 12 Ply",44122000,GENERAL ,440343,,1/CS,$40.38 ,1,0,0,,8,Total Tx Amt. $0.00
1, - MCKESSON,1119,,,O,$564.74 ,$0.00 ,2/14/2019,wbra,2/14/2019,wbra,784, - Sod Chl ISOL 100 Ml, - Sod Chl ISOL 100 Ml,S8004-5264,PACU    ,,,1/CS,$101.58 ,1,0,0,,8,Total Tx Amt. $0.00
28, - COOPER SURGICAL,1120,,,O,$69.64 ,$0.00 ,2/14/2019,wbra,2/14/2019,wbra,652," - RETRACTOR, LONE STAR, RING WITH CLIPS"," - RETRACTOR, LONE STAR, RING WITH CLIPS",3304G,GENERAL ,3304G,,EA,$69.64 ,1,0,0,,1,Total Tx Amt. $0.00
3, - BOSTON SCIENTIFIC,1121,,,O,$0.04 ,$0.00 ,2/14/2019,wbra,2/14/2019,wbra,, - Items used on 2/14/2019, - Items used on 2/14/2019,,,,,EA,$0.01 ,4,0,0,4 Items used on 2/14/2019,1,Total Tx Amt. $0.00
15, - TELEFLEX/ARROW,1123,,,O,$270.00 ,$0.00 ,2/14/2019,wbra,2/15/2019,wbra,518, - ANES LMA 4 UNIQUE, - ANES LMA 4 UNIQUE,105200-000040,ANESTHE ,105200-000040,,10/BX,$135.00 ,2,0,0,,1,Total Tx Amt. $0.00
2, - CARDINAL HEALTH,1125,,,O,"$1,242.44 ",$0.00 ,2/14/2019,wbra,2/15/2019,wbra,542, - DRP PACK MINOR PROCEDURE, - DRP PACK MINOR PROCEDURE,SPP99MN7AA,DRAPE   ,SPP99MN7AA,,1/CS,$92.00 ,4,0,0,,7,Total Tx Amt. $0.00
2, - CARDINAL HEALTH,1125,,,O,"$1,242.44 ",$0.00 ,2/14/2019,wbra,2/15/2019,wbra,368, - BLADE SURGICAL #15 S BD, - BLADE SURGICAL #15 S BD,D2862-15,,D2862-15a,,12/BX,$16.00 ,1,0,0,,7,Total Tx Amt. $0.00
2, - CARDINAL HEALTH,1125,,,O,"$1,242.44 ",$0.00 ,2/14/2019,wbra,2/15/2019,wbra,773," - SUPP, TUBING, CYSTO"," - SUPP, TUBING, CYSTO",V4608-20,GENERAL ,V4608-20,,10/BX,$143.05 ,2,0,0,,7,Total Tx Amt. $0.00
2, - CARDINAL HEALTH,1125,,,O,"$1,242.44 ",$0.00 ,2/14/2019,wbra,2/15/2019,wbra,726," - SUPP, Y TUBING"," - SUPP, Y TUBING",2C4005,GENERAL ,2x4005,,12/CS,$143.03 ,2,0,0,,7,Total Tx Amt. $0.00
2, - CARDINAL HEALTH,1125,,,O,"$1,242.44 ",$0.00 ,2/14/2019,wbra,2/15/2019,wbra,70, - GLOVE EXAM LARGE NITRILE, - GLOVE EXAM LARGE NITRILE,88TN04L,GENERAL ,,,10/CS,$87.80 ,1,0,0,,7,Total Tx Amt. $0.00
2, - CARDINAL HEALTH,1125,,,O,"$1,242.44 ",$0.00 ,2/14/2019,wbra,2/15/2019,wbra,785, - Sheaths Ultra sound Probe cover, - Sheaths Ultra sound Probe cover,25001,GENERAL ,25001,,1/BX,$91.48 ,1,0,0,,7,Total Tx Amt. $0.00
2, - CARDINAL HEALTH,1125,,,O,"$1,242.44 ",$0.00 ,2/14/2019,wbra,2/15/2019,wbra,787," - surgical towel, blue disposable"," - surgical towel, blue disposable",371110,,28100-999,,100/CS,$107.00 ,1,0,0,,7,Total Tx Amt. $0.00
13, - CARE FUSION,1126,,,O,$111.72 ,$0.00 ,2/15/2019,wbra,2/15/2019,wbra,786," - Instrument, Richardson Retracter Blade"," - Instrument, Richardson Retracter Blade",SU3478,,SU3478,,EA,$55.86 ,2,0,0,,1,Total Tx Amt. $0.00
19, - STRAND DX,1127,,,O,$0.04 ,$0.00 ,2/15/2019,wbra,2/15/2019,wbra,563," - BIOPSY KIT, KNOW ERROR"," - BIOPSY KIT, KNOW ERROR",KIT,GENERAL ,KIT,,12/BX,$0.01 ,4,0,0,,1,Total Tx Amt. $0.00
28, - COOPER SURGICAL,1128,,,O,$300.28 ,$0.00 ,2/15/2019,wbra,3/2/2019,wbra,652," - RETRACTOR, LONE STAR, RING WITH CLIPS"," - RETRACTOR, LONE STAR, RING WITH CLIPS",3304G,GENERAL ,3304G,,EA,$75.07 ,4,0,0,,1,Total Tx Amt. $0.00
4, - COOK MEDICAL,1129,,,O,$725.34 ,$0.00 ,2/15/2019,wbra,2/15/2019,wbra,459, - COOK URETERAL STENT FIRM UNIVERSA, - COOK URETERAL STENT FIRM UNIVERSA,G23406,GENERAL ,G23406,,EA,$49.50 ,5,0,0,,3,Total Tx Amt. $0.00
4, - COOK MEDICAL,1129,,,O,$725.34 ,$0.00 ,2/15/2019,wbra,2/15/2019,wbra,433, - COOK ACCESS SHEATH URETERAL 12FR 35CM, - COOK ACCESS SHEATH URETERAL 12FR 35CM,G19168,GENERAL ,G19168,,EA,$113.55 ,4,0,0,,3,Total Tx Amt. $0.00
4, - COOK MEDICAL,1129,,,O,$725.34 ,$0.00 ,2/15/2019,wbra,2/15/2019,wbra,448, - COOK WIRE GUIDE AMPLATZ SUPER STIFF .035, - COOK WIRE GUIDE AMPLATZ SUPER STIFF .035,G53559,GENERAL ,G53559,,5/BX,$23.64 ,1,0,0,"Alice
Conf# 18674.452",3,Total Tx Amt. $0.00
17, - HEALTHTRONICS MOBILE SOLUTIONS,1130,,,O,"$1,575.00 ",$0.00 ,2/15/2019,wbra,2/15/2019,wbra,531, - LASER FIBER HO 365 SINGLE USE, - LASER FIBER HO 365 SINGLE USE,95612,GENERAL ,365,,EA,$125.00 ,3,0,0,,2,Total Tx Amt. $0.00
17, - HEALTHTRONICS MOBILE SOLUTIONS,1130,,,O,"$1,575.00 ",$0.00 ,2/15/2019,wbra,2/15/2019,wbra,533, - LASER FIBER HO 940 SINGLE USE, - LASER FIBER HO 940 SINGLE USE,95196,GENERAL ,940,,EA,$240.00 ,5,0,0,,2,Total Tx Amt. $0.00
16, - OLYMPUS,1131,,,O,$395.00 ,$0.00 ,2/15/2019,wbra,2/15/2019,wbra,528, - GLIDEWIRE 0.035 STR TIP STIFF OLYMPUS, - GLIDEWIRE 0.035 STR TIP STIFF OLYMPUS,UWS1035,GENERAL ,UWS1035,,5/BX,$395.00 ,1,0,0,,1,Total Tx Amt. $0.00
3, - BOSTON SCIENTIFIC,1132,,,C,"$1,394.40 ",$0.00 ,2/15/2019,wbra,3/2/2019,wbra,645," - BASKET, ZERO TIP 1.9FR X 120CM BOSTON"," - BASKET, ZERO TIP 1.9FR X 120CM BOSTON",M0063901050,GENERAL ,M0063901050,,EA,$348.60 ,4,0,0,,1,Total Tx Amt. $0.00
11, - RICHARD WOLF,1133,,,O,"$1,220.00 ",$0.00 ,2/15/2019,wbra,2/15/2019,wbra,434, - CUTTING ELECTRODE 24FR BIPOLAR, - CUTTING ELECTRODE 24FR BIPOLAR,4622.1313,GENERAL ,4622-1313,,1/BX,"$1,220.00 ",1,0,0,,1,Total Tx Amt. $0.00
20, - APPLIED MEDICAL,1134,,,C,$300.00 ,$0.00 ,2/18/2019,wbra,2/19/2019,wbra,572," - CAP, SURESEAL II"," - CAP, SURESEAL II",SEAL-005,GENERAL ,SEAL-005,,10/BX,$150.00 ,2,0,0,,1,Total Tx Amt. $0.00
2, - CARDINAL HEALTH,1135,,,O,$108.72 ,$0.00 ,2/18/2019,wbra,2/18/2019,wbra,422, - DISINFECT CAVIWIPE 1MIN, - DISINFECT CAVIWIPE 1MIN,MX13-1150,HSKPNG  ,13-1150,,12/CS,$40.70 ,2,0,0,,2,Total Tx Amt. $0.00
2, - CARDINAL HEALTH,1135,,,O,$108.72 ,$0.00 ,2/18/2019,wbra,2/18/2019,wbra,663," - SPD, PEEL POUCH 7.5 X 13"," - SPD, PEEL POUCH 7.5 X 13",92713,STRL PRO,92713,,258/PK,$13.66 ,2,0,0,,2,Total Tx Amt. $0.00
8, - STERIS,1137,,,O,$0.00 ,$0.00 ,2/18/2019,wbra,2/18/2019,wbra,544," - SPD, INDICATOR, ULTRASONIC"," - SPD, INDICATOR, ULTRASONIC",U501,STRL PRO,U501,,1/BX,$0.00 ,4,0,0,,1,Total Tx Amt. $0.00
1, - MCKESSON,1138,,,O,$559.46 ,$0.00 ,2/18/2019,wbra,2/20/2019,wbra,16, - ANES ADULT MASK SIZE 6, - ANES ADULT MASK SIZE 6,1065,ANESTHE ,204233,,50/BX,$88.77 ,1,0,0,,6,Total Tx Amt. $0.00
1, - MCKESSON,1138,,,O,$559.46 ,$0.00 ,2/18/2019,wbra,2/20/2019,wbra,140, - FLUID NACL 3000ML, - FLUID NACL 3000ML,230132,GENERAL ,230132,,4/CS,$34.32 ,1,0,0,,6,Total Tx Amt. $0.00
1, - MCKESSON,1138,,,O,$559.46 ,$0.00 ,2/18/2019,wbra,2/20/2019,wbra,228, - NDL CHIBA 20G, - NDL CHIBA 20G,CNM-2008,IVSUPPLY,CNM-2008,,10/BX,$64.89 ,3,0,0,,6,Total Tx Amt. $0.00
1, - MCKESSON,1138,,,O,$559.46 ,$0.00 ,2/18/2019,wbra,2/20/2019,wbra,790, - hcg Urine Test Cassette, - hcg Urine Test Cassette,5001,PACU    ,949871,,25/BX,$20.31 ,2,0,0,,6,Total Tx Amt. $0.00
1, - MCKESSON,1138,,,O,$559.46 ,$0.00 ,2/18/2019,wbra,2/20/2019,wbra,791, - Two-Bag Irrigation Set W/Bubble Chamber, - Two-Bag Irrigation Set W/Bubble Chamber,811890,GENERAL ,811890,,10/BX,$56.57 ,2,0,0,,6,Total Tx Amt. $0.00
1, - MCKESSON,1138,,,O,$559.46 ,$0.00 ,2/18/2019,wbra,2/20/2019,wbra,143, - FLUID NACL 500ML, - FLUID NACL 500ML,2B1323Q,GENERAL ,467131,,24/CS,$43.97 ,2,0,0,,6,Total Tx Amt. $0.00
2, - CARDINAL HEALTH,1139,,,C,"$2,940.81 ",$0.00 ,2/19/2019,wbra,3/2/2019,wbra,134, - IV START KIT, - IV START KIT,01-9000A,GENERAL ,01-9000A,,100/CS,$100.00 ,1,0,0,,12,Total Tx Amt. $0.00
2, - CARDINAL HEALTH,1139,,,C,"$2,940.81 ",$0.00 ,2/19/2019,wbra,3/2/2019,wbra,739, - SafeDay IV Administration Set, - SafeDay IV Administration Set,352904,PACU    ,,,50/BX,$377.52 ,2,0,0,,12,Total Tx Amt. $0.00
2, - CARDINAL HEALTH,1139,,,C,"$2,940.81 ",$0.00 ,2/19/2019,wbra,3/2/2019,wbra,132, - IV CATH INTROCAN 24X3/4, - IV CATH INTROCAN 24X3/4,425250002A,GENERAL ,,,50/BX,$204.29 ,4,0,0,,12,Total Tx Amt. $0.00
2, - CARDINAL HEALTH,1139,,,C,"$2,940.81 ",$0.00 ,2/19/2019,wbra,3/2/2019,wbra,74, - GLOVE EXAM MEDIUM NITRILE, - GLOVE EXAM MEDIUM NITRILE,88TN03M,GENERAL ,88TN03M,,1/CS,$87.80 ,2,0,0,,12,Total Tx Amt. $0.00
2, - CARDINAL HEALTH,1139,,,C,"$2,940.81 ",$0.00 ,2/19/2019,wbra,3/2/2019,wbra,71, - GLOVE EXAM SMALL NITRILE, - GLOVE EXAM SMALL NITRILE,88TN02S,GENERAL ,88TN02S,,10/CS,$87.80 ,1,0,0,,12,Total Tx Amt. $0.00
2, - CARDINAL HEALTH,1139,,,C,"$2,940.81 ",$0.00 ,2/19/2019,wbra,3/2/2019,wbra,76, - GLOVE EXAM XLARGE NITRILE, - GLOVE EXAM XLARGE NITRILE,88TN05XL,GENERAL ,88TN05XL,,1/CS,$87.80 ,1,0,0,,12,Total Tx Amt. $0.00
2, - CARDINAL HEALTH,1139,,,C,"$2,940.81 ",$0.00 ,2/19/2019,wbra,3/2/2019,wbra,101, - GLOVE PROTEXIS PI 7 LATEX FREE, - GLOVE PROTEXIS PI 7 LATEX FREE,2D72PT70X,GENERAL ,,,50/BX,$89.45 ,2,0,0,,12,Total Tx Amt. $0.00
2, - CARDINAL HEALTH,1139,,,C,"$2,940.81 ",$0.00 ,2/19/2019,wbra,3/2/2019,wbra,102, - GLOVE PROTEXIS PI 7.5 LATEX FREE, - GLOVE PROTEXIS PI 7.5 LATEX FREE,2D72PT75X,GENERAL ,2d72pt75x,,50/BX,$89.45 ,1,0,0,,12,Total Tx Amt. $0.00
2, - CARDINAL HEALTH,1139,,,C,"$2,940.81 ",$0.00 ,2/19/2019,wbra,3/2/2019,wbra,103, - GLOVE PROTEXIS PI 8 LATEX FREE, - GLOVE PROTEXIS PI 8 LATEX FREE,2D72PT80X,GENERAL ,,,50/BX,$89.45 ,1,0,0,,12,Total Tx Amt. $0.00
2, - CARDINAL HEALTH,1139,,,C,"$2,940.81 ",$0.00 ,2/19/2019,wbra,3/2/2019,wbra,619," - ANES, AIRWAY ORAL 90MM YELLOW"," - ANES, AIRWAY ORAL 90MM YELLOW",122790A,ANESTHE ,122790A,,10/BX,$9.82 ,2,0,0,,12,Total Tx Amt. $0.00
2, - CARDINAL HEALTH,1139,,,C,"$2,940.81 ",$0.00 ,2/19/2019,wbra,3/2/2019,wbra,564, - ANES AIRWAY ORAL 100MM RED, - ANES AIRWAY ORAL 100MM RED,16-2101G,ANESTHE ,1227100A,,10/BX,$9.82 ,2,0,0,,12,Total Tx Amt. $0.00
2, - CARDINAL HEALTH,1139,,,C,"$2,940.81 ",$0.00 ,2/19/2019,wbra,3/2/2019,wbra,789, - IGel #3 laryngealmask airway, - IGel #3 laryngealmask airway,8203000,ANESTHE ,I8203030,,25/CT,$520.33 ,1,0,0,,12,Total Tx Amt. $0.00
4, - COOK MEDICAL,1140,,,O,$94.56 ,$0.00 ,2/19/2019,wbra,2/19/2019,wbra,448, - COOK WIRE GUIDE AMPLATZ SUPER STIFF .035, - COOK WIRE GUIDE AMPLATZ SUPER STIFF .035,G53559,GENERAL ,G53559,,EA,$23.64 ,4,0,0,,1,Total Tx Amt. $0.00
1, - MCKESSON,1141,,,O,$242.56 ,$0.00 ,2/19/2019,wbra,2/19/2019,wbra,726," - SUPP, Y TUBING"," - SUPP, Y TUBING",2C4005,GENERAL ,2C4005,,12/CS,$121.28 ,2,0,0,,1,Total Tx Amt. $0.00
21, - BK Medical,1143,,,O,$885.00 ,$0.00 ,2/19/2019,wbra,2/19/2019,wbra,723," - SUPP, ULTRASOUND GUIDE, BK"," - SUPP, ULTRASOUND GUIDE, BK",UA1322-S,GENERAL ,UA1322-S,,18/CS,$295.00 ,3,0,0,,1,Total Tx Amt. $0.00
2, - CARDINAL HEALTH,1144,,,C,$439.07 ,$0.00 ,2/19/2019,wbra,3/2/2019,wbra,39, - DRAPE MAYO STAND COVER, - DRAPE MAYO STAND COVER,8337,DRAPE   ,,,30/CS,$25.95 ,1,0,0,,5,Total Tx Amt. $0.00
2, - CARDINAL HEALTH,1144,,,C,$439.07 ,$0.00 ,2/19/2019,wbra,3/2/2019,wbra,31, - DRAPE CYSTO PACK, - DRAPE CYSTO PACK,SPP99CY1AA,DRAPE   ,SPP99CY1AA,,6/CS,$118.62 ,2,0,0,,5,Total Tx Amt. $0.00
2, - CARDINAL HEALTH,1144,,,C,$439.07 ,$0.00 ,2/19/2019,wbra,3/2/2019,wbra,106, - GOWN XLARGE, - GOWN XLARGE,9545,GENERAL ,9545,,20/CS,$45.85 ,1,0,0,,5,Total Tx Amt. $0.00
2, - CARDINAL HEALTH,1144,,,C,$439.07 ,$0.00 ,2/19/2019,wbra,3/2/2019,wbra,372, - DRAPE TOWEL SURGICAL 4PK BLUE, - DRAPE TOWEL SURGICAL 4PK BLUE,28700-004,DRAPE   ,28700-004,,1/CS,$37.00 ,2,0,0,,5,Total Tx Amt. $0.00
2, - CARDINAL HEALTH,1144,,,C,$439.07 ,$0.00 ,2/19/2019,wbra,3/2/2019,wbra,, - SPECIALTY LMA SIZE 4, - SPECIALTY LMA SIZE 4,,,,,EA,$56.03 ,1,0,0,SUBSTITUTE P/N 175040,5,Total Tx Amt. $0.00
14, - BARD,1145,,,O,$270.00 ,$0.00 ,2/19/2019,wbra,2/19/2019,wbra,608," - NDL, PROS BX, MAX CORE 18X25 BARD"," - NDL, PROS BX, MAX CORE 18X25 BARD",MN1825,GENERAL ,MN1825,,10/CS,$90.00 ,3,0,0,,1,Total Tx Amt. $0.00
8, - STERIS,1146,,,O,$65.04 ,$0.00 ,2/19/2019,wbra,2/19/2019,wbra,544," - SPD, INDICATOR, ULTRASONIC"," - SPD, INDICATOR, ULTRASONIC",U501,STRL PRO,U501,,1/BX,$16.26 ,4,0,0,,1,Total Tx Amt. $0.00
2, - CARDINAL HEALTH,1148,,,O,$401.38 ,$0.00 ,2/21/2019,wbra,2/22/2019,wbra,64, - TAPE PLASTIC/TRANSPORE 1IN, - TAPE PLASTIC/TRANSPORE 1IN,M1527-1,DRESSING,M1527-1,,12/BX,$10.55 ,1,0,0,,5,Total Tx Amt. $0.00
2, - CARDINAL HEALTH,1148,,,O,$401.38 ,$0.00 ,2/21/2019,wbra,2/22/2019,wbra,259, - BAND ID ALLERGY RED NO PRE-PRT, - BAND ID ALLERGY RED NO PRE-PRT,420-16PDM,MEDS    ,420-16,,1/BX,$66.54 ,1,0,0,,5,Total Tx Amt. $0.00
2, - CARDINAL HEALTH,1148,,,O,$401.38 ,$0.00 ,2/21/2019,wbra,2/22/2019,wbra,95, - SHOE COVER HIGH TOP HIGH LEVEL FLUID, - SHOE COVER HIGH TOP HIGH LEVEL FLUID,8454,GENERAL ,8454,,10/BX,$13.60 ,2,0,0,,5,Total Tx Amt. $0.00
2, - CARDINAL HEALTH,1148,,,O,$401.38 ,$0.00 ,2/21/2019,wbra,2/22/2019,wbra,281, - SOCK SLIPPER ADULT XL, - SOCK SLIPPER ADULT XL,68125-GRY,,68125-GRY,,48/BX,$31.88 ,3,0,0,,5,Total Tx Amt. $0.00
2, - CARDINAL HEALTH,1148,,,O,$401.38 ,$0.00 ,2/21/2019,wbra,2/22/2019,wbra,796," - King UltraFlex 72"" breathing circuit"," - King UltraFlex 72"" breathing circuit",,ANESTHE ,8753F6121Z,,30/BX,$201.45 ,1,0,0,,5,Total Tx Amt. $0.00
1, - MCKESSON,1149,,,O,$123.42 ,$0.00 ,2/21/2019,wbra,2/21/2019,wbra,795," - Underpads Regular,23 x 24"," - Underpads Regular,23 x 24",UPLT2324,GENERAL ,724049,,150/BX,$27.02 ,1,0,0,,2,Total Tx Amt. $0.00
1, - MCKESSON,1149,,,O,$123.42 ,$0.00 ,2/21/2019,wbra,2/21/2019,wbra,139, - FLUID LR 500ML, - FLUID LR 500ML,2B2323Q,GENERAL ,467133,,24/CS,$48.20 ,2,0,0,,2,Total Tx Amt. $0.00
1, - MCKESSON,1150,,,O,$279.99 ,$0.00 ,2/21/2019,wbra,2/25/2019,wbra,301, - FLUID WATER 1000ML, - FLUID WATER 1000ML,14045,GENERAL ,14045,,12/CS,$26.72 ,2,0,0,,7,Total Tx Amt. $0.00
1, - MCKESSON,1150,,,O,$279.99 ,$0.00 ,2/21/2019,wbra,2/25/2019,wbra,141, - FLUID NACL 500ML, - FLUID NACL 500ML,467132,GENERAL ,467132,,18/CS,$39.48 ,2,0,0,,7,Total Tx Amt. $0.00
1, - MCKESSON,1150,,,O,$279.99 ,$0.00 ,2/21/2019,wbra,2/25/2019,wbra,418, - SYRINGE LL 60ML NS, - SYRINGE LL 60ML NS,102-S60C,,869662,,25/CT,$8.29 ,2,0,0,,7,Total Tx Amt. $0.00
1, - MCKESSON,1150,,,O,$279.99 ,$0.00 ,2/21/2019,wbra,2/25/2019,wbra,140, - FLUID NACL 3000ML, - FLUID NACL 3000ML,230132,GENERAL ,230132,,4/CS,$34.32 ,2,0,0,,7,Total Tx Amt. $0.00
1, - MCKESSON,1150,,,O,$279.99 ,$0.00 ,2/21/2019,wbra,2/25/2019,wbra,151, - FLUID WATER 3000ML, - FLUID WATER 3000ML,200388,GLV/MSK ,200388,,4/CS,$33.79 ,1,0,0,,7,Total Tx Amt. $0.00
1, - MCKESSON,1150,,,O,$279.99 ,$0.00 ,2/21/2019,wbra,2/25/2019,wbra,284, - SUPPORTER ADULT LRG, - SUPPORTER ADULT LRG,452706,DRESSING,452706,,EA,$6.04 ,4,0,0,,7,Total Tx Amt. $0.00
1, - MCKESSON,1150,,,O,$279.99 ,$0.00 ,2/21/2019,wbra,2/25/2019,wbra,800, - Adhesive Bandages 1 x 3 fabric, - Adhesive Bandages 1 x 3 fabric,16-4811,GENERAL ,466872,,100/BX,$2.21 ,2,0,0,,7,Total Tx Amt. $0.00
2, - CARDINAL HEALTH,1152,,,O,"$1,441.63 ",$0.00 ,2/25/2019,wbra,2/28/2019,wbra,422, - DISINFECT CAVIWIPE 1MIN, - DISINFECT CAVIWIPE 1MIN,MX13-1150,HSKPNG  ,MX13-1150,,12/BX,$65.57 ,1,0,0,,7,Total Tx Amt. $0.00
2, - CARDINAL HEALTH,1152,,,O,"$1,441.63 ",$0.00 ,2/25/2019,wbra,2/28/2019,wbra,351, - CAUTERY PAD GROUND ADULT 10FT CONMED, - CAUTERY PAD GROUND ADULT 10FT CONMED,22-ESREC,,410-2000A,,25/BX,$100.01 ,1,0,0,,7,Total Tx Amt. $0.00
2, - CARDINAL HEALTH,1152,,,O,"$1,441.63 ",$0.00 ,2/25/2019,wbra,2/28/2019,wbra,796," - King UltraFlex 72"" breathing circuit"," - King UltraFlex 72"" breathing circuit",,ANESTHE ,8753F6121Z,,30/BX,$201.45 ,2,0,0,,7,Total Tx Amt. $0.00
2, - CARDINAL HEALTH,1152,,,O,"$1,441.63 ",$0.00 ,2/25/2019,wbra,2/28/2019,wbra,670," - ANES, AIRWAY, LMA IGEL 4"," - ANES, AIRWAY, LMA IGEL 4",8204000,ANESTHE ,I8204,,25/CS,$545.54 ,1,0,0,,7,Total Tx Amt. $0.00
2, - CARDINAL HEALTH,1152,,,O,"$1,441.63 ",$0.00 ,2/25/2019,wbra,2/28/2019,wbra,31, - DRAPE CYSTO PACK, - DRAPE CYSTO PACK,SPP99CY1AA,DRAPE   ,SPP99CY1AA,,6/CS,$118.62 ,2,0,0,,7,Total Tx Amt. $0.00
2, - CARDINAL HEALTH,1152,,,O,"$1,441.63 ",$0.00 ,2/25/2019,wbra,2/28/2019,wbra,106, - GOWN XLARGE, - GOWN XLARGE,9545,GENERAL ,9545,,20/CS,$45.85 ,1,0,0,,7,Total Tx Amt. $0.00
2, - CARDINAL HEALTH,1152,,,O,"$1,441.63 ",$0.00 ,2/25/2019,wbra,2/28/2019,wbra,96, - SHOE COVER DURAFIT NON-SKID X-LARGE, - SHOE COVER DURAFIT NON-SKID X-LARGE,4854,GENERAL ,4854,,1/CS,$44.52 ,1,0,0,,7,Total Tx Amt. $0.00
26, - CUSTOM MEDICAL SPECILTIES,1153,,,O,$258.00 ,$0.00 ,2/25/2019,wbra,2/25/2019,wbra,637," - BAG, DRAIN SURGICAL TABLE"," - BAG, DRAIN SURGICAL TABLE",CMS-999,GENERAL ,CMS-999,,20/CS,$129.00 ,2,0,0,,1,Total Tx Amt. $0.00
14, - BARD,1156,,,O,$900.00 ,$0.00 ,2/26/2019,wbra,2/26/2019,wbra,224, - NDL BIOPSY MAX CORE, - NDL BIOPSY MAX CORE,MC1825,IVSUPPLY,MC1825,,5/BX,$90.00 ,6,0,0,,2,Total Tx Amt. $0.00
14, - BARD,1156,,,O,$900.00 ,$0.00 ,2/26/2019,wbra,2/26/2019,wbra,608," - NDL, PROS BX, MAX CORE 18X25 BARD"," - NDL, PROS BX, MAX CORE 18X25 BARD",MN1825,GENERAL ,MN1825,,10/CT,$90.00 ,4,0,0,,2,Total Tx Amt. $0.00
19, - STRAND DX,1157,,,O,$0.03 ,$0.00 ,2/26/2019,wbra,2/26/2019,wbra,563," - BIOPSY KIT, KNOW ERROR"," - BIOPSY KIT, KNOW ERROR",KIT,GENERAL ,KIT,,12/BX,$0.01 ,3,0,0,,1,Total Tx Amt. $0.00
13, - CARE FUSION,1158,,,O,"$1,156.00 ",$0.00 ,2/26/2019,wbra,2/26/2019,wbra,, - Van buren sounds sizes 8 fr through 40 fr, - Van buren sounds sizes 8 fr through 40 fr,,,,,ea,$68.00 ,17,0,0,,1,Total Tx Amt. $0.00
8, - STERIS,1160,,,O,$139.22 ,$0.00 ,2/26/2019,wbra,2/26/2019,wbra,801, - Revital0Ox ResertR60 Solution test strip, - Revital0Ox ResertR60 Solution test strip,PCC054,STRL PRO,PCC054,,2/CS,$69.61 ,2,0,0,,1,Total Tx Amt. $0.00
8, - STERIS,1162,,,O,$825.28 ,$0.00 ,2/27/2019,wbra,3/15/2019,wbra,524, - STERIS VAPROX STERILANT, - STERIS VAPROX STERILANT,PB028,STRL PRO,PB028,,4/BX,$206.32 ,4,0,0,,1,Total Tx Amt. $0.00
1, - MCKESSON,1164,,,O,$325.06 ,$0.00 ,2/28/2019,wbra,2/28/2019,wbra,804," - Tape, Hy-Tape /waterproof Zinc Oxide based 1/2 x"," - Tape, Hy-Tape /waterproof Zinc Oxide based 1/2 x",375061,,375061,,1/RL,$1.75 ,5,0,0,,6,Total Tx Amt. $0.00
1, - MCKESSON,1164,,,O,$325.06 ,$0.00 ,2/28/2019,wbra,2/28/2019,wbra,710," - SUPP, NASAL CAN GAS SAMPLE 7'"," - SUPP, NASAL CAN GAS SAMPLE 7'",999489,ANESTHE ,999489,,25/CS,$42.19 ,4,0,0,,6,Total Tx Amt. $0.00
1, - MCKESSON,1164,,,O,$325.06 ,$0.00 ,2/28/2019,wbra,2/28/2019,wbra,140, - FLUID NACL 3000ML, - FLUID NACL 3000ML,230132,GENERAL ,230132,,4/CS,$34.32 ,3,0,0,,6,Total Tx Amt. $0.00
1, - MCKESSON,1164,,,O,$325.06 ,$0.00 ,2/28/2019,wbra,2/28/2019,wbra,262, - COMPRESS HOT, - COMPRESS HOT,11443-512,PACU    ,688566,,24/CS,$32.28 ,1,0,0,,6,Total Tx Amt. $0.00
1, - MCKESSON,1164,,,O,$325.06 ,$0.00 ,2/28/2019,wbra,2/28/2019,wbra,246, - COMPRESS COLD, - COMPRESS COLD,16-9702,MEDS    ,476731,,24/CS,$7.71 ,1,0,0,,6,Total Tx Amt. $0.00
1, - MCKESSON,1164,,,O,$325.06 ,$0.00 ,2/28/2019,wbra,2/28/2019,wbra,806," - Label, Expiration Date"," - Label, Expiration Date",1011487,,1011487,,1/BX,$4.60 ,1,0,0,,6,Total Tx Amt. $0.00
15, - TELEFLEX/ARROW,1165,,,O,$270.00 ,$0.00 ,2/28/2019,wbra,2/28/2019,wbra,518, - ANES LMA 4 UNIQUE, - ANES LMA 4 UNIQUE,105200-000040,ANESTHE ,105200-000040,,10/BX,$135.00 ,2,0,0,,1,Total Tx Amt. $0.00
4, - COOK MEDICAL,1166,,,O,$829.91 ,$0.00 ,2/28/2019,wbra,2/28/2019,wbra,448, - COOK WIRE GUIDE AMPLATZ SUPER STIFF .035, - COOK WIRE GUIDE AMPLATZ SUPER STIFF .035,G53559,GENERAL ,G53559,,ea,$23.64 ,4,0,0,,7,Total Tx Amt. $0.00
4, - COOK MEDICAL,1166,,,O,$829.91 ,$0.00 ,2/28/2019,wbra,2/28/2019,wbra,447, - COOK WIRE GUIDE AMPLATZ STIFF .035, - COOK WIRE GUIDE AMPLATZ STIFF .035,G27032,GENERAL ,,,EA,$59.00 ,5,0,0,,7,Total Tx Amt. $0.00
4, - COOK MEDICAL,1166,,,O,$829.91 ,$0.00 ,2/28/2019,wbra,2/28/2019,wbra,459, - COOK URETERAL STENT FIRM UNIVERSA, - COOK URETERAL STENT FIRM UNIVERSA,G23406,GENERAL ,G23406,,EA,$49.50 ,6,0,0,,7,Total Tx Amt. $0.00
4, - COOK MEDICAL,1166,,,O,$829.91 ,$0.00 ,2/28/2019,wbra,2/28/2019,wbra,468, - COOK URETERAL STENT UNIVERSA FIRM 6X22, - COOK URETERAL STENT UNIVERSA FIRM 6X22,G23404,GENERAL ,G23404,,EA,$49.50 ,2,0,0,,7,Total Tx Amt. $0.00
4, - COOK MEDICAL,1166,,,O,$829.91 ,$0.00 ,2/28/2019,wbra,2/28/2019,wbra,498, - COOK URETERAL STENT UNIVERSA FIRM 6X30, - COOK URETERAL STENT UNIVERSA FIRM 6X30,G23408,GENERAL ,G23408,,EA,$1.00 ,1,0,0,,7,Total Tx Amt. $0.00
4, - COOK MEDICAL,1166,,,O,$829.91 ,$0.00 ,2/28/2019,wbra,2/28/2019,wbra,495, - COOK OLCOTT TORQUE DEVICE, - COOK OLCOTT TORQUE DEVICE,G17802,GENERAL ,G17802,,EA,$10.20 ,2,0,0,,7,Total Tx Amt. $0.00
4, - COOK MEDICAL,1166,,,O,$829.91 ,$0.00 ,2/28/2019,wbra,2/28/2019,wbra,805, - Tughy-Borst Adapter, - Tughy-Borst Adapter,G18813,,G18813,,EA,$22.95 ,1,0,0,,7,Total Tx Amt. $0.00
3, - BOSTON SCIENTIFIC,1167,,,O,$395.30 ,$0.00 ,2/28/2019,wbra,3/1/2019,wbra,579," - BOSTON SCI, NAVIGATOR HD 11/13FR 46CM"," - BOSTON SCI, NAVIGATOR HD 11/13FR 46CM",M0062502230,GENERAL ,M0062502230,,EA,$197.65 ,2,0,0,,1,Total Tx Amt. $0.00
20, - APPLIED MEDICAL,1168,,,C,$300.00 ,$0.00 ,2/28/2019,wbra,2/28/2019,wbra,572," - CAP, SURESEAL II"," - CAP, SURESEAL II",SEAL-005,GENERAL ,SEAL-005,,10/BX,$150.00 ,2,0,0,,1,Total Tx Amt. $0.00
16, - OLYMPUS,1169,,,O,$395.00 ,$0.00 ,2/28/2019,wbra,2/28/2019,wbra,528, - GLIDEWIRE 0.035 STR TIP STIFF OLYMPUS, - GLIDEWIRE 0.035 STR TIP STIFF OLYMPUS,UWS1035,GENERAL ,UWS1035,,5/BX,$395.00 ,1,0,0,,1,Total Tx Amt. $0.00
14, - BARD,1170,,,O,$990.00 ,$0.00 ,2/28/2019,wbra,2/28/2019,wbra,224, - NDL BIOPSY MAX CORE, - NDL BIOPSY MAX CORE,MC1825,IVSUPPLY,MC1825,,5/BX,$90.00 ,7,0,0,,2,Total Tx Amt. $0.00
14, - BARD,1170,,,O,$990.00 ,$0.00 ,2/28/2019,wbra,2/28/2019,wbra,608," - NDL, PROS BX, MAX CORE 18X25 BARD"," - NDL, PROS BX, MAX CORE 18X25 BARD",MN1825,GENERAL ,MN1825,,10/CT,$90.00 ,4,0,0,,2,Total Tx Amt. $0.00
1, - MCKESSON,1171,,,C,$225.99 ,$0.00 ,3/1/2019,wbra,3/26/2019,wbra,110, - HAND SCRUB SOAP PROVON FOAM, - HAND SCRUB SOAP PROVON FOAM,582874,GENERAL ,582874,,2/CS,$39.70 ,3,0,0,,3,Total Tx Amt. $0.00
1, - MCKESSON,1171,,,C,$225.99 ,$0.00 ,3/1/2019,wbra,3/26/2019,wbra,136, - FLUID LR 1000ML, - FLUID LR 1000ML,515492,GENERAL ,515492,,14/CS,$30.26 ,2,0,0,,3,Total Tx Amt. $0.00
1, - MCKESSON,1171,,,C,$225.99 ,$0.00 ,3/1/2019,wbra,3/26/2019,wbra,138, - FLUID LR 500ML, - FLUID LR 500ML,467133,GENERAL ,467133,,24/CS,$46.37 ,1,0,0,,3,Total Tx Amt. $0.00
13, - CARE FUSION,1172,,,O,$264.20 ,$0.00 ,3/1/2019,wbra,3/4/2019,wbra,807," - Potts Tenotomy Scissors 7"""," - Potts Tenotomy Scissors 7""",CH-5676,,CH-5676,,EA,$132.10 ,2,0,0,,1,Total Tx Amt. $0.00
1, - MCKESSON,1173,,,O,$966.75 ,$0.00 ,3/4/2019,wbra,3/4/2019,wbra,726," - SUPP, Y TUBING"," - SUPP, Y TUBING",2C4005,GENERAL ,200390,,12/BX,$121.28 ,2,0,0,,9,Total Tx Amt. $0.00
1, - MCKESSON,1173,,,O,$966.75 ,$0.00 ,3/4/2019,wbra,3/4/2019,wbra,139, - FLUID LR 500ML, - FLUID LR 500ML,2B2323Q,GENERAL ,467133,,24/CS,$48.20 ,2,0,0,,9,Total Tx Amt. $0.00
1, - MCKESSON,1173,,,O,$966.75 ,$0.00 ,3/4/2019,wbra,3/4/2019,wbra,136, - FLUID LR 1000ML, - FLUID LR 1000ML,515492,GENERAL ,515492,,14/CS,$31.21 ,2,0,0,,9,Total Tx Amt. $0.00
1, - MCKESSON,1173,,,O,$966.75 ,$0.00 ,3/4/2019,wbra,3/4/2019,wbra,379, - FLUID GEL ULTRASOUND 5000ML, - FLUID GEL ULTRASOUND 5000ML,227102,,227102,,EA,$15.11 ,2,0,0,,9,Total Tx Amt. $0.00
1, - MCKESSON,1173,,,O,$966.75 ,$0.00 ,3/4/2019,wbra,3/4/2019,wbra,633," - TUBING, SUCTION NS BUBBLE"," - TUBING, SUCTION NS BUBBLE",8888280412,GLV/MSK ,161266,,1/CS,$13.84 ,3,0,0,,9,Total Tx Amt. $0.00
1, - MCKESSON,1173,,,O,$966.75 ,$0.00 ,3/4/2019,wbra,3/4/2019,wbra,228, - NDL CHIBA 20G, - NDL CHIBA 20G,CNM-2008,IVSUPPLY,CNM-2008,,10/BX,$81.23 ,3,0,0,,9,Total Tx Amt. $0.00
1, - MCKESSON,1173,,,O,$966.75 ,$0.00 ,3/4/2019,wbra,3/4/2019,wbra,140, - FLUID NACL 3000ML, - FLUID NACL 3000ML,230132,GENERAL ,230132,,4/CS,$34.32 ,3,0,0,,9,Total Tx Amt. $0.00
1, - MCKESSON,1173,,,O,$966.75 ,$0.00 ,3/4/2019,wbra,3/4/2019,wbra,151, - FLUID WATER 3000ML, - FLUID WATER 3000ML,200388,GLV/MSK ,200388,,4/CS,$33.79 ,2,0,0,,9,Total Tx Amt. $0.00
1, - MCKESSON,1173,,,O,$966.75 ,$0.00 ,3/4/2019,wbra,3/4/2019,wbra,110, - HAND SCRUB SOAP PROVON FOAM, - HAND SCRUB SOAP PROVON FOAM,582874,GENERAL ,582874,,2/CS,$39.70 ,2,0,0,,9,Total Tx Amt. $0.00
2, - CARDINAL HEALTH,1174,,,O,$590.28 ,$0.00 ,3/4/2019,wbra,3/4/2019,wbra,106, - GOWN XLARGE, - GOWN XLARGE,9545,GENERAL ,9545,,20/CS,$45.85 ,2,0,0,,5,Total Tx Amt. $0.00
2, - CARDINAL HEALTH,1174,,,O,$590.28 ,$0.00 ,3/4/2019,wbra,3/4/2019,wbra,31, - DRAPE CYSTO PACK, - DRAPE CYSTO PACK,SPP99CY1AA,DRAPE   ,SPP99CY1AA,,6/CS,$118.62 ,2,0,0,,5,Total Tx Amt. $0.00
2, - CARDINAL HEALTH,1174,,,O,$590.28 ,$0.00 ,3/4/2019,wbra,3/4/2019,wbra,313, - WRAP TRAY LINER WHT, - WRAP TRAY LINER WHT,KM10502B,STRL PRO,KM10502B,,1/CS,$54.87 ,2,0,0,,5,Total Tx Amt. $0.00
2, - CARDINAL HEALTH,1174,,,O,$590.28 ,$0.00 ,3/4/2019,wbra,3/4/2019,wbra,69, - CAP BOUFFANT 24IN, - CAP BOUFFANT 24IN,3274,DRESSING,,,10/CS,$62.15 ,1,0,0,,5,Total Tx Amt. $0.00
2, - CARDINAL HEALTH,1174,,,O,$590.28 ,$0.00 ,3/4/2019,wbra,3/4/2019,wbra,103, - GLOVE PROTEXIS PI 8 LATEX FREE, - GLOVE PROTEXIS PI 8 LATEX FREE,2D72PT80X,GENERAL ,,,50/BX,$89.45 ,1,0,0,,5,Total Tx Amt. $0.00
8, - STERIS,1175,,,O,$76.14 ,$0.00 ,3/4/2019,wbra,3/4/2019,wbra,566, - SPD HPU CHEMICAL INDICATOR, - SPD HPU CHEMICAL INDICATOR,PCC061,STRL PRO,PCC061,,1/BX,$38.07 ,2,0,0,"Carol  200 pcs per box

Conf #11424176",1,Total Tx Amt. $0.00
10, - ULINE,1176,,,O,$216.00 ,$0.00 ,3/4/2019,wbra,3/5/2019,wbra,810, - Wire Shelving Label Holder  3 x 1 1/4, - Wire Shelving Label Holder  3 x 1 1/4,S-14461,,S-14461,,25/BX,$18.00 ,12,0,0,,1,Total Tx Amt. $0.00
17, - HEALTHTRONICS MOBILE SOLUTIONS,1177,,,O,$750.00 ,$0.00 ,3/4/2019,wbra,3/4/2019,wbra,529, - LASER FIBER HO 200 SINGLE USE, - LASER FIBER HO 200 SINGLE USE,95193,GENERAL ,200,,EA,$125.00 ,3,0,0,,2,Total Tx Amt. $0.00
17, - HEALTHTRONICS MOBILE SOLUTIONS,1177,,,O,$750.00 ,$0.00 ,3/4/2019,wbra,3/4/2019,wbra,530, - LASER FIBER HO 272 SINGLE USE, - LASER FIBER HO 272 SINGLE USE,95448,GENERAL ,272,,EA,$125.00 ,3,0,0,,2,Total Tx Amt. $0.00
8, - STERIS,1179,,,O,$256.20 ,$0.00 ,3/5/2019,wbra,3/5/2019,wbra,813, - Revital-Ox Restart High-level disinfectant liquid, - Revital-Ox Restart High-level disinfectant liquid,4455AW,STRL PRO,4455AW,,4/BX,$128.10 ,2,0,0,,1,Total Tx Amt. $0.00
2, - CARDINAL HEALTH,1180,,,O,$483.64 ,$0.00 ,3/5/2019,wbra,3/8/2019,wbra,812, - Sterilization Record Envelpe Attest ETO, - Sterilization Record Envelpe Attest ETO,M1254E-A,STRL PRO,M1245E-A,,100/CS,$46.63 ,2,0,0,,4,Total Tx Amt. $0.00
2, - CARDINAL HEALTH,1180,,,O,$483.64 ,$0.00 ,3/5/2019,wbra,3/8/2019,wbra,323, - WRAP DOUBLE LAYER 36X36, - WRAP DOUBLE LAYER 36X36,CH5G0036,,CH3G0036,,150/BX,$121.13 ,1,0,0,,4,Total Tx Amt. $0.00
2, - CARDINAL HEALTH,1180,,,O,$483.64 ,$0.00 ,3/5/2019,wbra,3/8/2019,wbra,324, - WRAP DOUBLE LAYER 48X48, - WRAP DOUBLE LAYER 48X48,CH3G0048,,CH3G0048,,96/CS,$142.77 ,1,0,0,,4,Total Tx Amt. $0.00
2, - CARDINAL HEALTH,1180,,,O,$483.64 ,$0.00 ,3/5/2019,wbra,3/8/2019,wbra,669," - PREP, CLIPPER SURGICAL HEAD"," - PREP, CLIPPER SURGICAL HEAD",CAH4406D,PREP    ,CAH4406D,,25/BX,$126.48 ,1,0,0,,4,Total Tx Amt. $0.00
4, - COOK MEDICAL,1181,,,O,$346.50 ,$0.00 ,3/5/2019,wbra,3/5/2019,wbra,458, - COOK URETERAL STENT FIRM UNIVERSA, - COOK URETERAL STENT FIRM UNIVERSA,G23405,GENERAL ,G23405,,EA,$49.50 ,3,0,0,,2,Total Tx Amt. $0.00
4, - COOK MEDICAL,1181,,,O,$346.50 ,$0.00 ,3/5/2019,wbra,3/5/2019,wbra,459, - COOK URETERAL STENT FIRM UNIVERSA, - COOK URETERAL STENT FIRM UNIVERSA,G23406,GENERAL ,G23406,,EA,$49.50 ,4,0,0,,2,Total Tx Amt. $0.00
1, - MCKESSON,1182,,,O,$346.10 ,$0.00 ,3/6/2019,wbra,3/8/2019,wbra,743, - EKG Monitor Button Red Dot, - EKG Monitor Button Red Dot,2560,ANESTHE ,199314,,1/BX,$164.65 ,2,0,0,Conf # 28651477,2,Total Tx Amt. $0.00
1, - MCKESSON,1182,,,O,$346.10 ,$0.00 ,3/6/2019,wbra,3/8/2019,wbra,," - Timer, Digital W/Alarm McKesson P/N 862765"," - Timer, Digital W/Alarm McKesson P/N 862765",,,,,EA,$8.40 ,2,0,0,,2,Total Tx Amt. $0.00
3, - BOSTON SCIENTIFIC,1184,,,O,"$2,091.60 ",$0.00 ,3/7/2019,wbra,3/8/2019,wbra,645," - BASKET, ZERO TIP 1.9FR X 120CM BOSTON"," - BASKET, ZERO TIP 1.9FR X 120CM BOSTON",M0063901050,GENERAL ,M0063901050,,EA,$348.60 ,6,0,0,,1,Total Tx Amt. $0.00
15, - TELEFLEX/ARROW,1186,,,O,$270.00 ,$0.00 ,3/8/2019,wbra,3/8/2019,wbra,518, - ANES LMA 4 UNIQUE, - ANES LMA 4 UNIQUE,105200-000040,ANESTHE ,105200-000040,,10/BX,$135.00 ,2,0,0,,1,Total Tx Amt. $0.00
13, - CARE FUSION,1187,,,O,$119.77 ,$0.00 ,3/8/2019,wbra,3/8/2019,wbra,821," - Weitlaner Retr 3 x 4 Blunt Prongs 6 1/2"""," - Weitlaner Retr 3 x 4 Blunt Prongs 6 1/2""",SU3112-001,,SU3112-001,,EA,$75.37 ,1,0,0,,2,Total Tx Amt. $0.00
13, - CARE FUSION,1187,,,O,$119.77 ,$0.00 ,3/8/2019,wbra,3/8/2019,wbra,820," - Buckhaus Towel Forceps 3 1/2 """," - Buckhaus Towel Forceps 3 1/2 """,SU2900,,SU2900,,EA,$11.10 ,4,0,0,,2,Total Tx Amt. $0.00
23, - COLOPLAST,1188,,,O,$711.00 ,$0.00 ,3/8/2019,wbra,3/12/2019,wbra,601," - SLING, FEMALE ARIS TRANSOBTURATOR KIT"," - SLING, FEMALE ARIS TRANSOBTURATOR KIT",93-4400,GENERAL ,93-4400,,EA,$711.00 ,1,0,0,,1,Total Tx Amt. $0.00
2, - CARDINAL HEALTH,1189,,,O,$389.23 ,$0.00 ,3/11/2019,wbra,3/12/2019,wbra,134, - IV START KIT, - IV START KIT,01-9000A,GENERAL ,01-9000A,,100/CS,$100.00 ,1,0,0,Conf # G020847644,3,Total Tx Amt. $0.00
2, - CARDINAL HEALTH,1189,,,O,$389.23 ,$0.00 ,3/11/2019,wbra,3/12/2019,wbra,739, - SafeDay IV Administration Set, - SafeDay IV Administration Set,352904,PACU    ,,,50/BX,$143.29 ,1,0,0,,3,Total Tx Amt. $0.00
2, - CARDINAL HEALTH,1189,,,O,$389.23 ,$0.00 ,3/11/2019,wbra,3/12/2019,wbra,404, - SUTURE CHROMIC 4-0 18IN P-3, - SUTURE CHROMIC 4-0 18IN P-3,1654G,,1654G,,12/BX,$72.97 ,2,0,0,,3,Total Tx Amt. $0.00
1, - MCKESSON,1190,,,O,$202.98 ,$0.00 ,3/11/2019,wbra,3/11/2019,wbra,361, - BASIN URINE STRAINER, - BASIN URINE STRAINER,25-460,PACU    ,482530,,100/BX,$121.28 ,1,0,0,,3,Total Tx Amt. $0.00
1, - MCKESSON,1190,,,O,$202.98 ,$0.00 ,3/11/2019,wbra,3/11/2019,wbra,822," - Water, NPL, 8oz"," - Water, NPL, 8oz",1024134,,1024134,,1/CS,$15.72 ,5,0,0,,3,Total Tx Amt. $0.00
1, - MCKESSON,1190,,,O,$202.98 ,$0.00 ,3/11/2019,wbra,3/11/2019,wbra,768, - Baby Wipes Unscented, - Baby Wipes Unscented,WPWBABY72U,PACU    ,999737,,75/PK,$1.55 ,2,0,0,,3,Total Tx Amt. $0.00
1, - MCKESSON,1191,,,O,"$1,382.30 ",$0.00 ,3/11/2019,wbra,3/11/2019,wbra,827," - Botox, Therapeutic VL  100units, Allergan"," - Botox, Therapeutic VL  100units, Allergan",,MEDS    ,834923,,1/BT,$691.15 ,2,0,0,,1,Total Tx Amt. $0.00
1, - MCKESSON,1192,,,O,$168.81 ,$0.00 ,3/11/2019,wbra,3/12/2019,wbra,416, - SYRINGE LL 30ML, - SYRINGE LL 30ML,BF302832,,,,100/BX,$23.53 ,1,0,0,,6,Total Tx Amt. $0.00
1, - MCKESSON,1192,,,O,$168.81 ,$0.00 ,3/11/2019,wbra,3/12/2019,wbra,421, - SYRINGE LL 20ML, - SYRINGE LL 20ML,1031802,,1031802,,100/BX,$19.80 ,1,0,0,,6,Total Tx Amt. $0.00
1, - MCKESSON,1192,,,O,$168.81 ,$0.00 ,3/11/2019,wbra,3/12/2019,wbra,420, - SYRINGE LL 10ML, - SYRINGE LL 10ML,1031801,,1031801,,100/BX,$7.50 ,1,0,0,,6,Total Tx Amt. $0.00
1, - MCKESSON,1192,,,O,$168.81 ,$0.00 ,3/11/2019,wbra,3/12/2019,wbra,829, - Knit pant unisex knit weave pants, - Knit pant unisex knit weave pants,884172,PACU    ,671192,,50/CS,$77.38 ,1,0,0,,6,Total Tx Amt. $0.00
1, - MCKESSON,1192,,,O,$168.81 ,$0.00 ,3/11/2019,wbra,3/12/2019,wbra,830, - syringe/needle 3cc Blnt LL 18ga x 1 1/2, - syringe/needle 3cc Blnt LL 18ga x 1 1/2,305060,GENERAL ,459506,,100/BX,$10.79 ,2,0,0,,6,Total Tx Amt. $0.00
1, - MCKESSON,1192,,,O,$168.81 ,$0.00 ,3/11/2019,wbra,3/12/2019,wbra,267, - LOCK BREAK AWAY, - LOCK BREAK AWAY,7903,MEDS    ,669645,,100/BX,$19.02 ,1,0,0,,6,Total Tx Amt. $0.00
31, - NEOTRACT/ UROLIFT,1193,,,O,"$7,600.00 ",$0.00 ,3/12/2019,wbra,3/12/2019,wbra,665, - UROLIFT SYSTEM IMPLANT, - UROLIFT SYSTEM IMPLANT,UL400-4,GENERAL ,1,,ea,$950.00 ,8,0,0,"2 cases of 4 each, total of 8;pcs",1,Total Tx Amt. $0.00
1, - MCKESSON,1194,,,O,$577.31 ,$0.00 ,3/12/2019,wbra,3/13/2019,wbra,185, - MED INTRALIPID 100ML, - MED INTRALIPID 100ML,988246,MEDS    ,988246,,10/CS,$127.62 ,1,0,0,,7,Total Tx Amt. $0.00
1, - MCKESSON,1194,,,O,$577.31 ,$0.00 ,3/12/2019,wbra,3/13/2019,wbra,197, - MED METOCLOPRAMIDE 2ML, - MED METOCLOPRAMIDE 2ML,929970,HSKPNG  ,929970,,25/BX,$32.75 ,1,0,0,,7,Total Tx Amt. $0.00
1, - MCKESSON,1194,,,O,$577.31 ,$0.00 ,3/12/2019,wbra,3/13/2019,wbra,155, - MED AMP-SULBACTAM 20ML, - MED AMP-SULBACTAM 20ML,978304,GLV/MSK ,978304,,10/BX,$29.85 ,1,0,0,,7,Total Tx Amt. $0.00
1, - MCKESSON,1194,,,O,$577.31 ,$0.00 ,3/12/2019,wbra,3/13/2019,wbra,154, - MED AMIODARONE 3ML, - MED AMIODARONE 3ML,1062036,GLV/MSK ,1062036,,25/BX,$28.65 ,1,0,0,,7,Total Tx Amt. $0.00
1, - MCKESSON,1194,,,O,$577.31 ,$0.00 ,3/12/2019,wbra,3/13/2019,wbra,211, - MED PROPOFOL 20ML, - MED PROPOFOL 20ML,989562,IVSUPPLY,989562,,25/BX,$56.86 ,3,0,0,,7,Total Tx Amt. $0.00
1, - MCKESSON,1194,,,O,$577.31 ,$0.00 ,3/12/2019,wbra,3/13/2019,wbra,162, - MED ANCEF 1G, - MED ANCEF 1G,1107414,GLV/MSK ,1073331,,25/BX,$40.50 ,2,0,0,,7,Total Tx Amt. $0.00
1, - MCKESSON,1194,,,O,$577.31 ,$0.00 ,3/12/2019,wbra,3/13/2019,wbra,624," - MED, OMNIPAQUE 300"," - MED, OMNIPAQUE 300",407141361,MEDS    ,533382,,10/BX,$53.43 ,2,0,0,,7,Total Tx Amt. $0.00
2, - CARDINAL HEALTH,1195,,,O,$533.35 ,$0.00 ,3/13/2019,wbra,3/14/2019,wbra,64, - TAPE PLASTIC/TRANSPORE 1IN, - TAPE PLASTIC/TRANSPORE 1IN,M1527-1,DRESSING,M1527-1,,12/BX,$10.55 ,1,0,0,,6,Total Tx Amt. $0.00
2, - CARDINAL HEALTH,1195,,,O,$533.35 ,$0.00 ,3/13/2019,wbra,3/14/2019,wbra,31, - DRAPE CYSTO PACK, - DRAPE CYSTO PACK,SPP99CY1AA,DRAPE   ,SPP99CY1AA,,6/CS,$118.62 ,3,0,0,,6,Total Tx Amt. $0.00
2, - CARDINAL HEALTH,1195,,,O,$533.35 ,$0.00 ,3/13/2019,wbra,3/14/2019,wbra,372, - DRAPE TOWEL SURGICAL 4PK BLUE, - DRAPE TOWEL SURGICAL 4PK BLUE,28700-004,DRAPE   ,28700-004,,20/CS,$37.00 ,1,0,0,,6,Total Tx Amt. $0.00
2, - CARDINAL HEALTH,1195,,,O,$533.35 ,$0.00 ,3/13/2019,wbra,3/14/2019,wbra,340, - CAUTERY BIPOLAR CABLE 11FT, - CAUTERY BIPOLAR CABLE 11FT,88-001000,,88-001000,,10/BX,$20.77 ,1,0,0,,6,Total Tx Amt. $0.00
2, - CARDINAL HEALTH,1195,,,O,$533.35 ,$0.00 ,3/13/2019,wbra,3/14/2019,wbra,32, - DRAPE SURGICAL LEGGINGS, - DRAPE SURGICAL LEGGINGS,8421,DRAPE   ,,,20/CS,$43.60 ,1,0,0,,6,Total Tx Amt. $0.00
2, - CARDINAL HEALTH,1195,,,O,$533.35 ,$0.00 ,3/13/2019,wbra,3/14/2019,wbra,422, - DISINFECT CAVIWIPE 1MIN, - DISINFECT CAVIWIPE 1MIN,MX13-1150,HSKPNG  ,MX13-1150,,12/BX,$65.57 ,1,0,0,,6,Total Tx Amt. $0.00
13, - CARE FUSION,1196,,,O,$0.00 ,$0.00 ,3/13/2019,wbra,3/13/2019,wbra,831, - Horton Devine Scissors, - Horton Devine Scissors,32-0933,,,,EA,$0.00 ,2,0,0,,2,Total Tx Amt. $0.00
13, - CARE FUSION,1196,,,O,$0.00 ,$0.00 ,3/13/2019,wbra,3/13/2019,wbra,832, - Ragnell Retractor, - Ragnell Retractor,0S930,,,,EA,$0.00 ,4,0,0,,2,Total Tx Amt. $0.00
1, - MCKESSON,1197,,,O,$487.24 ,$0.00 ,3/14/2019,wbra,3/14/2019,wbra,120, - TISSUE TOLIET WHT, - TISSUE TOLIET WHT,165-tp500p,GENERAL ,,,96/CS,$41.56 ,1,0,0,,8,Total Tx Amt. $0.00
1, - MCKESSON,1197,,,O,$487.24 ,$0.00 ,3/14/2019,wbra,3/14/2019,wbra,123, - TOWEL PAPER C-FOLD, - TOWEL PAPER C-FOLD,1040599,GENERAL ,,,2400/CS,$18.08 ,1,0,0,,8,Total Tx Amt. $0.00
1, - MCKESSON,1197,,,O,$487.24 ,$0.00 ,3/14/2019,wbra,3/14/2019,wbra,301, - FLUID WATER 1000ML, - FLUID WATER 1000ML,14045,GENERAL ,14045,,12/CS,$26.72 ,1,0,0,,8,Total Tx Amt. $0.00
1, - MCKESSON,1197,,,O,$487.24 ,$0.00 ,3/14/2019,wbra,3/14/2019,wbra,493," - ANES, NASAL CANNULA CO2 SAMPLING"," - ANES, NASAL CANNULA CO2 SAMPLING",16-0504,ANESTHE ,16-0504,,25/CS,$42.19 ,4,0,0,,8,Total Tx Amt. $0.00
1, - MCKESSON,1197,,,O,$487.24 ,$0.00 ,3/14/2019,wbra,3/14/2019,wbra,115, - LINER TRASH HVY 15 GAL BLK, - LINER TRASH HVY 15 GAL BLK,854540,HSKPNG  ,854540,,1/CS,$15.80 ,2,0,0,,8,Total Tx Amt. $0.00
1, - MCKESSON,1197,,,O,$487.24 ,$0.00 ,3/14/2019,wbra,3/14/2019,wbra,770," - liner, trash can 60 gal roll"," - liner, trash can 60 gal roll",980394,HSKPNG  ,980394,,20/CS,$27.84 ,1,0,0,,8,Total Tx Amt. $0.00
1, - MCKESSON,1197,,,O,$487.24 ,$0.00 ,3/14/2019,wbra,3/14/2019,wbra,726," - SUPP, Y TUBING"," - SUPP, Y TUBING",2C4005,GENERAL ,200390,,12/BX,$121.28 ,1,0,0,,8,Total Tx Amt. $0.00
1, - MCKESSON,1197,,,O,$487.24 ,$0.00 ,3/14/2019,wbra,3/14/2019,wbra,116, - DISINFECT FADE-A-DYNE, - DISINFECT FADE-A-DYNE,861653,HSKPNG  ,,,EA,$12.85 ,4,0,0,,8,Total Tx Amt. $0.00
1, - MCKESSON,1198,,,O,$64.18 ,$0.00 ,3/14/2019,wbra,3/18/2019,wbra,229, - NDL HYPO 18X1.5, - NDL HYPO 18X1.5,1031789,IVS     ,1031789,,100/BX,$2.80 ,4,0,0,,3,Total Tx Amt. $0.00
1, - MCKESSON,1198,,,O,$64.18 ,$0.00 ,3/14/2019,wbra,3/18/2019,wbra,833," - Mask, Anes size 6 Adult Elongated"," - Mask, Anes size 6 Adult Elongated",854706,ANESTHE ,,,30/BX,$46.88 ,1,0,0,,3,Total Tx Amt. $0.00
1, - MCKESSON,1198,,,O,$64.18 ,$0.00 ,3/14/2019,wbra,3/18/2019,wbra,417, - SYRINGE LL 5ML, - SYRINGE LL 5ML,BF309646A,,1031805,,100/BX,$6.10 ,1,0,0,,3,Total Tx Amt. $0.00
3, - BOSTON SCIENTIFIC,1199,,,O,"$3,590.24 ",$0.00 ,3/14/2019,wbra,3/14/2019,wbra,645," - BASKET, ZERO TIP 1.9FR X 120CM BOSTON"," - BASKET, ZERO TIP 1.9FR X 120CM BOSTON",M0063901050,GENERAL ,M0063901050,,EA,$348.60 ,6,0,0,,2,Total Tx Amt. $0.00
3, - BOSTON SCIENTIFIC,1199,,,O,"$3,590.24 ",$0.00 ,3/14/2019,wbra,3/14/2019,wbra,446, - BOSTON SCI WIRE GUIDE SENSOR .035 STR, - BOSTON SCI WIRE GUIDE SENSOR .035 STR,M0066703081,GENERAL ,M0066703081,,5/BX,$374.66 ,4,0,0,,2,Total Tx Amt. $0.00
2, - CARDINAL HEALTH,1200,,,O,"$1,278.12 ",$0.00 ,3/14/2019,wbra,3/18/2019,wbra,363, - CONTAINER SUCTION 3000ML, - CONTAINER SUCTION 3000ML,65651-230,GENERAL ,65651-230,,40/CS,$70.47 ,1,0,0,,8,Total Tx Amt. $0.00
2, - CARDINAL HEALTH,1200,,,O,"$1,278.12 ",$0.00 ,3/14/2019,wbra,3/18/2019,wbra,542, - DRP PACK MINOR PROCEDURE, - DRP PACK MINOR PROCEDURE,SPP99MN7AA,DRAPE   ,SPP99MN7AA,,4/CS,$92.00 ,2,0,0,,8,Total Tx Amt. $0.00
2, - CARDINAL HEALTH,1200,,,O,"$1,278.12 ",$0.00 ,3/14/2019,wbra,3/18/2019,wbra,106, - GOWN XLARGE, - GOWN XLARGE,9545,GENERAL ,9545,,20/CS,$45.85 ,1,0,0,,8,Total Tx Amt. $0.00
2, - CARDINAL HEALTH,1200,,,O,"$1,278.12 ",$0.00 ,3/14/2019,wbra,3/18/2019,wbra,847, - Gown xxl, - Gown xxl,44675,GENERAL ,44675,,1/CS,$182.76 ,1,0,0,,8,Total Tx Amt. $0.00
2, - CARDINAL HEALTH,1200,,,O,"$1,278.12 ",$0.00 ,3/14/2019,wbra,3/18/2019,wbra,31, - DRAPE CYSTO PACK, - DRAPE CYSTO PACK,SPP99CY1AA,DRAPE   ,SPP99CY1AA,,6/CS,$118.62 ,1,0,0,,8,Total Tx Amt. $0.00
2, - CARDINAL HEALTH,1200,,,O,"$1,278.12 ",$0.00 ,3/14/2019,wbra,3/18/2019,wbra,670," - ANES, AIRWAY, LMA IGEL 4"," - ANES, AIRWAY, LMA IGEL 4",8204000,ANESTHE ,I8204,,25/CS,$545.54 ,1,0,0,,8,Total Tx Amt. $0.00
2, - CARDINAL HEALTH,1200,,,O,"$1,278.12 ",$0.00 ,3/14/2019,wbra,3/18/2019,wbra,564, - ANES AIRWAY ORAL 100MM RED, - ANES AIRWAY ORAL 100MM RED,16-2101G,ANESTHE ,1227100A,,10/BX,$55.62 ,2,0,0,,8,Total Tx Amt. $0.00
2, - CARDINAL HEALTH,1200,,,O,"$1,278.12 ",$0.00 ,3/14/2019,wbra,3/18/2019,wbra,619," - ANES, AIRWAY ORAL 90MM YELLOW"," - ANES, AIRWAY ORAL 90MM YELLOW",122790A,ANESTHE ,122790A,,10/BX,$9.82 ,2,0,0,,8,Total Tx Amt. $0.00
4, - COOK MEDICAL,1201,,,O,$396.00 ,$0.00 ,3/14/2019,wbra,3/14/2019,wbra,458, - COOK URETERAL STENT FIRM UNIVERSA, - COOK URETERAL STENT FIRM UNIVERSA,G23405,GENERAL ,G23405,,EA,$49.50 ,4,0,0,,2,Total Tx Amt. $0.00
4, - COOK MEDICAL,1201,,,O,$396.00 ,$0.00 ,3/14/2019,wbra,3/14/2019,wbra,459, - COOK URETERAL STENT FIRM UNIVERSA, - COOK URETERAL STENT FIRM UNIVERSA,G23406,GENERAL ,G23406,,EA,$49.50 ,4,0,0,,2,Total Tx Amt. $0.00
1, - MCKESSON,1202,,,O,$540.90 ,$0.00 ,3/15/2019,wbra,3/15/2019,wbra,154, - MED AMIODARONE 3ML, - MED AMIODARONE 3ML,1062036,GLV/MSK ,1062036,,25/BX,$28.65 ,1,0,0,,4,Total Tx Amt. $0.00
1, - MCKESSON,1202,,,O,$540.90 ,$0.00 ,3/15/2019,wbra,3/15/2019,wbra,624," - MED, OMNIPAQUE 300"," - MED, OMNIPAQUE 300",407141361,MEDS    ,533382,,10/BX,$53.43 ,1,0,0,,4,Total Tx Amt. $0.00
1, - MCKESSON,1202,,,O,$540.90 ,$0.00 ,3/15/2019,wbra,3/15/2019,wbra,175, - MED ESMOLOL 10ML, - MED ESMOLOL 10ML,1010119,GLV/MSK ,1010119,,25/BX,$69.62 ,1,0,0,,4,Total Tx Amt. $0.00
1, - MCKESSON,1202,,,O,$540.90 ,$0.00 ,3/15/2019,wbra,3/15/2019,wbra,846," - Albuterol, INH Proair HFA W/Counter 90 MCG"," - Albuterol, INH Proair HFA W/Counter 90 MCG",59310057922,ANESTHE ,830603,,EA,$77.84 ,5,0,0,,4,Total Tx Amt. $0.00
13, - CARE FUSION,1203,,,O,$916.50 ,$0.00 ,3/15/2019,wbra,3/18/2019,wbra,844, - Divine-Horton Scissors D-Edge CVD 4 1/2, - Divine-Horton Scissors D-Edge CVD 4 1/2,32-0933,GENERAL ,32-0933,,EA,$321.35 ,2,0,0,,2,Total Tx Amt. $0.00
13, - CARE FUSION,1203,,,O,$916.50 ,$0.00 ,3/15/2019,wbra,3/18/2019,wbra,845," - Ragnell Retractor Double-Ended 6"""," - Ragnell Retractor Double-Ended 6""",0S930,GENERAL ,0S930,,EA,$68.45 ,4,0,0,,2,Total Tx Amt. $0.00
21, - BK Medical,1204,,,O,$590.00 ,$0.00 ,3/18/2019,wbra,3/18/2019,wbra,723," - SUPP, ULTRASOUND GUIDE, BK"," - SUPP, ULTRASOUND GUIDE, BK",UA1322-S,GENERAL ,UA1322-S,,18/CS,$295.00 ,2,0,0,,1,Total Tx Amt. $0.00
33, - MEDTRONIC,1205,,3/21/2019,O,"$13,741.00 ",$0.00 ,3/18/2019,wbra,3/18/2019,wbra,834, - Interstim Neuro Stimulator, - Interstim Neuro Stimulator,3058,GENERAL ,3058,,EA,"$11,200.00 ",1,0,0,,6,Total Tx Amt. $0.00
33, - MEDTRONIC,1205,,3/21/2019,O,"$13,741.00 ",$0.00 ,3/18/2019,wbra,3/18/2019,wbra,835, - Interstim Hand Set With Communicator, - Interstim Hand Set With Communicator,TH90G01,GENERAL ,TH90G01,,EA,"$1,901.00 ",1,0,0,,6,Total Tx Amt. $0.00
33, - MEDTRONIC,1205,,3/21/2019,O,"$13,741.00 ",$0.00 ,3/18/2019,wbra,3/18/2019,wbra,836, - Interstim Foraman Needle 12.2 cm, - Interstim Foraman Needle 12.2 cm,41829,GENERAL ,41829,,EA,$240.00 ,1,0,0,,6,Total Tx Amt. $0.00
33, - MEDTRONIC,1205,,3/21/2019,O,"$13,741.00 ",$0.00 ,3/18/2019,wbra,3/18/2019,wbra,837, - Interstim Lead Introducer Kit, - Interstim Lead Introducer Kit,355018,GENERAL ,355018,,EA,$280.00 ,1,0,0,,6,Total Tx Amt. $0.00
33, - MEDTRONIC,1205,,3/21/2019,O,"$13,741.00 ",$0.00 ,3/18/2019,wbra,3/18/2019,wbra,838, - Interstim Twist Lock Cable, - Interstim Twist Lock Cable,357625,GENERAL ,357625,,EA,$80.00 ,1,0,0,,6,Total Tx Amt. $0.00
33, - MEDTRONIC,1205,,3/21/2019,O,"$13,741.00 ",$0.00 ,3/18/2019,wbra,3/18/2019,wbra,839, - Interstim Test Stimulation Cable, - Interstim Test Stimulation Cable,357501,GENERAL ,357501,,EA,$40.00 ,1,0,0,,6,Total Tx Amt. $0.00
2, - CARDINAL HEALTH,1206,,,C,$130.88 ,$0.00 ,3/18/2019,wbra,3/18/2019,wbra,619," - ANES, AIRWAY ORAL 90MM YELLOW"," - ANES, AIRWAY ORAL 90MM YELLOW",122790A,ANESTHE ,122790A,,10/BX,$9.82 ,2,0,0,,2,Total Tx Amt. $0.00
2, - CARDINAL HEALTH,1206,,,C,$130.88 ,$0.00 ,3/18/2019,wbra,3/18/2019,wbra,564, - ANES AIRWAY ORAL 100MM RED, - ANES AIRWAY ORAL 100MM RED,16-2101G,ANESTHE ,1227100A,,10/BX,$55.62 ,2,0,0,,2,Total Tx Amt. $0.00
2, - CARDINAL HEALTH,1207,,,O,$375.40 ,$0.00 ,3/18/2019,wbra,3/18/2019,wbra,298, - PREP TRAY IODINE STERILE, - PREP TRAY IODINE STERILE,Nov-08,,Nov-08,,20/CS,$77.25 ,2,0,0,,3,Total Tx Amt. $0.00
2, - CARDINAL HEALTH,1207,,,O,$375.40 ,$0.00 ,3/18/2019,wbra,3/18/2019,wbra,422, - DISINFECT CAVIWIPE 1MIN, - DISINFECT CAVIWIPE 1MIN,MX13-1150,HSKPNG  ,MX13-1150,,12/BX,$65.57 ,2,0,0,,3,Total Tx Amt. $0.00
2, - CARDINAL HEALTH,1207,,,O,$375.40 ,$0.00 ,3/18/2019,wbra,3/18/2019,wbra,106, - GOWN XLARGE, - GOWN XLARGE,9545,GENERAL ,9545,,20/CS,$44.88 ,2,0,0,,3,Total Tx Amt. $0.00
26, - CUSTOM MEDICAL SPECILTIES,1208,,,O,$258.00 ,$0.00 ,3/18/2019,wbra,3/18/2019,wbra,637," - BAG, DRAIN SURGICAL TABLE"," - BAG, DRAIN SURGICAL TABLE",CMS-999,GENERAL ,CMS-999,,20/CS,$129.00 ,2,0,0,,1,Total Tx Amt. $0.00
1, - MCKESSON,1209,,,O,$332.72 ,$0.00 ,3/18/2019,wbra,3/18/2019,wbra,137, - FLUID LR 500ML, - FLUID LR 500ML,186663,GENERAL ,186663,,24/CS,$55.43 ,1,0,0,,7,Total Tx Amt. $0.00
1, - MCKESSON,1209,,,O,$332.72 ,$0.00 ,3/18/2019,wbra,3/18/2019,wbra,140, - FLUID NACL 3000ML, - FLUID NACL 3000ML,230132,GENERAL ,230132,,4/CS,$34.32 ,3,0,0,,7,Total Tx Amt. $0.00
1, - MCKESSON,1209,,,O,$332.72 ,$0.00 ,3/18/2019,wbra,3/18/2019,wbra,142, - FLUID NACL 1000ML, - FLUID NACL 1000ML,515490,GENERAL ,515490,,14/CS,$29.99 ,1,0,0,,7,Total Tx Amt. $0.00
1, - MCKESSON,1209,,,O,$332.72 ,$0.00 ,3/18/2019,wbra,3/18/2019,wbra,301, - FLUID WATER 1000ML, - FLUID WATER 1000ML,14045,GENERAL ,14045,,12/CS,$26.72 ,3,0,0,,7,Total Tx Amt. $0.00
1, - MCKESSON,1209,,,O,$332.72 ,$0.00 ,3/18/2019,wbra,3/18/2019,wbra,417, - SYRINGE LL 5ML, - SYRINGE LL 5ML,BF309646A,,1031805,,100/BX,$6.10 ,1,0,0,,7,Total Tx Amt. $0.00
1, - MCKESSON,1209,,,O,$332.72 ,$0.00 ,3/18/2019,wbra,3/18/2019,wbra,833," - Mask, Anes size 6 Adult Elongated"," - Mask, Anes size 6 Adult Elongated",854706,ANESTHE ,,,30/BX,$46.88 ,1,0,0,,7,Total Tx Amt. $0.00
1, - MCKESSON,1209,,,O,$332.72 ,$0.00 ,3/18/2019,wbra,3/18/2019,wbra,229, - NDL HYPO 18X1.5, - NDL HYPO 18X1.5,1031789,IVS     ,1031789,,100/BX,$2.80 ,4,0,0,,7,Total Tx Amt. $0.00
2, - CARDINAL HEALTH,1210,,,O,"$1,673.19 ",$0.00 ,3/18/2019,wbra,3/21/2019,wbra,99, - GLOVE PROTEXIS PI 6 LATEX FREE, - GLOVE PROTEXIS PI 6 LATEX FREE,2D72PT60X,GENERAL ,2D72PT60X,,50/BX,$89.45 ,1,0,0,,8,Total Tx Amt. $0.00
2, - CARDINAL HEALTH,1210,,,O,"$1,673.19 ",$0.00 ,3/18/2019,wbra,3/21/2019,wbra,103, - GLOVE PROTEXIS PI 8 LATEX FREE, - GLOVE PROTEXIS PI 8 LATEX FREE,2D72PT80X,GENERAL ,,,50/BX,$89.45 ,1,0,0,,8,Total Tx Amt. $0.00
2, - CARDINAL HEALTH,1210,,,O,"$1,673.19 ",$0.00 ,3/18/2019,wbra,3/21/2019,wbra,796," - King UltraFlex 72"" breathing circuit"," - King UltraFlex 72"" breathing circuit",,ANESTHE ,8753F6121Z,,30/BX,$201.45 ,2,0,0,,8,Total Tx Amt. $0.00
2, - CARDINAL HEALTH,1210,,,O,"$1,673.19 ",$0.00 ,3/18/2019,wbra,3/21/2019,wbra,294, - PREP CHLORAPREP 26ML TINT, - PREP CHLORAPREP 26ML TINT,260815,,260815,,25/CS,$328.63 ,1,0,0,,8,Total Tx Amt. $0.00
2, - CARDINAL HEALTH,1210,,,O,"$1,673.19 ",$0.00 ,3/18/2019,wbra,3/21/2019,wbra,538, - SPD ATTEST SUPER RAPID READOUT STEAM PACK, - SPD ATTEST SUPER RAPID READOUT STEAM PACK,M1496V,STRL PRO,M1496V,,30/CS,$200.44 ,2,0,0,,8,Total Tx Amt. $0.00
2, - CARDINAL HEALTH,1210,,,O,"$1,673.19 ",$0.00 ,3/18/2019,wbra,3/21/2019,wbra,305, - TEST PACK BOWIE DICK, - TEST PACK BOWIE DICK,00135ls,STRL PRO,M00135LF,,30/CS,$108.50 ,2,0,0,,8,Total Tx Amt. $0.00
2, - CARDINAL HEALTH,1210,,,O,"$1,673.19 ",$0.00 ,3/18/2019,wbra,3/21/2019,wbra,106, - GOWN XLARGE, - GOWN XLARGE,9545,GENERAL ,9545,,20/CS,$44.88 ,1,0,0,,8,Total Tx Amt. $0.00
2, - CARDINAL HEALTH,1210,,,O,"$1,673.19 ",$0.00 ,3/18/2019,wbra,3/21/2019,wbra,134, - IV START KIT, - IV START KIT,01-9000A,GENERAL ,01-9000A,,100/CS,$100.00 ,1,0,0,,8,Total Tx Amt. $0.00
1, - MCKESSON,1211,,,C,$51.10 ,$0.00 ,3/19/2019,wbra,3/21/2019,wbra,764," - Mask, Face Surg Light Blue pleated with ties"," - Mask, Face Surg Light Blue pleated with ties",48100,GENERAL ,206484,,1/CS,$23.81 ,1,0,0,,3,Total Tx Amt. $0.00
1, - MCKESSON,1211,,,C,$51.10 ,$0.00 ,3/19/2019,wbra,3/21/2019,wbra,289, - BASIN URINAL 1QT, - BASIN URINAL 1QT,1020361,,1020361,,48/CS,$23.40 ,1,0,0,,3,Total Tx Amt. $0.00
1, - MCKESSON,1211,,,C,$51.10 ,$0.00 ,3/19/2019,wbra,3/21/2019,wbra,700," - DRSG, PACKING STRIP, IODOFORM 2"""," - DRSG, PACKING STRIP, IODOFORM 2""",470443,DRESSING,470443,,1/BT,$3.89 ,1,0,0,,3,Total Tx Amt. $0.00
4, - COOK MEDICAL,1212,,,O,$445.50 ,$0.00 ,3/19/2019,wbra,3/19/2019,wbra,459, - COOK URETERAL STENT FIRM UNIVERSA, - COOK URETERAL STENT FIRM UNIVERSA,G23406,GENERAL ,G23406,,EA,$49.50 ,7,0,0,,2,Total Tx Amt. $0.00
4, - COOK MEDICAL,1212,,,O,$445.50 ,$0.00 ,3/19/2019,wbra,3/19/2019,wbra,498, - COOK URETERAL STENT UNIVERSA FIRM 6X30, - COOK URETERAL STENT UNIVERSA FIRM 6X30,G23408,GENERAL ,G23408,,EA,$49.50 ,2,0,0,,2,Total Tx Amt. $0.00
1, - MCKESSON,1213,,,O,$95.83 ,$0.00 ,3/19/2019,wbra,3/19/2019,wbra,155, - MED AMP-SULBACTAM 20ML, - MED AMP-SULBACTAM 20ML,978304,GLV/MSK ,978304,,10/BX,$29.85 ,1,0,0,,3,Total Tx Amt. $0.00
1, - MCKESSON,1213,,,O,$95.83 ,$0.00 ,3/19/2019,wbra,3/19/2019,wbra,848, - Magnesium Sulfate 5g/10ml, - Magnesium Sulfate 5g/10ml,1100736,PACU    ,1100736,,25/BX,$41.26 ,1,0,0,,3,Total Tx Amt. $0.00
1, - MCKESSON,1213,,,O,$95.83 ,$0.00 ,3/19/2019,wbra,3/19/2019,wbra,208, - MED ZOFRAN 2ML, - MED ZOFRAN 2ML,1111125,IVSUPPLY,679301,,25/BX,$12.36 ,2,0,0,,3,Total Tx Amt. $0.00
17, - HEALTHTRONICS MOBILE SOLUTIONS,1214,,,O,$625.00 ,$0.00 ,3/19/2019,wbra,3/19/2019,wbra,531, - LASER FIBER HO 365 SINGLE USE, - LASER FIBER HO 365 SINGLE USE,95612,GENERAL ,365,,EA,$125.00 ,5,0,0,,1,Total Tx Amt. $0.00
14, - BARD,1215,,,O,$38.40 ,$0.00 ,3/19/2019,wbra,3/19/2019,wbra,749, - Foley Catheter 16 Fr 5cc Lubricious Coated, - Foley Catheter 16 Fr 5cc Lubricious Coated,0165L16,,,,12/BX,$38.40 ,1,0,0,,1,Total Tx Amt. $0.00
24, - CIVCO,1216,,,O,$556.00 ,$0.00 ,3/20/2019,wbra,3/20/2019,wbra,611," - BRACHY, TEMPLATE GRID"," - BRACHY, TEMPLATE GRID",610-905,GENERAL ,610-905,,5/BX,$278.00 ,2,0,0,,1,Total Tx Amt. $0.00
3, - BOSTON SCIENTIFIC,1217,,,O,"$2,268.60 ",$0.00 ,3/20/2019,wbra,3/21/2019,wbra,446, - BOSTON SCI WIRE GUIDE SENSOR .035 STR, - BOSTON SCI WIRE GUIDE SENSOR .035 STR,M0066703081,GENERAL ,M0066703081,,5/BX,$374.66 ,5,0,0,,2,Total Tx Amt. $0.00
3, - BOSTON SCIENTIFIC,1217,,,O,"$2,268.60 ",$0.00 ,3/20/2019,wbra,3/21/2019,wbra,851, - Navigator 11/13 x 36, - Navigator 11/13 x 36,M0062502220,GENERAL ,M0062502220,,1/KT,$197.65 ,2,0,0,,2,Total Tx Amt. $0.00
1, - MCKESSON,1218,,,O,$350.42 ,$0.00 ,3/20/2019,wbra,3/21/2019,wbra,303, - GOWN APRON 38X46 WHT NS, - GOWN APRON 38X46 WHT NS,688686,GENERAL ,688686,,100/BX,$16.13 ,2,0,0,,8,Total Tx Amt. $0.00
1, - MCKESSON,1218,,,O,$350.42 ,$0.00 ,3/20/2019,wbra,3/21/2019,wbra,289, - BASIN URINAL 1QT, - BASIN URINAL 1QT,1020361,,1020361,,48/CS,$26.78 ,1,0,0,,8,Total Tx Amt. $0.00
1, - MCKESSON,1218,,,O,$350.42 ,$0.00 ,3/20/2019,wbra,3/21/2019,wbra,764," - Mask, Face Surg Light Blue pleated with ties"," - Mask, Face Surg Light Blue pleated with ties",48100,GENERAL ,206484,,1/CS,$23.81 ,1,0,0,,8,Total Tx Amt. $0.00
1, - MCKESSON,1218,,,O,$350.42 ,$0.00 ,3/20/2019,wbra,3/21/2019,wbra,850," - Soap, Antimicrobial Soap[ Provon"," - Soap, Antimicrobial Soap[ Provon",,HSKPNG  ,877253,,2/CS,$34.86 ,1,0,0,,8,Total Tx Amt. $0.00
1, - MCKESSON,1218,,,O,$350.42 ,$0.00 ,3/20/2019,wbra,3/21/2019,wbra,770," - liner, trash can 60 gal roll"," - liner, trash can 60 gal roll",980394,HSKPNG  ,980394,,20/CS,$27.84 ,1,0,0,,8,Total Tx Amt. $0.00
1, - MCKESSON,1218,,,O,$350.42 ,$0.00 ,3/20/2019,wbra,3/21/2019,wbra,64, - TAPE PLASTIC/TRANSPORE 1IN, - TAPE PLASTIC/TRANSPORE 1IN,M1527-1,DRESSING,5762,,12/BX,$7.42 ,2,0,0,,8,Total Tx Amt. $0.00
1, - MCKESSON,1218,,,O,$350.42 ,$0.00 ,3/20/2019,wbra,3/21/2019,wbra,211, - MED PROPOFOL 20ML, - MED PROPOFOL 20ML,989562,IVSUPPLY,989562,,25/BX,$56.86 ,3,0,0,,8,Total Tx Amt. $0.00
1, - MCKESSON,1218,,,O,$350.42 ,$0.00 ,3/20/2019,wbra,3/21/2019,wbra,700," - DRSG, PACKING STRIP, IODOFORM 2"""," - DRSG, PACKING STRIP, IODOFORM 2""",470443,DRESSING,470443,,1/BT,$3.89 ,5,0,0,,8,Total Tx Amt. $0.00
19, - STRAND DX,1219,,,O,$0.04 ,$0.00 ,3/21/2019,wbra,3/21/2019,wbra,563," - BIOPSY KIT, KNOW ERROR"," - BIOPSY KIT, KNOW ERROR",KIT,GENERAL ,KIT,,12/BX,$0.01 ,4,0,0,,1,Total Tx Amt. $0.00
1, - MCKESSON,1220,,,O,$936.26 ,$0.00 ,3/21/2019,wbra,3/22/2019,wbra,726," - SUPP, Y TUBING"," - SUPP, Y TUBING",2C4005,GENERAL ,200390,,12/BX,$121.28 ,2,0,0,,10,Total Tx Amt. $0.00
1, - MCKESSON,1220,,,O,$936.26 ,$0.00 ,3/21/2019,wbra,3/22/2019,wbra,633," - TUBING, SUCTION NS BUBBLE"," - TUBING, SUCTION NS BUBBLE",8888280412,GLV/MSK ,161266,,1/CS,$13.84 ,3,0,0,,10,Total Tx Amt. $0.00
1, - MCKESSON,1220,,,O,$936.26 ,$0.00 ,3/21/2019,wbra,3/22/2019,wbra,228, - NDL CHIBA 20G, - NDL CHIBA 20G,CNM-2008,IVSUPPLY,CNM-2008,,10/BX,$81.23 ,3,0,0,,10,Total Tx Amt. $0.00
1, - MCKESSON,1220,,,O,$936.26 ,$0.00 ,3/21/2019,wbra,3/22/2019,wbra,415, - SYRINGE TOOMEY, - SYRINGE TOOMEY,38460,GENERAL ,13279,,50/BX,$77.47 ,1,0,0,,10,Total Tx Amt. $0.00
1, - MCKESSON,1220,,,O,$936.26 ,$0.00 ,3/21/2019,wbra,3/22/2019,wbra,142, - FLUID NACL 1000ML, - FLUID NACL 1000ML,515490,GENERAL ,515490,,14/CS,$29.99 ,1,0,0,,10,Total Tx Amt. $0.00
1, - MCKESSON,1220,,,O,$936.26 ,$0.00 ,3/21/2019,wbra,3/22/2019,wbra,139, - FLUID LR 500ML, - FLUID LR 500ML,2B2323Q,GENERAL ,467133,,24/CS,$48.20 ,1,0,0,,10,Total Tx Amt. $0.00
1, - MCKESSON,1220,,,O,$936.26 ,$0.00 ,3/21/2019,wbra,3/22/2019,wbra,140, - FLUID NACL 3000ML, - FLUID NACL 3000ML,230132,GENERAL ,230132,,4/CS,$34.32 ,2,0,0,,10,Total Tx Amt. $0.00
1, - MCKESSON,1220,,,O,$936.26 ,$0.00 ,3/21/2019,wbra,3/22/2019,wbra,624," - MED, OMNIPAQUE 300"," - MED, OMNIPAQUE 300",407141361,MEDS    ,533382,,10/BX,$57.83 ,2,0,0,,10,Total Tx Amt. $0.00
1, - MCKESSON,1220,,,O,$936.26 ,$0.00 ,3/21/2019,wbra,3/22/2019,wbra,123, - TOWEL PAPER C-FOLD, - TOWEL PAPER C-FOLD,1040599,GENERAL ,1040599,,2400/CS,$18.08 ,2,0,0,,10,Total Tx Amt. $0.00
1, - MCKESSON,1220,,,O,$936.26 ,$0.00 ,3/21/2019,wbra,3/22/2019,wbra,830, - syringe/needle 3cc Blnt LL 18ga x 1 1/2, - syringe/needle 3cc Blnt LL 18ga x 1 1/2,305060,GENERAL ,459506,,100/BX,$10.79 ,3,0,0,,10,Total Tx Amt. $0.00
2, - CARDINAL HEALTH,1221,,,O,$972.85 ,$0.00 ,3/21/2019,wbra,3/25/2019,wbra,293, - HAND SCRUB SURGICAL AVAGARD REFILL, - HAND SCRUB SURGICAL AVAGARD REFILL,M9200,,M9200,,1/CS,$290.81 ,1,0,0,,5,Total Tx Amt. $0.00
2, - CARDINAL HEALTH,1221,,,O,$972.85 ,$0.00 ,3/21/2019,wbra,3/25/2019,wbra,56, - GAUZE 4X4 STERILE TRAY, - GAUZE 4X4 STERILE TRAY,,DRESSING,C-SG4412ZS,,128/CS,$54.38 ,1,0,0,,5,Total Tx Amt. $0.00
2, - CARDINAL HEALTH,1221,,,O,$972.85 ,$0.00 ,3/21/2019,wbra,3/25/2019,wbra,31, - DRAPE CYSTO PACK, - DRAPE CYSTO PACK,SPP99CY1AA,DRAPE   ,SPP99CY1AA,,6/CS,$118.62 ,3,0,0,,5,Total Tx Amt. $0.00
2, - CARDINAL HEALTH,1221,,,O,$972.85 ,$0.00 ,3/21/2019,wbra,3/25/2019,wbra,74, - GLOVE EXAM MEDIUM NITRILE, - GLOVE EXAM MEDIUM NITRILE,88TN03M,GENERAL ,88TN03M,,1/CS,$87.80 ,1,0,0,,5,Total Tx Amt. $0.00
2, - CARDINAL HEALTH,1221,,,O,$972.85 ,$0.00 ,3/21/2019,wbra,3/25/2019,wbra,542, - DRP PACK MINOR PROCEDURE, - DRP PACK MINOR PROCEDURE,SPP99MN7AA,DRAPE   ,SPP99MN7AA,,4/CS,$92.00 ,2,0,0,,5,Total Tx Amt. $0.00
1, - MCKESSON,1222,,,O,$114.34 ,$0.00 ,3/21/2019,wbra,3/21/2019,wbra,849," - Lidocaine 1 % HCI Injection, USP 500mg/50ml Multi"," - Lidocaine 1 % HCI Injection, USP 500mg/50ml Multi",239936,,239936,,25/CT,$57.17 ,2,0,0,,1,Total Tx Amt. $0.00
1, - MCKESSON,1223,,,O,$684.18 ,$0.00 ,3/22/2019,wbra,3/22/2019,wbra,211, - MED PROPOFOL 20ML, - MED PROPOFOL 20ML,989562,IVSUPPLY,989562,,25/BX,$56.86 ,3,0,0,,2,Total Tx Amt. $0.00
1, - MCKESSON,1223,,,O,$684.18 ,$0.00 ,3/22/2019,wbra,3/22/2019,wbra,699," - MED, SEVOFLURANE INHAL"," - MED, SEVOFLURANE INHAL",6679401525,MEDS    ,779244,,EA,$128.40 ,4,0,0,,2,Total Tx Amt. $0.00
1, - MCKESSON,1224,,,O,"$1,918.25 ",$0.00 ,3/22/2019,wbra,3/25/2019,wbra,46, - TELFA 8X3, - TELFA 8X3,9924,DRESSING,9924,,50/CT,$3.34 ,1,0,0,,15,Total Tx Amt. $0.00
1, - MCKESSON,1224,,,O,"$1,918.25 ",$0.00 ,3/22/2019,wbra,3/25/2019,wbra,140, - FLUID NACL 3000ML, - FLUID NACL 3000ML,230132,GENERAL ,230132,,4/CS,$34.32 ,4,0,0,,15,Total Tx Amt. $0.00
1, - MCKESSON,1224,,,O,"$1,918.25 ",$0.00 ,3/22/2019,wbra,3/25/2019,wbra,768, - Baby Wipes Unscented, - Baby Wipes Unscented,WPWBABY72U,PACU    ,999737,,75/PK,$1.55 ,4,0,0,,15,Total Tx Amt. $0.00
1, - MCKESSON,1224,,,O,"$1,918.25 ",$0.00 ,3/22/2019,wbra,3/25/2019,wbra,765, - Sani-Cloth Surface Disinfectant liquid Wipe, - Sani-Cloth Surface Disinfectant liquid Wipe,H04082,PACU    ,297456,,50/BX,$5.34 ,2,0,0,,15,Total Tx Amt. $0.00
1, - MCKESSON,1224,,,O,"$1,918.25 ",$0.00 ,3/22/2019,wbra,3/25/2019,wbra,133, - IV TUBING ADMIN SET 3 PORT, - IV TUBING ADMIN SET 3 PORT,630154,GENERAL ,630154,,50/CS,$120.78 ,2,0,0,,15,Total Tx Amt. $0.00
1, - MCKESSON,1224,,,O,"$1,918.25 ",$0.00 ,3/22/2019,wbra,3/25/2019,wbra,202, - MED NAROPIN 0.5% 30 ml vial, - MED NAROPIN 0.5% 30 ml vial,1107586,IVSUPPLY,698119,,5/CT,$33.56 ,4,0,0,,15,Total Tx Amt. $0.00
1, - MCKESSON,1224,,,O,"$1,918.25 ",$0.00 ,3/22/2019,wbra,3/25/2019,wbra,199, - MED MITOMYCIN 20MG/50ML, - MED MITOMYCIN 20MG/50ML,725642,HSKPNG  ,725642,,1/BT,$426.42 ,1,0,0,,15,Total Tx Amt. $0.00
1, - MCKESSON,1224,,,O,"$1,918.25 ",$0.00 ,3/22/2019,wbra,3/25/2019,wbra,109, - LYSOL AIR FRESHENER, - LYSOL AIR FRESHENER,639579,GENERAL ,639579,,EA,$8.25 ,5,0,0,,15,Total Tx Amt. $0.00
1, - MCKESSON,1224,,,O,"$1,918.25 ",$0.00 ,3/22/2019,wbra,3/25/2019,wbra,248, - CONTAINER SPECIMEN NS, - CONTAINER SPECIMEN NS,491102,MEDS    ,491102,,100/CS,$48.65 ,1,0,0,,15,Total Tx Amt. $0.00
1, - MCKESSON,1224,,,O,"$1,918.25 ",$0.00 ,3/22/2019,wbra,3/25/2019,wbra,38, - DRAPE IOBAN 23X17, - DRAPE IOBAN 23X17,M6650EZ,DRAPE   ,401845,,10/BX,$61.04 ,1,0,0,,15,Total Tx Amt. $0.00
1, - MCKESSON,1224,,,O,"$1,918.25 ",$0.00 ,3/22/2019,wbra,3/25/2019,wbra,852," - Suture, Ethibon GRN BR 2-0 30"""," - Suture, Ethibon GRN BR 2-0 30""",X833H,GENERAL ,1015473,,36/BX,$88.07 ,1,0,0,,15,Total Tx Amt. $0.00
1, - MCKESSON,1224,,,O,"$1,918.25 ",$0.00 ,3/22/2019,wbra,3/25/2019,wbra,853," - Suture, Ethibon GRN BR 3-0 30"""," - Suture, Ethibon GRN BR 3-0 30""",X832H,GENERAL ,3704,,36/BX,$140.88 ,1,0,0,,15,Total Tx Amt. $0.00
1, - MCKESSON,1224,,,O,"$1,918.25 ",$0.00 ,3/22/2019,wbra,3/25/2019,wbra,850," - Soap, Antimicrobial Soap[ Provon"," - Soap, Antimicrobial Soap[ Provon",,HSKPNG  ,877253,,2/CS,$34.86 ,2,0,0,,15,Total Tx Amt. $0.00
1, - MCKESSON,1224,,,O,"$1,918.25 ",$0.00 ,3/22/2019,wbra,3/25/2019,wbra,854, - Meds Sulfamethoxazole and Trimethoprim, - Meds Sulfamethoxazole and Trimethoprim,787868,GENERAL ,787868,,1/BT,$46.00 ,4,0,0,,15,Total Tx Amt. $0.00
1, - MCKESSON,1224,,,O,"$1,918.25 ",$0.00 ,3/22/2019,wbra,3/25/2019,wbra,228, - NDL CHIBA 20G, - NDL CHIBA 20G,CNM-2008,IVSUPPLY,629155,,10/BX,$81.23 ,4,0,0,,15,Total Tx Amt. $0.00
21, - BK Medical,1225,,,O,$885.00 ,$0.00 ,3/25/2019,wbra,3/25/2019,wbra,723," - SUPP, ULTRASOUND GUIDE, BK"," - SUPP, ULTRASOUND GUIDE, BK",UA1322-S,GENERAL ,UA1322-S,,18/CS,$295.00 ,3,0,0,,1,Total Tx Amt. $0.00
14, - BARD,1226,,,O,$450.00 ,$0.00 ,3/25/2019,wbra,3/25/2019,wbra,608," - NDL, PROS BX, MAX CORE 18X25 BARD"," - NDL, PROS BX, MAX CORE 18X25 BARD",MN1825,GENERAL ,MN1825,,10/CT,$90.00 ,5,0,0,,1,Total Tx Amt. $0.00
17, - HEALTHTRONICS MOBILE SOLUTIONS,1227,,,O,$875.00 ,$0.00 ,3/25/2019,wbra,3/26/2019,wbra,529, - LASER FIBER HO 200 SINGLE USE, - LASER FIBER HO 200 SINGLE USE,95193,GENERAL ,200,,EA,$125.00 ,5,0,0,,2,Total Tx Amt. $0.00
17, - HEALTHTRONICS MOBILE SOLUTIONS,1227,,,O,$875.00 ,$0.00 ,3/25/2019,wbra,3/26/2019,wbra,531, - LASER FIBER HO 365 SINGLE USE, - LASER FIBER HO 365 SINGLE USE,95612,GENERAL ,365,,EA,$125.00 ,2,0,0,,2,Total Tx Amt. $0.00
4, - COOK MEDICAL,1228,,,O,$445.80 ,$0.00 ,3/25/2019,wbra,3/25/2019,wbra,437, - COOK ACCESS CATH URETERAL DUAL 6FR, - COOK ACCESS CATH URETERAL DUAL 6FR,G17145,GENERAL ,G17145,,EA,$33.10 ,3,0,0,,4,Total Tx Amt. $0.00
4, - COOK MEDICAL,1228,,,O,$445.80 ,$0.00 ,3/25/2019,wbra,3/25/2019,wbra,459, - COOK URETERAL STENT FIRM UNIVERSA, - COOK URETERAL STENT FIRM UNIVERSA,G23406,GENERAL ,G23406,,EA,$49.50 ,3,0,0,,4,Total Tx Amt. $0.00
4, - COOK MEDICAL,1228,,,O,$445.80 ,$0.00 ,3/25/2019,wbra,3/25/2019,wbra,458, - COOK URETERAL STENT FIRM UNIVERSA, - COOK URETERAL STENT FIRM UNIVERSA,G23405,GENERAL ,G23405,,EA,$49.50 ,2,0,0,,4,Total Tx Amt. $0.00
4, - COOK MEDICAL,1228,,,O,$445.80 ,$0.00 ,3/25/2019,wbra,3/25/2019,wbra,855, - Cook Ureteral Firm stent 6 x 20, - Cook Ureteral Firm stent 6 x 20,G23402,GENERAL ,G23402,,EA,$49.50 ,2,0,0,,4,Total Tx Amt. $0.00
1, - MCKESSON,1229,,,O,$169.64 ,$0.00 ,3/25/2019,wbra,3/27/2019,wbra,856," - Meds,Ondansetron SDV 2MG/ML 2ML"," - Meds,Ondansetron SDV 2MG/ML 2ML",979282,ANESTHE ,979282,,25/BX,$22.54 ,1,0,0,,3,Total Tx Amt. $0.00
1, - MCKESSON,1229,,,O,$169.64 ,$0.00 ,3/25/2019,wbra,3/27/2019,wbra,857," - Ketorolac Tromethamine, SDV 30MG/ML 1ML"," - Ketorolac Tromethamine, SDV 30MG/ML 1ML",47781058468,ANESTHE ,1081340,,25/CT,$36.47 ,2,0,0,,3,Total Tx Amt. $0.00
1, - MCKESSON,1229,,,O,$169.64 ,$0.00 ,3/25/2019,wbra,3/27/2019,wbra,858," - Dexamethasone, SDV 4MG/ML  1ML"," - Dexamethasone, SDV 4MG/ML  1ML",63323016501,ANESTHE ,550541,,25/CT,$74.16 ,1,0,0,"Item cancelled on B/O, reordered thru Besse Medical
MR/Charday",3,Total Tx Amt. $0.00
2, - CARDINAL HEALTH,1230,,,O,$301.89 ,$0.00 ,3/26/2019,wbra,3/28/2019,wbra,187, - MED ALCOHOL 70%, - MED ALCOHOL 70%,HDX-22,HSKPNG  ,HDX-22,,EA,$2.15 ,3,0,0,,4,Total Tx Amt. $0.00
2, - CARDINAL HEALTH,1230,,,O,$301.89 ,$0.00 ,3/26/2019,wbra,3/28/2019,wbra,281, - SOCK SLIPPER ADULT XL, - SOCK SLIPPER ADULT XL,68125-GRY,,68125-GRY,,48/BX,$31.88 ,1,0,0,,4,Total Tx Amt. $0.00
2, - CARDINAL HEALTH,1230,,,O,$301.89 ,$0.00 ,3/26/2019,wbra,3/28/2019,wbra,300, - PREP APPLICATOR SPONGE IODINE, - PREP APPLICATOR SPONGE IODINE,DYND70288,,DYND70288,,30/BX,$193.09 ,1,0,0,,4,Total Tx Amt. $0.00
2, - CARDINAL HEALTH,1230,,,O,$301.89 ,$0.00 ,3/26/2019,wbra,3/28/2019,wbra,363, - CONTAINER SUCTION 3000ML, - CONTAINER SUCTION 3000ML,65651-230,GENERAL ,65651-230,,40/CS,$70.47 ,1,0,0,,4,Total Tx Amt. $0.00
1, - MCKESSON,1231,,,O,$699.59 ,$0.00 ,3/26/2019,wbra,3/28/2019,wbra,632," - SHARPS, 18 GAL RED CONTAINER"," - SHARPS, 18 GAL RED CONTAINER",862336,HSKPNG  ,862336,,EA,$16.26 ,5,0,0,,12,Total Tx Amt. $0.00
1, - MCKESSON,1231,,,O,$699.59 ,$0.00 ,3/26/2019,wbra,3/28/2019,wbra,859," - Chemotherapy Sharps Container 18 gallon, Yellow"," - Chemotherapy Sharps Container 18 gallon, Yellow",862687,GENERAL ,862687,,EA,$16.26 ,3,0,0,,12,Total Tx Amt. $0.00
1, - MCKESSON,1231,,,O,$699.59 ,$0.00 ,3/26/2019,wbra,3/28/2019,wbra,860," - Hibiclens 4% CHG Scrub, 4oz"," - Hibiclens 4% CHG Scrub, 4oz",81473,GENERAL ,81473,,EA,$2.89 ,8,0,0,,12,Total Tx Amt. $0.00
1, - MCKESSON,1231,,,O,$699.59 ,$0.00 ,3/26/2019,wbra,3/28/2019,wbra,861," - Ruler Stainless 6"" Metric"," - Ruler Stainless 6"" Metric",OA2720,GENERAL ,800506,,EA,$3.66 ,3,0,0,,12,Total Tx Amt. $0.00
1, - MCKESSON,1231,,,O,$699.59 ,$0.00 ,3/26/2019,wbra,3/28/2019,wbra,833," - Mask, Anes size 6 Adult Elongated"," - Mask, Anes size 6 Adult Elongated",854706,ANESTHE ,,,30/BX,$46.88 ,2,0,0,,12,Total Tx Amt. $0.00
1, - MCKESSON,1231,,,O,$699.59 ,$0.00 ,3/26/2019,wbra,3/28/2019,wbra,863," - Dressing, Surgilast Tubular Retainer, Size 1"," - Dressing, Surgilast Tubular Retainer, Size 1",GLF2501,DRESSING,977687,,EA,$6.34 ,2,0,0,,12,Total Tx Amt. $0.00
1, - MCKESSON,1231,,,O,$699.59 ,$0.00 ,3/26/2019,wbra,3/28/2019,wbra,864," - Suture, Uncoated size 2"," - Suture, Uncoated size 2",8833H,GENERAL ,3292,,36/BX,$143.90 ,1,0,0,,12,Total Tx Amt. $0.00
1, - MCKESSON,1231,,,O,$699.59 ,$0.00 ,3/26/2019,wbra,3/28/2019,wbra,229, - NDL HYPO 18X1.5, - NDL HYPO 18X1.5,1031789,IVS     ,1031789,,100/BX,$2.80 ,3,0,0,,12,Total Tx Amt. $0.00
1, - MCKESSON,1231,,,O,$699.59 ,$0.00 ,3/26/2019,wbra,3/28/2019,wbra,301, - FLUID WATER 1000ML, - FLUID WATER 1000ML,14045,GENERAL ,14045,,12/CS,$28.50 ,1,0,0,,12,Total Tx Amt. $0.00
1, - MCKESSON,1231,,,O,$699.59 ,$0.00 ,3/26/2019,wbra,3/28/2019,wbra,136, - FLUID LR 1000ML, - FLUID LR 1000ML,515492,GENERAL ,515492,,14/CS,$31.21 ,1,0,0,,12,Total Tx Amt. $0.00
1, - MCKESSON,1231,,,O,$699.59 ,$0.00 ,3/26/2019,wbra,3/28/2019,wbra,138, - FLUID LR 500ML, - FLUID LR 500ML,467133,GENERAL ,467133,,24/CS,$48.20 ,1,0,0,,12,Total Tx Amt. $0.00
1, - MCKESSON,1231,,,O,$699.59 ,$0.00 ,3/26/2019,wbra,3/28/2019,wbra,710," - SUPP, NASAL CAN GAS SAMPLE 7'"," - SUPP, NASAL CAN GAS SAMPLE 7'",999489,ANESTHE ,999489,,25/CS,$42.19 ,4,0,0,,12,Total Tx Amt. $0.00
27, - BESSE MEDICAL,1232,,,O,$64.73 ,$0.00 ,3/27/2019,wbra,3/27/2019,wbra,168, - MED DECADRON 4MG/ML 1ML, - MED DECADRON 4MG/ML 1ML,63323016501,ANESTHE ,19790,,25/BX,$64.73 ,1,0,0,,1,Total Tx Amt. $0.00
13, - CARE FUSION,1233,,,O,$182.02 ,$0.00 ,3/27/2019,wbra,3/27/2019,wbra,862, - Tonsil Art Forcepts SLT CVD JAW, - Tonsil Art Forcepts SLT CVD JAW,MO1700,GENERAL ,MO1700,,EA,$91.01 ,2,0,0,,1,Total Tx Amt. $0.00
2, - CARDINAL HEALTH,1234,,,O,$545.54 ,$0.00 ,3/28/2019,wbra,3/28/2019,wbra,670," - ANES, AIRWAY, LMA IGEL 4"," - ANES, AIRWAY, LMA IGEL 4",8204000,ANESTHE ,I8204,,25/CS,$545.54 ,1,0,0,,1,Total Tx Amt. $0.00
1, - MCKESSON,1235,,,O,$114.34 ,$0.00 ,3/28/2019,wbra,3/28/2019,wbra,849," - Lidocaine 1 % HCI Injection, USP 500mg/50ml Multi"," - Lidocaine 1 % HCI Injection, USP 500mg/50ml Multi",239936,,239936,,25/CT,$57.17 ,2,0,0,,1,Total Tx Amt. $0.00
1, - MCKESSON,1236,,,O,$33.99 ,$0.00 ,3/28/2019,wbra,3/28/2019,wbra,162, - MED ANCEF 1G, - MED ANCEF 1G,1107414,GLV/MSK ,1107414,,25/BX,$33.99 ,1,0,0,,1,Total Tx Amt. $0.00
17, - HEALTHTRONICS MOBILE SOLUTIONS,1237,,,O,$500.00 ,$0.00 ,3/28/2019,wbra,3/28/2019,wbra,530, - LASER FIBER HO 272 SINGLE USE, - LASER FIBER HO 272 SINGLE USE,95448,GENERAL ,272,,EA,$125.00 ,4,0,0,,1,Total Tx Amt. $0.00
1, - MCKESSON,1238,,,O,$268.86 ,$0.00 ,3/28/2019,wbra,3/29/2019,wbra,627," - DETERGENT, LOW SUDS INSTRUMENT"," - DETERGENT, LOW SUDS INSTRUMENT",53-28551,STRL PRO,484481,,4/BX,$83.61 ,1,0,0,,2,Total Tx Amt. $0.00
1, - MCKESSON,1238,,,O,$268.86 ,$0.00 ,3/28/2019,wbra,3/29/2019,wbra,867, - Drain Bag Hoop, - Drain Bag Hoop,935456,GENERAL ,678055,,EA,$185.25 ,1,0,0,,2,Total Tx Amt. $0.00
2, - CARDINAL HEALTH,1239,,,O,$614.94 ,$0.00 ,3/28/2019,wbra,4/1/2019,wbra,313, - WRAP TRAY LINER WHT, - WRAP TRAY LINER WHT,KM10502B,STRL PRO,KM10502B,,1/CS,$54.87 ,1,0,0,,5,Total Tx Amt. $0.00
2, - CARDINAL HEALTH,1239,,,O,$614.94 ,$0.00 ,3/28/2019,wbra,4/1/2019,wbra,31, - DRAPE CYSTO PACK, - DRAPE CYSTO PACK,SPP99CY1AA,DRAPE   ,SPP99CY1AA,,6/CS,$118.62 ,2,0,0,,5,Total Tx Amt. $0.00
2, - CARDINAL HEALTH,1239,,,O,$614.94 ,$0.00 ,3/28/2019,wbra,4/1/2019,wbra,298, - PREP TRAY IODINE STERILE, - PREP TRAY IODINE STERILE,Nov-08,,Nov-08,,20/CS,$77.40 ,1,0,0,,5,Total Tx Amt. $0.00
2, - CARDINAL HEALTH,1239,,,O,$614.94 ,$0.00 ,3/28/2019,wbra,4/1/2019,wbra,35, - DRAPE UNDER BUTT W/ POUCH, - DRAPE UNDER BUTT W/ POUCH,8484,DRAPE   ,8484,,20/CS,$66.60 ,1,0,0,,5,Total Tx Amt. $0.00
2, - CARDINAL HEALTH,1239,,,O,$614.94 ,$0.00 ,3/28/2019,wbra,4/1/2019,wbra,828, - Indigo Carmine Injection 0.8% Solution 5 x 5 ml am, - Indigo Carmine Injection 0.8% Solution 5 x 5 ml am,00517-0375-05,MEDS    ,24512,,EA,$178.83 ,1,0,0,,5,Total Tx Amt. $0.00
1, - MCKESSON,1240,,4/1/2019,O,$228.66 ,$0.00 ,3/29/2019,wbra,3/29/2019,wbra,866," - Doxycycline 100 mg, sdv 20 Ml"," - Doxycycline 100 mg, sdv 20 Ml",63323013011,GENERAL ,473826,,10/BX,$228.66 ,1,0,0,,1,Total Tx Amt. $0.00
2, - CARDINAL HEALTH,1241,,,O,$641.14 ,$0.00 ,4/1/2019,wbra,4/1/2019,wbra,99, - GLOVE PROTEXIS PI 6 LATEX FREE, - GLOVE PROTEXIS PI 6 LATEX FREE,2D72PT60X,GENERAL ,2D72PT60X,,50/BX,$89.45 ,1,0,0,,7,Total Tx Amt. $0.00
2, - CARDINAL HEALTH,1241,,,O,$641.14 ,$0.00 ,4/1/2019,wbra,4/1/2019,wbra,100, - GLOVE PROTEXIS PI 6.5 LATEX FREE, - GLOVE PROTEXIS PI 6.5 LATEX FREE,2D72PT65X,GENERAL ,2D72PT65X,,50/BX,$89.45 ,1,0,0,,7,Total Tx Amt. $0.00
2, - CARDINAL HEALTH,1241,,,O,$641.14 ,$0.00 ,4/1/2019,wbra,4/1/2019,wbra,106, - GOWN XLARGE, - GOWN XLARGE,9545,GENERAL ,9545,,20/CS,$45.85 ,1,0,0,,7,Total Tx Amt. $0.00
2, - CARDINAL HEALTH,1241,,,O,$641.14 ,$0.00 ,4/1/2019,wbra,4/1/2019,wbra,400, - GAUZE 4X4 XRAY DETECT TRAY, - GAUZE 4X4 XRAY DETECT TRAY,C-XR4416S,,C-XR4416S,,128/CS,$115.36 ,1,0,0,,7,Total Tx Amt. $0.00
2, - CARDINAL HEALTH,1241,,,O,$641.14 ,$0.00 ,4/1/2019,wbra,4/1/2019,wbra,796," - King UltraFlex 72"" breathing circuit"," - King UltraFlex 72"" breathing circuit",,ANESTHE ,8753F6121Z,,30/BX,$201.45 ,1,0,0,,7,Total Tx Amt. $0.00
2, - CARDINAL HEALTH,1241,,,O,$641.14 ,$0.00 ,4/1/2019,wbra,4/1/2019,wbra,71, - GLOVE EXAM SMALL NITRILE, - GLOVE EXAM SMALL NITRILE,88TN02S,GENERAL ,88TN02S,,10/CS,$87.80 ,1,0,0,,7,Total Tx Amt. $0.00
2, - CARDINAL HEALTH,1241,,,O,$641.14 ,$0.00 ,4/1/2019,wbra,4/1/2019,wbra,52, - PAD TELFA 3X8, - PAD TELFA 3X8,1238-,DRESSING,C-DDS38S,,50/BX,$5.89 ,2,0,0,,7,Total Tx Amt. $0.00
1, - MCKESSON,1242,,,O,$748.58 ,$0.00 ,4/1/2019,wbra,4/2/2019,wbra,138, - FLUID LR 500ML, - FLUID LR 500ML,467133,GENERAL ,467133,,24/CS,$48.20 ,1,0,0,,10,Total Tx Amt. $0.00
1, - MCKESSON,1242,,,O,$748.58 ,$0.00 ,4/1/2019,wbra,4/2/2019,wbra,136, - FLUID LR 1000ML, - FLUID LR 1000ML,515492,GENERAL ,515492,,14/CS,$31.21 ,1,0,0,,10,Total Tx Amt. $0.00
1, - MCKESSON,1242,,,O,$748.58 ,$0.00 ,4/1/2019,wbra,4/2/2019,wbra,140, - FLUID NACL 3000ML, - FLUID NACL 3000ML,230132,GENERAL ,230132,,4/CS,$34.32 ,2,0,0,,10,Total Tx Amt. $0.00
1, - MCKESSON,1242,,,O,$748.58 ,$0.00 ,4/1/2019,wbra,4/2/2019,wbra,301, - FLUID WATER 1000ML, - FLUID WATER 1000ML,14045,GENERAL ,14045,,12/CS,$26.72 ,1,0,0,,10,Total Tx Amt. $0.00
1, - MCKESSON,1242,,,O,$748.58 ,$0.00 ,4/1/2019,wbra,4/2/2019,wbra,152, - FLUID WATER 1000ML, - FLUID WATER 1000ML,513059,GENERAL ,513059,,14/CS,$56.50 ,2,0,0,,10,Total Tx Amt. $0.00
1, - MCKESSON,1242,,,O,$748.58 ,$0.00 ,4/1/2019,wbra,4/2/2019,wbra,420, - SYRINGE LL 10ML, - SYRINGE LL 10ML,1031801,,1031801,,100/BX,$7.50 ,1,0,0,,10,Total Tx Amt. $0.00
1, - MCKESSON,1242,,,O,$748.58 ,$0.00 ,4/1/2019,wbra,4/2/2019,wbra,421, - SYRINGE LL 20ML, - SYRINGE LL 20ML,1031802,,1031802,,100/BX,$19.80 ,1,0,0,,10,Total Tx Amt. $0.00
1, - MCKESSON,1242,,,O,$748.58 ,$0.00 ,4/1/2019,wbra,4/2/2019,wbra,627," - DETERGENT, LOW SUDS INSTRUMENT"," - DETERGENT, LOW SUDS INSTRUMENT",53-28551,STRL PRO,484481,,4/BX,$83.61 ,1,0,0,,10,Total Tx Amt. $0.00
1, - MCKESSON,1242,,,O,$748.58 ,$0.00 ,4/1/2019,wbra,4/2/2019,wbra,867, - Drain Bag Hoop, - Drain Bag Hoop,935456,GENERAL ,678055,,EA,$185.25 ,1,0,0,,10,Total Tx Amt. $0.00
1, - MCKESSON,1242,,,O,$748.58 ,$0.00 ,4/1/2019,wbra,4/2/2019,wbra,743, - EKG Monitor Button Red Dot, - EKG Monitor Button Red Dot,2560,ANESTHE ,199314,,1/CS,$164.65 ,1,0,0,,10,Total Tx Amt. $0.00
2, - CARDINAL HEALTH,1243,,,O,$622.80 ,$0.00 ,4/1/2019,wbra,4/3/2019,wbra,372, - DRAPE TOWEL SURGICAL 4PK BLUE, - DRAPE TOWEL SURGICAL 4PK BLUE,28700-004,DRAPE   ,28700-004,,20/CS,$37.00 ,1,0,0,,5,Total Tx Amt. $0.00
2, - CARDINAL HEALTH,1243,,,O,$622.80 ,$0.00 ,4/1/2019,wbra,4/3/2019,wbra,96, - SHOE COVER DURAFIT NON-SKID X-LARGE, - SHOE COVER DURAFIT NON-SKID X-LARGE,4854,GENERAL ,4854,,4/CS,$44.52 ,1,0,0,,5,Total Tx Amt. $0.00
2, - CARDINAL HEALTH,1243,,,O,$622.80 ,$0.00 ,4/1/2019,wbra,4/3/2019,wbra,281, - SOCK SLIPPER ADULT XL, - SOCK SLIPPER ADULT XL,68125-GRY,,68125-GRY,,48/BX,$33.01 ,1,0,0,,5,Total Tx Amt. $0.00
2, - CARDINAL HEALTH,1243,,,O,$622.80 ,$0.00 ,4/1/2019,wbra,4/3/2019,wbra,31, - DRAPE CYSTO PACK, - DRAPE CYSTO PACK,SPP99CY1AA,DRAPE   ,SPP99CY1AA,,6/CS,$118.62 ,2,0,0,,5,Total Tx Amt. $0.00
2, - CARDINAL HEALTH,1243,,,O,$622.80 ,$0.00 ,4/1/2019,wbra,4/3/2019,wbra,869, - Suture Monocryl 3-0 30cm stratafix Spiral, - Suture Monocryl 3-0 30cm stratafix Spiral,SXMP1B101,SUTURE  ,SXMP1B101,,12/BX,$271.03 ,1,0,0,,5,Total Tx Amt. $0.00
14, - BARD,1244,,,O,$38.48 ,$0.00 ,4/1/2019,wbra,4/1/2019,wbra,331, - CATH FOLEY 16FR 2WAY 5ML, - CATH FOLEY 16FR 2WAY 5ML,159902,,0165L16,,12/BX,$38.48 ,1,0,0,,1,Total Tx Amt. $0.00
1, - MCKESSON,1245,,,O,"$1,019.16 ",$0.00 ,4/2/2019,wbra,4/2/2019,wbra,191, - MED LIDOCAINE 2% UROJECT, - MED LIDOCAINE 2% UROJECT,807261,HSKPNG  ,807261,,25/BX,$182.93 ,1,0,0,,8,Total Tx Amt. $0.00
1, - MCKESSON,1245,,,O,"$1,019.16 ",$0.00 ,4/2/2019,wbra,4/2/2019,wbra,868," - Solidifier, Canister Express Maetrex"," - Solidifier, Canister Express Maetrex",50-5058,GENERAL ,444816,,20/BX,$333.28 ,1,0,0,,8,Total Tx Amt. $0.00
1, - MCKESSON,1245,,,O,"$1,019.16 ",$0.00 ,4/2/2019,wbra,4/2/2019,wbra,, - Digital Timer Taylor P/N 1046232, - Digital Timer Taylor P/N 1046232,,,,,EA,$7.36 ,1,0,0,,8,Total Tx Amt. $0.00
1, - MCKESSON,1245,,,O,"$1,019.16 ",$0.00 ,4/2/2019,wbra,4/2/2019,wbra,246, - COMPRESS COLD, - COMPRESS COLD,16-9702,MEDS    ,476731,,24/CS,$7.71 ,1,0,0,,8,Total Tx Amt. $0.00
1, - MCKESSON,1245,,,O,"$1,019.16 ",$0.00 ,4/2/2019,wbra,4/2/2019,wbra,342, - CONTAINER BIO WASTE 5QT RED, - CONTAINER BIO WASTE 5QT RED,2262,,881399,,10/BX,$33.31 ,1,0,0,,8,Total Tx Amt. $0.00
1, - MCKESSON,1245,,,O,"$1,019.16 ",$0.00 ,4/2/2019,wbra,4/2/2019,wbra,870," - GENTAMICIN SULFATE, MDV 40MG/ML 2ML"," - GENTAMICIN SULFATE, MDV 40MG/ML 2ML",401954,MEDS    ,401954,,25/BX,$99.81 ,1,0,0,,8,Total Tx Amt. $0.00
1, - MCKESSON,1245,,,O,"$1,019.16 ",$0.00 ,4/2/2019,wbra,4/2/2019,wbra,523, - STERIS CELERITY 20HP BI, - STERIS CELERITY 20HP BI,LCB044,STRL PRO,1086592,,25/BX,$330.60 ,1,0,0,,8,Total Tx Amt. $0.00
1, - MCKESSON,1245,,,O,"$1,019.16 ",$0.00 ,4/2/2019,wbra,4/2/2019,wbra,284, - SUPPORTER ADULT LRG, - SUPPORTER ADULT LRG,452706,DRESSING,452706,,EA,$6.04 ,4,0,0,,8,Total Tx Amt. $0.00
24, - CIVCO,1246,,,O,$287.00 ,$0.00 ,4/2/2019,wbra,4/4/2019,wbra,611," - BRACHY, TEMPLATE GRID"," - BRACHY, TEMPLATE GRID",610-905,GENERAL ,610-905,,5/BX,$287.00 ,1,0,0,,1,Total Tx Amt. $0.00
1, - MCKESSON,1247,,,O,$516.07 ,$0.00 ,4/3/2019,wbra,4/4/2019,wbra,157, - MED ATROPINE 10ML, - MED ATROPINE 10ML,286640,GLV/MSK ,286640,,EA,$10.86 ,6,0,0,,7,Total Tx Amt. $0.00
1, - MCKESSON,1247,,,O,$516.07 ,$0.00 ,4/3/2019,wbra,4/4/2019,wbra,203, - MED NEOSTIGMINE 10ML, - MED NEOSTIGMINE 10ML,1104761,IVSUPPLY,1104761,,10/BX,$216.30 ,1,0,0,,7,Total Tx Amt. $0.00
1, - MCKESSON,1247,,,O,$516.07 ,$0.00 ,4/3/2019,wbra,4/4/2019,wbra,795," - Underpads Regular,23 x 24"," - Underpads Regular,23 x 24",UPLT2324,GENERAL ,724049,,150/BX,$27.02 ,1,0,0,,7,Total Tx Amt. $0.00
1, - MCKESSON,1247,,,O,$516.07 ,$0.00 ,4/3/2019,wbra,4/4/2019,wbra,351, - CAUTERY PAD GROUND ADULT 10FT CONMED, - CAUTERY PAD GROUND ADULT 10FT CONMED,22-ESREC,,410809,,25/BX,$97.72 ,1,0,0,,7,Total Tx Amt. $0.00
1, - MCKESSON,1247,,,O,$516.07 ,$0.00 ,4/3/2019,wbra,4/4/2019,wbra,874," - Kitchen, Coffee Cups"," - Kitchen, Coffee Cups",1002351,GENERAL ,1002351,,1/CS,$61.83 ,1,0,0,,7,Total Tx Amt. $0.00
1, - MCKESSON,1247,,,O,$516.07 ,$0.00 ,4/3/2019,wbra,4/4/2019,wbra,770," - liner, trash can 60 gal roll"," - liner, trash can 60 gal roll",980394,HSKPNG  ,980394,,20/CS,$27.84 ,1,0,0,,7,Total Tx Amt. $0.00
1, - MCKESSON,1247,,,O,$516.07 ,$0.00 ,4/3/2019,wbra,4/4/2019,wbra,783," - Sponge, Gauze 4x4 12 Ply"," - Sponge, Gauze 4x4 12 Ply",44122000,GENERAL ,440343,,EA,$4.04 ,5,0,0,,7,Total Tx Amt. $0.00
4, - COOK MEDICAL,1249,,,O,$297.00 ,$0.00 ,4/3/2019,wbra,4/3/2019,wbra,459, - COOK URETERAL STENT FIRM UNIVERSA, - COOK URETERAL STENT FIRM UNIVERSA,G23406,GENERAL ,G23406,,EA,$49.50 ,4,0,0,,2,Total Tx Amt. $0.00
4, - COOK MEDICAL,1249,,,O,$297.00 ,$0.00 ,4/3/2019,wbra,4/3/2019,wbra,458, - COOK URETERAL STENT FIRM UNIVERSA, - COOK URETERAL STENT FIRM UNIVERSA,G23405,GENERAL ,G23405,,EA,$49.50 ,2,0,0,,2,Total Tx Amt. $0.00
3, - BOSTON SCIENTIFIC,1250,,,O,$572.31 ,$0.00 ,4/3/2019,wbra,4/3/2019,wbra,851, - Navigator 11/13 x 36, - Navigator 11/13 x 36,M0062502220,GENERAL ,M0062502220,,EA,$197.65 ,1,0,0,,2,Total Tx Amt. $0.00
3, - BOSTON SCIENTIFIC,1250,,,O,$572.31 ,$0.00 ,4/3/2019,wbra,4/3/2019,wbra,872, - Sten .035 dia Angle Tip Sensor Wire, - Sten .035 dia Angle Tip Sensor Wire,M0066703010,GENERAL ,M0066703010,,5/BX,$374.66 ,1,0,0,,2,Total Tx Amt. $0.00
27, - BESSE MEDICAL,1251,,,O,$58.08 ,$0.00 ,4/3/2019,wbra,4/3/2019,wbra,873," - Meds, Unasyn(sub for Ampicillin and Sulbactam)"," - Meds, Unasyn(sub for Ampicillin and Sulbactam)",10808,PACU    ,10808,,10/BX,$58.08 ,1,0,0,,1,Total Tx Amt. $0.00
3, - BOSTON SCIENTIFIC,1252,,,O,"$2,091.60 ",$0.00 ,4/4/2019,wbra,4/5/2019,wbra,645," - BASKET, ZERO TIP 1.9FR X 120CM BOSTON"," - BASKET, ZERO TIP 1.9FR X 120CM BOSTON",M0063901050,GENERAL ,M0063901050,,EA,$348.60 ,6,0,0,,1,Total Tx Amt. $0.00
1, - MCKESSON,1253,,,O,"$2,076.64 ",$0.00 ,4/5/2019,wbra,4/5/2019,wbra,162, - MED ANCEF 1G, - MED ANCEF 1G,1107414,GLV/MSK ,1107414,,25/BX,$33.99 ,2,0,0,,7,Total Tx Amt. $0.00
1, - MCKESSON,1253,,,O,"$2,076.64 ",$0.00 ,4/5/2019,wbra,4/5/2019,wbra,870," - GENTAMICIN SULFATE, MDV 40MG/ML 2ML"," - GENTAMICIN SULFATE, MDV 40MG/ML 2ML",401954,MEDS    ,401954,,25/BX,$99.50 ,3,0,0,,7,Total Tx Amt. $0.00
1, - MCKESSON,1253,,,O,"$2,076.64 ",$0.00 ,4/5/2019,wbra,4/5/2019,wbra,211, - MED PROPOFOL 20ML, - MED PROPOFOL 20ML,989562,IVSUPPLY,989562,,25/BX,$56.86 ,2,0,0,,7,Total Tx Amt. $0.00
1, - MCKESSON,1253,,,O,"$2,076.64 ",$0.00 ,4/5/2019,wbra,4/5/2019,wbra,849," - Lidocaine 1 % HCI Injection, USP 500mg/50ml Multi"," - Lidocaine 1 % HCI Injection, USP 500mg/50ml Multi",239936,,239936,,25/CT,$57.17 ,1,0,0,,7,Total Tx Amt. $0.00
1, - MCKESSON,1253,,,O,"$2,076.64 ",$0.00 ,4/5/2019,wbra,4/5/2019,wbra,624," - MED, OMNIPAQUE 300"," - MED, OMNIPAQUE 300",407141361,MEDS    ,533382,,10/BX,$57.83 ,3,0,0,,7,Total Tx Amt. $0.00
1, - MCKESSON,1253,,,O,"$2,076.64 ",$0.00 ,4/5/2019,wbra,4/5/2019,wbra,879," - Meds, Polymyxin-B VL 500MU"," - Meds, Polymyxin-B VL 500MU",1075976,GENERAL ,1075976,,10/BX,$86.52 ,1,0,0,,7,Total Tx Amt. $0.00
1, - MCKESSON,1253,,,O,"$2,076.64 ",$0.00 ,4/5/2019,wbra,4/5/2019,wbra,199, - MED MITOMYCIN 20MG/50ML, - MED MITOMYCIN 20MG/50ML,725642,HSKPNG  ,725642,,1/BT,$426.42 ,3,0,0,,7,Total Tx Amt. $0.00
27, - BESSE MEDICAL,1254,,,O,"$1,178.52 ",$0.00 ,4/5/2019,wbra,4/5/2019,wbra,648," - MED, RIFADIN IV 600MG 25ML"," - MED, RIFADIN IV 600MG 25ML",00068-0597-01,MEDS    ,10820,,EA,$196.42 ,6,0,0,,1,Total Tx Amt. $0.00
31, - NEOTRACT/ UROLIFT,1255,,,O,"$3,800.00 ",$0.00 ,4/5/2019,wbra,4/8/2019,wbra,665, - UROLIFT SYSTEM IMPLANT, - UROLIFT SYSTEM IMPLANT,UL400-4,GENERAL ,UL400-4,,EA,$950.00 ,4,0,0,,1,Total Tx Amt. $0.00
14, - BARD,1256,,,O,$900.00 ,$0.00 ,4/5/2019,wbra,4/5/2019,wbra,224, - NDL BIOPSY MAX CORE, - NDL BIOPSY MAX CORE,MC1825,IVSUPPLY,MC1825,,5/BX,$90.00 ,10,0,0,,1,Total Tx Amt. $0.00
1, - MCKESSON,1257,,,O,"$1,106.30 ",$0.00 ,4/5/2019,wbra,4/8/2019,wbra,228, - NDL CHIBA 20G, - NDL CHIBA 20G,CNM-2008,IVSUPPLY,629155,,10/BX,$81.23 ,3,0,0,,9,Total Tx Amt. $0.00
1, - MCKESSON,1257,,,O,"$1,106.30 ",$0.00 ,4/5/2019,wbra,4/8/2019,wbra,301, - FLUID WATER 1000ML, - FLUID WATER 1000ML,14045,GENERAL ,14045,,12/CS,$26.72 ,2,0,0,,9,Total Tx Amt. $0.00
1, - MCKESSON,1257,,,O,"$1,106.30 ",$0.00 ,4/5/2019,wbra,4/8/2019,wbra,152, - FLUID WATER 1000ML, - FLUID WATER 1000ML,513059,GENERAL ,513059,,14/CS,$56.50 ,2,0,0,,9,Total Tx Amt. $0.00
1, - MCKESSON,1257,,,O,"$1,106.30 ",$0.00 ,4/5/2019,wbra,4/8/2019,wbra,142, - FLUID NACL 1000ML, - FLUID NACL 1000ML,515490,GENERAL ,515490,,14/CS,$29.99 ,2,0,0,,9,Total Tx Amt. $0.00
1, - MCKESSON,1257,,,O,"$1,106.30 ",$0.00 ,4/5/2019,wbra,4/8/2019,wbra,140, - FLUID NACL 3000ML, - FLUID NACL 3000ML,230132,GENERAL ,230132,,4/CS,$34.32 ,2,0,0,,9,Total Tx Amt. $0.00
1, - MCKESSON,1257,,,O,"$1,106.30 ",$0.00 ,4/5/2019,wbra,4/8/2019,wbra,709," - SUT, LIQUIBAND"," - SUT, LIQUIBAND",122-LBX,SUTURE  ,948660,,10/BX,$186.84 ,1,0,0,,9,Total Tx Amt. $0.00
1, - MCKESSON,1257,,,O,"$1,106.30 ",$0.00 ,4/5/2019,wbra,4/8/2019,wbra,792, - PURELL HAND SANI 8OZ PUMP, - PURELL HAND SANI 8OZ PUMP,9652-12,DRESSING,281328,,12/BX,$23.63 ,1,0,0,,9,Total Tx Amt. $0.00
1, - MCKESSON,1257,,,O,"$1,106.30 ",$0.00 ,4/5/2019,wbra,4/8/2019,wbra,850," - Soap, Antimicrobial Soap[ Provon"," - Soap, Antimicrobial Soap[ Provon",,HSKPNG  ,877253,,2/CS,$38.20 ,2,0,0,,9,Total Tx Amt. $0.00
1, - MCKESSON,1257,,,O,"$1,106.30 ",$0.00 ,4/5/2019,wbra,4/8/2019,wbra,670," - ANES, AIRWAY, LMA IGEL 4"," - ANES, AIRWAY, LMA IGEL 4",8204000,ANESTHE ,978378,,25/BX,$280.68 ,1,0,0,,9,Total Tx Amt. $0.00
2, - CARDINAL HEALTH,1258,,,O,$871.51 ,$0.00 ,4/5/2019,wbra,4/8/2019,wbra,31, - DRAPE CYSTO PACK, - DRAPE CYSTO PACK,SPP99CY1AA,DRAPE   ,SPP99CY1AA,,6/CS,$118.62 ,3,0,0,,5,Total Tx Amt. $0.00
2, - CARDINAL HEALTH,1258,,,O,$871.51 ,$0.00 ,4/5/2019,wbra,4/8/2019,wbra,103, - GLOVE PROTEXIS PI 8 LATEX FREE, - GLOVE PROTEXIS PI 8 LATEX FREE,2D72PT80X,GENERAL ,2D72PT80X,,50/BX,$89.45 ,2,0,0,,5,Total Tx Amt. $0.00
2, - CARDINAL HEALTH,1258,,,O,$871.51 ,$0.00 ,4/5/2019,wbra,4/8/2019,wbra,104, - GLOVE PROTEXIS PI 8.5 LATEX FREE, - GLOVE PROTEXIS PI 8.5 LATEX FREE,2D72PT85X,GENERAL ,2D72PT85X,,50/BX,$89.45 ,1,0,0,,5,Total Tx Amt. $0.00
2, - CARDINAL HEALTH,1258,,,O,$871.51 ,$0.00 ,4/5/2019,wbra,4/8/2019,wbra,106, - GOWN XLARGE, - GOWN XLARGE,9545,GENERAL ,9545,,20/CS,$45.85 ,1,0,0,,5,Total Tx Amt. $0.00
2, - CARDINAL HEALTH,1258,,,O,$871.51 ,$0.00 ,4/5/2019,wbra,4/8/2019,wbra,796," - King UltraFlex 72"" breathing circuit"," - King UltraFlex 72"" breathing circuit",,ANESTHE ,8753F6121Z,,30/BX,$201.45 ,1,0,0,,5,Total Tx Amt. $0.00
11, - RICHARD WOLF,1259,,,O,$800.00 ,$0.00 ,4/5/2019,wbra,4/5/2019,wbra,881," - Wolf, Long Endoscope Tray, Plastic, UroLift scope"," - Wolf, Long Endoscope Tray, Plastic, UroLift scope",8570.019,STRL PRO,8570.019,,EA,$400.00 ,2,0,0,,1,Total Tx Amt. $0.00
4, - COOK MEDICAL,1260,,,O,$685.50 ,$0.00 ,4/5/2019,wbra,4/5/2019,wbra,440, - COOK WIRE GUIDE MOTION .035 STRAIGHT, - COOK WIRE GUIDE MOTION .035 STRAIGHT,G44846,GENERAL ,G44846,,5/BX,$240.00 ,1,0,0,,5,Total Tx Amt. $0.00
4, - COOK MEDICAL,1260,,,O,$685.50 ,$0.00 ,4/5/2019,wbra,4/5/2019,wbra,468, - COOK URETERAL STENT UNIVERSA FIRM 6X22, - COOK URETERAL STENT UNIVERSA FIRM 6X22,G23404,GENERAL ,G23404,,EA,$49.50 ,3,0,0,,5,Total Tx Amt. $0.00
4, - COOK MEDICAL,1260,,,O,$685.50 ,$0.00 ,4/5/2019,wbra,4/5/2019,wbra,459, - COOK URETERAL STENT FIRM UNIVERSA, - COOK URETERAL STENT FIRM UNIVERSA,G23406,GENERAL ,G23406,,EA,$49.50 ,2,0,0,,5,Total Tx Amt. $0.00
4, - COOK MEDICAL,1260,,,O,$685.50 ,$0.00 ,4/5/2019,wbra,4/5/2019,wbra,458, - COOK URETERAL STENT FIRM UNIVERSA, - COOK URETERAL STENT FIRM UNIVERSA,G23405,GENERAL ,G23405,,EA,$49.50 ,3,0,0,,5,Total Tx Amt. $0.00
4, - COOK MEDICAL,1260,,,O,$685.50 ,$0.00 ,4/5/2019,wbra,4/5/2019,wbra,855, - Cook Ureteral Firm stent 6 x 20, - Cook Ureteral Firm stent 6 x 20,G23402,GENERAL ,G23402,,EA,$49.50 ,1,0,0,,5,Total Tx Amt. $0.00
14, - BARD,1261,,,O,$76.80 ,$0.00 ,4/5/2019,wbra,4/5/2019,wbra,882," - Foley, 22 Fr. 5 cc Ribbed Balloon Lubricious Coate"," - Foley, 22 Fr. 5 cc Ribbed Balloon Lubricious Coate",0165L22,GENERAL ,0165L22,,12/BX,$38.40 ,1,0,0,,2,Total Tx Amt. $0.00
14, - BARD,1261,,,O,$76.80 ,$0.00 ,4/5/2019,wbra,4/5/2019,wbra,883," - Foley, 24Fr 5cc Ribbed Balloon Lubricious Coaated"," - Foley, 24Fr 5cc Ribbed Balloon Lubricious Coaated",0165L24,,0165L24,,12/BX,$38.40 ,1,0,0,,2,Total Tx Amt. $0.00
1, - MCKESSON,1262,,,O,$661.40 ,$0.00 ,4/8/2019,wbra,4/8/2019,wbra,884," - Scisors, Freeman-Gorney Rhytidectomy Supercut 7 1/"," - Scisors, Freeman-Gorney Rhytidectomy Supercut 7 1/",1110081,GENERAL ,1110081,,EA,$330.70 ,2,0,0,,1,Total Tx Amt. $0.00
31, - NEOTRACT/ UROLIFT,1263,,,O,"$3,800.00 ",$0.00 ,4/8/2019,wbra,4/8/2019,wbra,665, - UROLIFT SYSTEM IMPLANT, - UROLIFT SYSTEM IMPLANT,UL400-4,GENERAL ,UL400-4,,EA,$950.00 ,4,0,0,,1,Total Tx Amt. $0.00
4, - COOK MEDICAL,1264,,,O,$148.50 ,$0.00 ,4/8/2019,wbra,4/8/2019,wbra,498, - COOK URETERAL STENT UNIVERSA FIRM 6X30, - COOK URETERAL STENT UNIVERSA FIRM 6X30,G23408,GENERAL ,G23408,,EA,$49.50 ,3,0,0,,1,Total Tx Amt. $0.00
15, - TELEFLEX/ARROW,1265,,,O,$270.00 ,$0.00 ,4/8/2019,wbra,4/8/2019,wbra,518, - ANES LMA 4 UNIQUE, - ANES LMA 4 UNIQUE,105200-000040,ANESTHE ,105200-000040,,10/BX,$135.00 ,2,0,0,,1,Total Tx Amt. $0.00
21, - BK Medical,1266,,,O,$590.00 ,$0.00 ,4/8/2019,wbra,4/8/2019,wbra,723," - SUPP, ULTRASOUND GUIDE, BK"," - SUPP, ULTRASOUND GUIDE, BK",UA1322-S,GENERAL ,UA1322-S,,18/CS,$295.00 ,2,0,0,,1,Total Tx Amt. $0.00
8, - STERIS,1267,,,O,$23.04 ,$0.00 ,4/8/2019,wbra,4/8/2019,wbra,759, - Steris Printer Rolls, - Steris Printer Rolls,93929-020,STRL PRO,P093929-020,,1/BX,$11.52 ,2,0,0,,1,Total Tx Amt. $0.00
19, - STRAND DX,1268,,,O,$0.05 ,$0.00 ,4/8/2019,wbra,4/10/2019,wbra,563," - BIOPSY KIT, KNOW ERROR"," - BIOPSY KIT, KNOW ERROR",KIT,GENERAL ,KIT,,12/BX,$0.01 ,5,0,0,,1,Total Tx Amt. $0.00
1, - MCKESSON,1269,,,O,"$2,497.84 ",$0.00 ,4/9/2019,wbra,4/9/2019,wbra,827," - Botox, Therapeutic VL  100units, Allergan"," - Botox, Therapeutic VL  100units, Allergan",,MEDS    ,834923,,1/BT,$670.42 ,3,0,0,,7,Total Tx Amt. $0.00
1, - MCKESSON,1269,,,O,"$2,497.84 ",$0.00 ,4/9/2019,wbra,4/9/2019,wbra,885," - Bacitracin, VL PDR 50,000 Units"," - Bacitracin, VL PDR 50,000 Units",255718,GENERAL ,255178,,EA,$9.60 ,20,0,0,,7,Total Tx Amt. $0.00
1, - MCKESSON,1269,,,O,"$2,497.84 ",$0.00 ,4/9/2019,wbra,4/9/2019,wbra,633," - TUBING, SUCTION NS BUBBLE"," - TUBING, SUCTION NS BUBBLE",8888280412,GLV/MSK ,161266,,1/CS,$13.84 ,4,0,0,,7,Total Tx Amt. $0.00
1, - MCKESSON,1269,,,O,"$2,497.84 ",$0.00 ,4/9/2019,wbra,4/9/2019,wbra,123, - TOWEL PAPER C-FOLD, - TOWEL PAPER C-FOLD,1040599,GENERAL ,1040599,,1/CS,$18.08 ,2,0,0,,7,Total Tx Amt. $0.00
1, - MCKESSON,1269,,,O,"$2,497.84 ",$0.00 ,4/9/2019,wbra,4/9/2019,wbra,420, - SYRINGE LL 10ML, - SYRINGE LL 10ML,1031801,,1031801,,100/BX,$7.50 ,1,0,0,,7,Total Tx Amt. $0.00
1, - MCKESSON,1269,,,O,"$2,497.84 ",$0.00 ,4/9/2019,wbra,4/9/2019,wbra,421, - SYRINGE LL 20ML, - SYRINGE LL 20ML,1031802,,1031802,,100/BX,$19.80 ,1,0,0,,7,Total Tx Amt. $0.00
1, - MCKESSON,1269,,,O,"$2,497.84 ",$0.00 ,4/9/2019,wbra,4/9/2019,wbra,127, - IV CATH INTROCAN 20X1, - IV CATH INTROCAN 20X1,629114,PACU    ,629114,,50/BX,$87.88 ,2,0,0,,7,Total Tx Amt. $0.00
2, - CARDINAL HEALTH,1270,,,O,$952.12 ,$0.00 ,4/9/2019,wbra,4/10/2019,wbra,298, - PREP TRAY IODINE STERILE, - PREP TRAY IODINE STERILE,Nov-08,,Nov-08,,20/CS,$77.40 ,2,0,0,,7,Total Tx Amt. $0.00
2, - CARDINAL HEALTH,1270,,,O,$952.12 ,$0.00 ,4/9/2019,wbra,4/10/2019,wbra,101, - GLOVE PROTEXIS PI 7 LATEX FREE, - GLOVE PROTEXIS PI 7 LATEX FREE,2D72PT70X,GENERAL ,2D72PT70X,,50/BX,$89.45 ,1,0,0,,7,Total Tx Amt. $0.00
2, - CARDINAL HEALTH,1270,,,O,$952.12 ,$0.00 ,4/9/2019,wbra,4/10/2019,wbra,102, - GLOVE PROTEXIS PI 7.5 LATEX FREE, - GLOVE PROTEXIS PI 7.5 LATEX FREE,2D72PT75X,GENERAL ,2D72PT75X,,50/BX,$89.45 ,1,0,0,,7,Total Tx Amt. $0.00
2, - CARDINAL HEALTH,1270,,,O,$952.12 ,$0.00 ,4/9/2019,wbra,4/10/2019,wbra,31, - DRAPE CYSTO PACK, - DRAPE CYSTO PACK,SPP99CY1AA,DRAPE   ,SPP99CY1AA,,6/CS,$118.62 ,3,0,0,,7,Total Tx Amt. $0.00
2, - CARDINAL HEALTH,1270,,,O,$952.12 ,$0.00 ,4/9/2019,wbra,4/10/2019,wbra,619," - ANES, AIRWAY ORAL 90MM YELLOW"," - ANES, AIRWAY ORAL 90MM YELLOW",122790A,ANESTHE ,122790A,,10/BX,$9.82 ,4,0,0,,7,Total Tx Amt. $0.00
2, - CARDINAL HEALTH,1270,,,O,$952.12 ,$0.00 ,4/9/2019,wbra,4/10/2019,wbra,564, - ANES AIRWAY ORAL 100MM RED, - ANES AIRWAY ORAL 100MM RED,16-2101G,ANESTHE ,1227100A,,10/BX,$9.82 ,4,0,0,,7,Total Tx Amt. $0.00
2, - CARDINAL HEALTH,1270,,,O,$952.12 ,$0.00 ,4/9/2019,wbra,4/10/2019,wbra,542, - DRP PACK MINOR PROCEDURE, - DRP PACK MINOR PROCEDURE,SPP99MN7AA,DRAPE   ,SPP99MN7AA,,4/CS,$92.00 ,2,0,0,,7,Total Tx Amt. $0.00
4, - COOK MEDICAL,1271,,,O,$480.00 ,$0.00 ,4/9/2019,wbra,4/9/2019,wbra,440, - COOK WIRE GUIDE MOTION .035 STRAIGHT, - COOK WIRE GUIDE MOTION .035 STRAIGHT,G44846,GENERAL ,G44846,,5/BX,$240.00 ,2,0,0,,1,Total Tx Amt. $0.00
1, - MCKESSON,1272,,,O,$340.90 ,$0.00 ,4/9/2019,wbra,4/10/2019,wbra,289, - BASIN URINAL 1QT, - BASIN URINAL 1QT,1020361,,1020361,,48/CS,$26.68 ,1,0,0,,6,Total Tx Amt. $0.00
1, - MCKESSON,1272,,,O,$340.90 ,$0.00 ,4/9/2019,wbra,4/10/2019,wbra,1, - POSITIONER HEAD HARNESS, - POSITIONER HEAD HARNESS,565118,ANESTHE ,565118,,EA,$28.99 ,4,0,0,,6,Total Tx Amt. $0.00
1, - MCKESSON,1272,,,O,$340.90 ,$0.00 ,4/9/2019,wbra,4/10/2019,wbra,830, - syringe/needle 3cc Blnt LL 18ga x 1 1/2, - syringe/needle 3cc Blnt LL 18ga x 1 1/2,305060,GENERAL ,459506,,100/BX,$10.79 ,2,0,0,,6,Total Tx Amt. $0.00
1, - MCKESSON,1272,,,O,$340.90 ,$0.00 ,4/9/2019,wbra,4/10/2019,wbra,143, - FLUID NACL 500ML, - FLUID NACL 500ML,2B1323Q,GENERAL ,467131,,24/CS,$45.63 ,1,0,0,,6,Total Tx Amt. $0.00
1, - MCKESSON,1272,,,O,$340.90 ,$0.00 ,4/9/2019,wbra,4/10/2019,wbra,142, - FLUID NACL 1000ML, - FLUID NACL 1000ML,515490,GENERAL ,515490,,14/CS,$29.99 ,2,0,0,,6,Total Tx Amt. $0.00
1, - MCKESSON,1272,,,O,$340.90 ,$0.00 ,4/9/2019,wbra,4/10/2019,wbra,135, - FLUID LR 1000ML, - FLUID LR 1000ML,208829,GENERAL ,208829,,12/CS,$71.07 ,1,0,0,,6,Total Tx Amt. $0.00
27, - BESSE MEDICAL,1273,,,O,$866.80 ,$0.00 ,4/9/2019,wbra,4/10/2019,wbra,740," - MEDS, VANCOMYCIN 500MG SDV"," - MEDS, VANCOMYCIN 500MG SDV",45265,MEDS    ,45265,,10/CT,$88.40 ,2,0,0,67457-0339-50,2,Total Tx Amt. $0.00
27, - BESSE MEDICAL,1273,,,O,$866.80 ,$0.00 ,4/9/2019,wbra,4/10/2019,wbra,199, - MED MITOMYCIN 20MG/50ML, - MED MITOMYCIN 20MG/50ML,725642,HSKPNG  ,34583,,EA,$345.00 ,2,0,0,,2,Total Tx Amt. $0.00
13, - CARE FUSION,1274,,,O,"$1,222.60 ",$0.00 ,4/10/2019,wbra,4/17/2019,wbra,," - VanBurein Sounds, sizes 8 fr through 40 fr"," - VanBurein Sounds, sizes 8 fr through 40 fr",,,,,EA,$68.00 ,17,0,0,,2,Total Tx Amt. $0.00
13, - CARE FUSION,1274,,,O,"$1,222.60 ",$0.00 ,4/10/2019,wbra,4/17/2019,wbra,820," - Buckhaus Towel Forceps 3 1/2 """," - Buckhaus Towel Forceps 3 1/2 """,SU2900,,SU2900,,EA,$11.10 ,6,0,0,,2,Total Tx Amt. $0.00
26, - CUSTOM MEDICAL SPECILTIES,1275,,,O,$129.00 ,$0.00 ,4/10/2019,wbra,4/10/2019,wbra,637," - BAG, DRAIN SURGICAL TABLE"," - BAG, DRAIN SURGICAL TABLE",CMS-999,GENERAL ,CMS-999,,20/CS,$129.00 ,1,0,0,,1,Total Tx Amt. $0.00
16, - OLYMPUS,1277,,,O,$810.00 ,$0.00 ,4/10/2019,wbra,4/11/2019,wbra,528, - GLIDEWIRE 0.035 STR TIP STIFF OLYMPUS, - GLIDEWIRE 0.035 STR TIP STIFF OLYMPUS,UWS1035,GENERAL ,UWS1035,,5/BX,$405.00 ,2,0,0,,1,Total Tx Amt. $0.00
2, - CARDINAL HEALTH,1278,,,O,"$1,647.28 ",$0.00 ,4/11/2019,wbra,4/16/2019,wbra,134, - IV START KIT, - IV START KIT,01-9000A,GENERAL ,01-9000A,,100/CS,$100.00 ,1,0,0,,17,Total Tx Amt. $0.00
2, - CARDINAL HEALTH,1278,,,O,"$1,647.28 ",$0.00 ,4/11/2019,wbra,4/16/2019,wbra,1, - POSITIONER HEAD HARNESS, - POSITIONER HEAD HARNESS,565118,ANESTHE ,R9912001,,EA,$24.96 ,2,0,0,,17,Total Tx Amt. $0.00
2, - CARDINAL HEALTH,1278,,,O,"$1,647.28 ",$0.00 ,4/11/2019,wbra,4/16/2019,wbra,739, - SafeDay IV Administration Set, - SafeDay IV Administration Set,352904,PACU    ,,,50/BX,$143.29 ,2,0,0,,17,Total Tx Amt. $0.00
2, - CARDINAL HEALTH,1278,,,O,"$1,647.28 ",$0.00 ,4/11/2019,wbra,4/16/2019,wbra,796," - King UltraFlex 72"" breathing circuit"," - King UltraFlex 72"" breathing circuit",,ANESTHE ,8753F6121Z,,30/BX,$201.45 ,1,0,0,,17,Total Tx Amt. $0.00
2, - CARDINAL HEALTH,1278,,,O,"$1,647.28 ",$0.00 ,4/11/2019,wbra,4/16/2019,wbra,363, - CONTAINER SUCTION 3000ML, - CONTAINER SUCTION 3000ML,65651-230,GENERAL ,65651-230,,40/CS,$70.47 ,2,0,0,,17,Total Tx Amt. $0.00
2, - CARDINAL HEALTH,1278,,,O,"$1,647.28 ",$0.00 ,4/11/2019,wbra,4/16/2019,wbra,281, - SOCK SLIPPER ADULT XL, - SOCK SLIPPER ADULT XL,68125-GRY,,68125-GRY,,48/BX,$33.01 ,1,0,0,,17,Total Tx Amt. $0.00
2, - CARDINAL HEALTH,1278,,,O,"$1,647.28 ",$0.00 ,4/11/2019,wbra,4/16/2019,wbra,684," - GOWN, LG AAMI 4 SMART SLEEVE (LEVINE)"," - GOWN, LG AAMI 4 SMART SLEEVE (LEVINE)",9011,GENERAL ,9011,,20/CS,$63.77 ,1,0,0,,17,Total Tx Amt. $0.00
2, - CARDINAL HEALTH,1278,,,O,"$1,647.28 ",$0.00 ,4/11/2019,wbra,4/16/2019,wbra,106, - GOWN XLARGE, - GOWN XLARGE,9545,GENERAL ,9545,,20/CS,$45.85 ,1,0,0,,17,Total Tx Amt. $0.00
2, - CARDINAL HEALTH,1278,,,O,"$1,647.28 ",$0.00 ,4/11/2019,wbra,4/16/2019,wbra,422, - DISINFECT CAVIWIPE 1MIN, - DISINFECT CAVIWIPE 1MIN,MX13-1150,HSKPNG  ,MX13-1150,,12/BX,$65.57 ,2,0,0,,17,Total Tx Amt. $0.00
2, - CARDINAL HEALTH,1278,,,O,"$1,647.28 ",$0.00 ,4/11/2019,wbra,4/16/2019,wbra,603, - DISINFECT CAVICIDE 1 MIN SURFACE CLEANER, - DISINFECT CAVICIDE 1 MIN SURFACE CLEANER,13-5024,HSKPNG  ,13-5024,,12/CS,$56.77 ,1,0,0,,17,Total Tx Amt. $0.00
2, - CARDINAL HEALTH,1278,,,O,"$1,647.28 ",$0.00 ,4/11/2019,wbra,4/16/2019,wbra,26," - DRAPE SHEET, THREE QUARTER"," - DRAPE SHEET, THREE QUARTER",9349,ANESTHE ,9349,,20/CS,$29.43 ,2,0,0,,17,Total Tx Amt. $0.00
2, - CARDINAL HEALTH,1278,,,O,"$1,647.28 ",$0.00 ,4/11/2019,wbra,4/16/2019,wbra,298, - PREP TRAY IODINE STERILE, - PREP TRAY IODINE STERILE,Nov-08,,Nov-08,,20/CS,$77.40 ,2,0,0,,17,Total Tx Amt. $0.00
2, - CARDINAL HEALTH,1278,,,O,"$1,647.28 ",$0.00 ,4/11/2019,wbra,4/16/2019,wbra,64, - TAPE PLASTIC/TRANSPORE 1IN, - TAPE PLASTIC/TRANSPORE 1IN,M1527-1,DRESSING,M1527-1,,12/BX,$10.55 ,2,0,0,,17,Total Tx Amt. $0.00
2, - CARDINAL HEALTH,1278,,,O,"$1,647.28 ",$0.00 ,4/11/2019,wbra,4/16/2019,wbra,602," - ANES, TUBING, MICROBORE EXTENSION 60"""," - ANES, TUBING, MICROBORE EXTENSION 60""",N1602,ANESTHE ,N1602,,100/BX,$97.32 ,1,0,0,,17,Total Tx Amt. $0.00
2, - CARDINAL HEALTH,1278,,,O,"$1,647.28 ",$0.00 ,4/11/2019,wbra,4/16/2019,wbra,669," - PREP, CLIPPER SURGICAL HEAD"," - PREP, CLIPPER SURGICAL HEAD",CAH4406D,PREP    ,CAH4406D,,25/BX,$126.48 ,1,0,0,,17,Total Tx Amt. $0.00
2, - CARDINAL HEALTH,1278,,,O,"$1,647.28 ",$0.00 ,4/11/2019,wbra,4/16/2019,wbra,893," - Lab Jacket, dispoable X-Large"," - Lab Jacket, dispoable X-Large",2202LJ,GENERAL ,2202LJ,,25/BX,$31.60 ,1,0,0,,17,Total Tx Amt. $0.00
2, - CARDINAL HEALTH,1278,,,O,"$1,647.28 ",$0.00 ,4/11/2019,wbra,4/16/2019,wbra,90, - GLOVE PROTEXIS SIZE 9, - GLOVE PROTEXIS SIZE 9,2D72NS90X,GENERAL ,2D72NS90X,,50/BX,$47.69 ,1,0,0,,17,Total Tx Amt. $0.00
1, - MCKESSON,1279,,,O,"$1,029.28 ",$0.00 ,4/11/2019,wbra,4/12/2019,wbra,711," - DRSG, RESERVOIR SILICONE 100ML"," - DRSG, RESERVOIR SILICONE 100ML",19-322160,DRESSING,491269,,10/CS,$53.00 ,1,0,0,,19,Total Tx Amt. $0.00
1, - MCKESSON,1279,,,O,"$1,029.28 ",$0.00 ,4/11/2019,wbra,4/12/2019,wbra,107, - HAND SCRUB SURGICAL BRUSH PVP, - HAND SCRUB SURGICAL BRUSH PVP,BC372053,GENERAL ,227740,,30/BX,$21.69 ,3,0,0,,19,Total Tx Amt. $0.00
1, - MCKESSON,1279,,,O,"$1,029.28 ",$0.00 ,4/11/2019,wbra,4/12/2019,wbra,743, - EKG Monitor Button Red Dot, - EKG Monitor Button Red Dot,2560,ANESTHE ,199314,,1/CS,$164.65 ,1,0,0,,19,Total Tx Amt. $0.00
1, - MCKESSON,1279,,,O,"$1,029.28 ",$0.00 ,4/11/2019,wbra,4/12/2019,wbra,890," - Glove, Indutrial Nitrile 15 mm, size 8"," - Glove, Indutrial Nitrile 15 mm, size 8",94446,STRL PRO,1056412,,12/BX,$17.09 ,1,0,0,,19,Total Tx Amt. $0.00
1, - MCKESSON,1279,,,O,"$1,029.28 ",$0.00 ,4/11/2019,wbra,4/12/2019,wbra,148, - FLUID WATER 500ML BOTTLE, - FLUID WATER 500ML BOTTLE,161730,GENERAL ,14045,,12/CS,$26.72 ,2,0,0,,19,Total Tx Amt. $0.00
1, - MCKESSON,1279,,,O,"$1,029.28 ",$0.00 ,4/11/2019,wbra,4/12/2019,wbra,891," - dressing, Tegaderm 6"" x 8"" transparent"," - dressing, Tegaderm 6"" x 8"" transparent",1628,GENERAL ,121653,,10/BX,$14.13 ,1,0,0,,19,Total Tx Amt. $0.00
1, - MCKESSON,1279,,,O,"$1,029.28 ",$0.00 ,4/11/2019,wbra,4/12/2019,wbra,505," - SUPP, NDL COUNTER FOAM 40 CAPACITY"," - SUPP, NDL COUNTER FOAM 40 CAPACITY",3Fm20ssa,GENERAL ,742584,,1/CS,$21.90 ,1,0,0,,19,Total Tx Amt. $0.00
1, - MCKESSON,1279,,,O,"$1,029.28 ",$0.00 ,4/11/2019,wbra,4/12/2019,wbra,892," - Pad, Arm Board Foam, 7.5 x 16 x 20"," - Pad, Arm Board Foam, 7.5 x 16 x 20",773284,GENERAL ,742584,,1/CS,$53.76 ,1,0,0,,19,Total Tx Amt. $0.00
1, - MCKESSON,1279,,,O,"$1,029.28 ",$0.00 ,4/11/2019,wbra,4/12/2019,wbra,140, - FLUID NACL 3000ML, - FLUID NACL 3000ML,230132,GENERAL ,230132,,4/CS,$34.32 ,4,0,0,,19,Total Tx Amt. $0.00
1, - MCKESSON,1279,,,O,"$1,029.28 ",$0.00 ,4/11/2019,wbra,4/12/2019,wbra,135, - FLUID LR 1000ML, - FLUID LR 1000ML,208829,GENERAL ,208829,,12/CS,$71.07 ,2,0,0,,19,Total Tx Amt. $0.00
1, - MCKESSON,1279,,,O,"$1,029.28 ",$0.00 ,4/11/2019,wbra,4/12/2019,wbra,421, - SYRINGE LL 20ML, - SYRINGE LL 20ML,1031802,,1031802,,100/BX,$19.80 ,1,0,0,,19,Total Tx Amt. $0.00
1, - MCKESSON,1279,,,O,"$1,029.28 ",$0.00 ,4/11/2019,wbra,4/12/2019,wbra,420, - SYRINGE LL 10ML, - SYRINGE LL 10ML,1031801,,1031801,,100/BX,$7.50 ,1,0,0,,19,Total Tx Amt. $0.00
1, - MCKESSON,1279,,,O,"$1,029.28 ",$0.00 ,4/11/2019,wbra,4/12/2019,wbra,417, - SYRINGE LL 5ML, - SYRINGE LL 5ML,BF309646A,,1031805,,100/BX,$6.10 ,1,0,0,,19,Total Tx Amt. $0.00
1, - MCKESSON,1279,,,O,"$1,029.28 ",$0.00 ,4/11/2019,wbra,4/12/2019,wbra,416, - SYRINGE LL 30ML, - SYRINGE LL 30ML,BF302832,,16-S30C,,100/BX,$23.53 ,1,0,0,,19,Total Tx Amt. $0.00
1, - MCKESSON,1279,,,O,"$1,029.28 ",$0.00 ,4/11/2019,wbra,4/12/2019,wbra,418, - SYRINGE LL 60ML NS, - SYRINGE LL 60ML NS,102-S60C,,869662,,25/CT,$8.29 ,1,0,0,,19,Total Tx Amt. $0.00
1, - MCKESSON,1279,,,O,"$1,029.28 ",$0.00 ,4/11/2019,wbra,4/12/2019,wbra,764," - Mask, Face Surg Light Blue pleated with ties"," - Mask, Face Surg Light Blue pleated with ties",48100,GENERAL ,206484,,1/CS,$23.81 ,1,0,0,,19,Total Tx Amt. $0.00
1, - MCKESSON,1279,,,O,"$1,029.28 ",$0.00 ,4/11/2019,wbra,4/12/2019,wbra,783," - Sponge, Gauze 4x4 12 Ply"," - Sponge, Gauze 4x4 12 Ply",44122000,GENERAL ,440343,,EA,$4.04 ,5,0,0,,19,Total Tx Amt. $0.00
1, - MCKESSON,1279,,,O,"$1,029.28 ",$0.00 ,4/11/2019,wbra,4/12/2019,wbra,143, - FLUID NACL 500ML, - FLUID NACL 500ML,2B1323Q,GENERAL ,467131,,24/CS,$45.63 ,1,0,0,,19,Total Tx Amt. $0.00
1, - MCKESSON,1279,,,O,"$1,029.28 ",$0.00 ,4/11/2019,wbra,4/12/2019,wbra,," - 2x slipper socks, p/n 504733"," - 2x slipper socks, p/n 504733",,,,,48/BX,$37.99 ,4,0,0,,19,Total Tx Amt. $0.00
23, - COLOPLAST,1280,,,O,"$1,422.00 ",$0.00 ,4/11/2019,wbra,4/15/2019,wbra,601," - SLING, FEMALE ARIS TRANSOBTURATOR KIT"," - SLING, FEMALE ARIS TRANSOBTURATOR KIT",93-4400,GENERAL ,93-4400,,EA,$711.00 ,1,0,0,,2,Total Tx Amt. $0.00
23, - COLOPLAST,1280,,,O,"$1,422.00 ",$0.00 ,4/11/2019,wbra,4/15/2019,wbra,653," - SLING, FEMALE, SUPRIS RETROPUBIC KIT"," - SLING, FEMALE, SUPRIS RETROPUBIC KIT",93-4450,GENERAL ,93-4450,,EA,$711.00 ,1,0,0,,2,Total Tx Amt. $0.00
33, - MEDTRONIC,1281,,,O,"$19,270.00 ",$0.00 ,4/12/2019,wbra,4/12/2019,wbra,736," - IMP, INTERSTIM TEST STIM 353101"," - IMP, INTERSTIM TEST STIM 353101",353101,GENERAL ,353101,,EA,$350.00 ,1,0,0,,8,Total Tx Amt. $0.00
33, - MEDTRONIC,1281,,,O,"$19,270.00 ",$0.00 ,4/12/2019,wbra,4/12/2019,wbra,838, - Interstim Twist Lock Cable, - Interstim Twist Lock Cable,357625,GENERAL ,357625,,EA,$80.00 ,1,0,0,,8,Total Tx Amt. $0.00
33, - MEDTRONIC,1281,,,O,"$19,270.00 ",$0.00 ,4/12/2019,wbra,4/12/2019,wbra,839, - Interstim Test Stimulation Cable, - Interstim Test Stimulation Cable,357501,GENERAL ,357501,,EA,$40.00 ,2,0,0,,8,Total Tx Amt. $0.00
33, - MEDTRONIC,1281,,,O,"$19,270.00 ",$0.00 ,4/12/2019,wbra,4/12/2019,wbra,836, - Interstim Foraman Needle 12.2 cm, - Interstim Foraman Needle 12.2 cm,41829,GENERAL ,41829,,EA,$240.00 ,1,0,0,,8,Total Tx Amt. $0.00
33, - MEDTRONIC,1281,,,O,"$19,270.00 ",$0.00 ,4/12/2019,wbra,4/12/2019,wbra,837, - Interstim Lead Introducer Kit, - Interstim Lead Introducer Kit,355018,GENERAL ,355018,,EA,$280.00 ,2,0,0,,8,Total Tx Amt. $0.00
33, - MEDTRONIC,1281,,,O,"$19,270.00 ",$0.00 ,4/12/2019,wbra,4/12/2019,wbra,843, - Interstim Quadripolar Lead Kit for Sacral Nerve St, - Interstim Quadripolar Lead Kit for Sacral Nerve St,3889-28,GENERAL ,3889-28,,EA,"$3,360.00 ",2,0,0,,8,Total Tx Amt. $0.00
33, - MEDTRONIC,1281,,,O,"$19,270.00 ",$0.00 ,4/12/2019,wbra,4/12/2019,wbra,834, - Interstim Neuro Stimulator, - Interstim Neuro Stimulator,3058,GENERAL ,3058,,EA,"$11,200.00 ",1,0,0,,8,Total Tx Amt. $0.00
33, - MEDTRONIC,1281,,,O,"$19,270.00 ",$0.00 ,4/12/2019,wbra,4/12/2019,wbra,840, - Interstim Test Stimulation Lead, - Interstim Test Stimulation Lead,305901,GENERAL ,305901,,1/BX,$40.00 ,1,0,0,,8,Total Tx Amt. $0.00
1, - MCKESSON,1282,,,O,$162.00 ,$0.00 ,4/12/2019,wbra,4/12/2019,wbra,162, - MED ANCEF 1G, - MED ANCEF 1G,1107414,GLV/MSK ,1107414,,25/BX,$40.50 ,4,0,0,conf # 31257492,1,Total Tx Amt. $0.00
1, - MCKESSON,1283,,,O,"$1,421.60 ",$0.00 ,4/15/2019,wbra,4/15/2019,wbra,137, - FLUID LR 500ML, - FLUID LR 500ML,186663,GENERAL ,186663,,24/CS,$55.43 ,2,0,0,,13,Total Tx Amt. $0.00
1, - MCKESSON,1283,,,O,"$1,421.60 ",$0.00 ,4/15/2019,wbra,4/15/2019,wbra,140, - FLUID NACL 3000ML, - FLUID NACL 3000ML,230132,GENERAL ,230132,,4/CS,$34.32 ,4,0,0,,13,Total Tx Amt. $0.00
1, - MCKESSON,1283,,,O,"$1,421.60 ",$0.00 ,4/15/2019,wbra,4/15/2019,wbra,137, - FLUID LR 500ML, - FLUID LR 500ML,186663,GENERAL ,186663,,24/CS,$55.43 ,1,0,0,,13,Total Tx Amt. $0.00
1, - MCKESSON,1283,,,O,"$1,421.60 ",$0.00 ,4/15/2019,wbra,4/15/2019,wbra,136, - FLUID LR 1000ML, - FLUID LR 1000ML,515492,GENERAL ,515492,,14/CS,$31.21 ,2,0,0,,13,Total Tx Amt. $0.00
1, - MCKESSON,1283,,,O,"$1,421.60 ",$0.00 ,4/15/2019,wbra,4/15/2019,wbra,151, - FLUID WATER 3000ML, - FLUID WATER 3000ML,200388,GLV/MSK ,200388,,4/CS,$33.79 ,3,0,0,,13,Total Tx Amt. $0.00
1, - MCKESSON,1283,,,O,"$1,421.60 ",$0.00 ,4/15/2019,wbra,4/15/2019,wbra,301, - FLUID WATER 1000ML, - FLUID WATER 1000ML,14045,GENERAL ,14045,,12/CS,$26.72 ,3,0,0,,13,Total Tx Amt. $0.00
1, - MCKESSON,1283,,,O,"$1,421.60 ",$0.00 ,4/15/2019,wbra,4/15/2019,wbra,709," - SUT, LIQUIBAND"," - SUT, LIQUIBAND",122-LBX,SUTURE  ,948660,,10/BX,$186.84 ,2,0,0,,13,Total Tx Amt. $0.00
1, - MCKESSON,1283,,,O,"$1,421.60 ",$0.00 ,4/15/2019,wbra,4/15/2019,wbra,894, - MED BUPIVACAINE 0.5% 50 ML, - MED BUPIVACAINE 0.5% 50 ML,55150025050,,1077277,,25/BX,$40.14 ,1,0,0,,13,Total Tx Amt. $0.00
1, - MCKESSON,1283,,,O,"$1,421.60 ",$0.00 ,4/15/2019,wbra,4/15/2019,wbra,794," - MED, SILVADENE CREAM TUBE 20G"," - MED, SILVADENE CREAM TUBE 20G",61570013120,MEDS    ,234397,,EA,$9.97 ,2,0,0,,13,Total Tx Amt. $0.00
1, - MCKESSON,1283,,,O,"$1,421.60 ",$0.00 ,4/15/2019,wbra,4/15/2019,wbra,229, - NDL HYPO 18X1.5, - NDL HYPO 18X1.5,1031789,IVS     ,1031789,,100/BX,$2.80 ,4,0,0,,13,Total Tx Amt. $0.00
1, - MCKESSON,1283,,,O,"$1,421.60 ",$0.00 ,4/15/2019,wbra,4/15/2019,wbra,833," - Mask, Anes size 6 Adult Elongated"," - Mask, Anes size 6 Adult Elongated",854706,ANESTHE ,854706,,30/BX,$46.88 ,3,0,0,,13,Total Tx Amt. $0.00
1, - MCKESSON,1283,,,O,"$1,421.60 ",$0.00 ,4/15/2019,wbra,4/15/2019,wbra,211, - MED PROPOFOL 20ML, - MED PROPOFOL 20ML,989562,IVSUPPLY,989562,,25/BX,$56.86 ,4,0,0,,13,Total Tx Amt. $0.00
1, - MCKESSON,1283,,,O,"$1,421.60 ",$0.00 ,4/15/2019,wbra,4/15/2019,wbra,38, - DRAPE IOBAN 23X17, - DRAPE IOBAN 23X17,M6650EZ,DRAPE   ,401845,,10/BX,$61.04 ,1,0,0,,13,Total Tx Amt. $0.00
2, - CARDINAL HEALTH,1284,,,O,"$1,301.24 ",$0.00 ,4/15/2019,wbra,4/15/2019,wbra,351, - CAUTERY PAD GROUND ADULT 10FT CONMED, - CAUTERY PAD GROUND ADULT 10FT CONMED,22-ESREC,,410-2000A,,25/BX,$100.01 ,1,0,0,,11,Total Tx Amt. $0.00
2, - CARDINAL HEALTH,1284,,,O,"$1,301.24 ",$0.00 ,4/15/2019,wbra,4/15/2019,wbra,347, - CAUTERY HANDHELD PUSH BUTTON HOLSTER, - CAUTERY HANDHELD PUSH BUTTON HOLSTER,E2516H,,E2516HA,,50/CS,$239.00 ,1,0,0,,11,Total Tx Amt. $0.00
2, - CARDINAL HEALTH,1284,,,O,"$1,301.24 ",$0.00 ,4/15/2019,wbra,4/15/2019,wbra,74, - GLOVE EXAM MEDIUM NITRILE, - GLOVE EXAM MEDIUM NITRILE,88TN03M,GENERAL ,88TN03M,,1/CS,$87.80 ,1,0,0,,11,Total Tx Amt. $0.00
2, - CARDINAL HEALTH,1284,,,O,"$1,301.24 ",$0.00 ,4/15/2019,wbra,4/15/2019,wbra,35, - DRAPE UNDER BUTT W/ POUCH, - DRAPE UNDER BUTT W/ POUCH,8484,DRAPE   ,8484,,20/CS,$66.60 ,1,0,0,,11,Total Tx Amt. $0.00
2, - CARDINAL HEALTH,1284,,,O,"$1,301.24 ",$0.00 ,4/15/2019,wbra,4/15/2019,wbra,106, - GOWN XLARGE, - GOWN XLARGE,9545,GENERAL ,9545,,20/CS,$45.85 ,2,0,0,,11,Total Tx Amt. $0.00
2, - CARDINAL HEALTH,1284,,,O,"$1,301.24 ",$0.00 ,4/15/2019,wbra,4/15/2019,wbra,323, - WRAP DOUBLE LAYER 36X36, - WRAP DOUBLE LAYER 36X36,CH5G0036,,CH3G0036,,150/BX,$121.11 ,2,0,0,,11,Total Tx Amt. $0.00
2, - CARDINAL HEALTH,1284,,,O,"$1,301.24 ",$0.00 ,4/15/2019,wbra,4/15/2019,wbra,324, - WRAP DOUBLE LAYER 48X48, - WRAP DOUBLE LAYER 48X48,CH3G0048,,CH3G0048,,96/CS,$142.77 ,1,0,0,,11,Total Tx Amt. $0.00
2, - CARDINAL HEALTH,1284,,,O,"$1,301.24 ",$0.00 ,4/15/2019,wbra,4/15/2019,wbra,313, - WRAP TRAY LINER WHT, - WRAP TRAY LINER WHT,KM10502B,STRL PRO,KM10502B,,1/CS,$55.66 ,1,0,0,,11,Total Tx Amt. $0.00
2, - CARDINAL HEALTH,1284,,,O,"$1,301.24 ",$0.00 ,4/15/2019,wbra,4/15/2019,wbra,406, - SUTURE CHROMIC 2-0 SH 27IN, - SUTURE CHROMIC 2-0 SH 27IN,G123H,,g123h,,12/BX,$108.52 ,1,0,0,,11,Total Tx Amt. $0.00
2, - CARDINAL HEALTH,1284,,,O,"$1,301.24 ",$0.00 ,4/15/2019,wbra,4/15/2019,wbra,409, - SUTURE MONOCRYL 4-0 18IN, - SUTURE MONOCRYL 4-0 18IN,Y496G,,Y496G,,12/BX,$69.64 ,1,0,0,,11,Total Tx Amt. $0.00
2, - CARDINAL HEALTH,1284,,,O,"$1,301.24 ",$0.00 ,4/15/2019,wbra,4/15/2019,wbra,602," - ANES, TUBING, MICROBORE EXTENSION 60"""," - ANES, TUBING, MICROBORE EXTENSION 60""",N1602,ANESTHE ,N1602,,100/BX,$97.32 ,1,0,0,,11,Total Tx Amt. $0.00
4, - COOK MEDICAL,1285,,,O,$608.56 ,$0.00 ,4/15/2019,wbra,4/15/2019,wbra,458, - COOK URETERAL STENT FIRM UNIVERSA, - COOK URETERAL STENT FIRM UNIVERSA,G23405,GENERAL ,G23405,,EA,$49.50 ,4,0,0,,3,Total Tx Amt. $0.00
4, - COOK MEDICAL,1285,,,O,$608.56 ,$0.00 ,4/15/2019,wbra,4/15/2019,wbra,459, - COOK URETERAL STENT FIRM UNIVERSA, - COOK URETERAL STENT FIRM UNIVERSA,G23406,GENERAL ,G23406,,EA,$49.50 ,4,0,0,,3,Total Tx Amt. $0.00
4, - COOK MEDICAL,1285,,,O,$608.56 ,$0.00 ,4/15/2019,wbra,4/15/2019,wbra,464, - COOK CONE TIP URETERAL CATH 8FR, - COOK CONE TIP URETERAL CATH 8FR,G14663,GENERAL ,G14663,,10/BX,$106.28 ,2,0,0,,3,Total Tx Amt. $0.00
17, - HEALTHTRONICS MOBILE SOLUTIONS,1286,,,O,$750.00 ,$0.00 ,4/15/2019,wbra,4/15/2019,wbra,529, - LASER FIBER HO 200 SINGLE USE, - LASER FIBER HO 200 SINGLE USE,95193,GENERAL ,95193,,EA,$125.00 ,3,0,0,,3,Total Tx Amt. $0.00
17, - HEALTHTRONICS MOBILE SOLUTIONS,1286,,,O,$750.00 ,$0.00 ,4/15/2019,wbra,4/15/2019,wbra,530, - LASER FIBER HO 272 SINGLE USE, - LASER FIBER HO 272 SINGLE USE,95448,GENERAL ,95448,,EA,$125.00 ,2,0,0,,3,Total Tx Amt. $0.00
17, - HEALTHTRONICS MOBILE SOLUTIONS,1286,,,O,$750.00 ,$0.00 ,4/15/2019,wbra,4/15/2019,wbra,531, - LASER FIBER HO 365 SINGLE USE, - LASER FIBER HO 365 SINGLE USE,95612,GENERAL ,95612,,EA,$125.00 ,1,0,0,,3,Total Tx Amt. $0.00
3, - BOSTON SCIENTIFIC,1287,,,O,$395.30 ,$0.00 ,4/15/2019,wbra,4/15/2019,wbra,895," - BOSTON SCI, NAVIGATOR HD 13/15FR 36CM"," - BOSTON SCI, NAVIGATOR HD 13/15FR 36CM",M0062502280,GENERAL ,M0062502280,,EA,$197.65 ,1,0,0,,2,Total Tx Amt. $0.00
3, - BOSTON SCIENTIFIC,1287,,,O,$395.30 ,$0.00 ,4/15/2019,wbra,4/15/2019,wbra,581," - BOSTON SCI, NAVIGATOR HD 13/15FR 46CM"," - BOSTON SCI, NAVIGATOR HD 13/15FR 46CM",M0062502290,GENERAL ,M0062502290,,EA,$197.65 ,1,0,0,,2,Total Tx Amt. $0.00
14, - BARD,1288,,,O,$900.00 ,$0.00 ,4/15/2019,wbra,4/15/2019,wbra,224, - NDL BIOPSY MAX CORE, - NDL BIOPSY MAX CORE,MC1825,IVSUPPLY,MC1825,,5/BX,$90.00 ,10,0,0,,1,Total Tx Amt. $0.00
1, - MCKESSON,1289,,,O,$173.24 ,$0.00 ,4/16/2019,wbra,4/16/2019,wbra,, - Administration Set SafeDay? 24 Hour 15 Drops / mL, - Administration Set SafeDay? 24 Hour 15 Drops / mL,,,,,1/BX,$173.24 ,1,0,0,,1,Total Tx Amt. $0.00
1, - MCKESSON,1290,,,O,"$1,157.34 ",$0.00 ,4/16/2019,wbra,4/19/2019,wbra,228, - NDL CHIBA 20G, - NDL CHIBA 20G,CNM-2008,IVSUPPLY,629155,,10/BX,$81.23 ,5,0,0,,13,Total Tx Amt. $0.00
1, - MCKESSON,1290,,,O,"$1,157.34 ",$0.00 ,4/16/2019,wbra,4/19/2019,wbra,896," - Water Sterile, SDV 20ML"," - Water Sterile, SDV 20ML",239938,GENERAL ,239938,,25/BX,$36.15 ,1,0,0,,13,Total Tx Amt. $0.00
1, - MCKESSON,1290,,,O,"$1,157.34 ",$0.00 ,4/16/2019,wbra,4/19/2019,wbra,897," - Meds, Levaquin, Tablets 500Mg bottle"," - Meds, Levaquin, Tablets 500Mg bottle",793832,PACU    ,793832,,1/BT,$16.87 ,2,0,0,,13,Total Tx Amt. $0.00
1, - MCKESSON,1290,,,O,"$1,157.34 ",$0.00 ,4/16/2019,wbra,4/19/2019,wbra,726," - SUPP, Y TUBING"," - SUPP, Y TUBING",2C4005,GENERAL ,200390,,12/BX,$121.28 ,2,0,0,,13,Total Tx Amt. $0.00
1, - MCKESSON,1290,,,O,"$1,157.34 ",$0.00 ,4/16/2019,wbra,4/19/2019,wbra,208, - MED ZOFRAN 2ML, - MED ZOFRAN 2ML,1111125,IVSUPPLY,679301,,25/BX,$15.57 ,2,0,0,,13,Total Tx Amt. $0.00
1, - MCKESSON,1290,,,O,"$1,157.34 ",$0.00 ,4/16/2019,wbra,4/19/2019,wbra,710," - SUPP, NASAL CAN GAS SAMPLE 7'"," - SUPP, NASAL CAN GAS SAMPLE 7'",999489,ANESTHE ,999489,,25/CS,$42.19 ,3,0,0,,13,Total Tx Amt. $0.00
1, - MCKESSON,1290,,,O,"$1,157.34 ",$0.00 ,4/16/2019,wbra,4/19/2019,wbra,898," - Anes, Tongue Blades"," - Anes, Tongue Blades",508714,ANESTHE ,508714,,1/BX,$2.85 ,1,0,0,,13,Total Tx Amt. $0.00
1, - MCKESSON,1290,,,O,"$1,157.34 ",$0.00 ,4/16/2019,wbra,4/19/2019,wbra,830, - syringe/needle 3cc Blnt LL 18ga x 1 1/2, - syringe/needle 3cc Blnt LL 18ga x 1 1/2,305060,GENERAL ,459506,,100/BX,$10.79 ,2,0,0,,13,Total Tx Amt. $0.00
1, - MCKESSON,1290,,,O,"$1,157.34 ",$0.00 ,4/16/2019,wbra,4/19/2019,wbra,901, - Coverall Bunny Suit, - Coverall Bunny Suit,293648,GENERAL ,293566,,25/BX,$39.64 ,1,0,0,,13,Total Tx Amt. $0.00
1, - MCKESSON,1290,,,O,"$1,157.34 ",$0.00 ,4/16/2019,wbra,4/19/2019,wbra,632," - SHARPS, 18 GAL RED CONTAINER"," - SHARPS, 18 GAL RED CONTAINER",862336,HSKPNG  ,862336,,EA,$16.26 ,5,0,0,,13,Total Tx Amt. $0.00
1, - MCKESSON,1290,,,O,"$1,157.34 ",$0.00 ,4/16/2019,wbra,4/19/2019,wbra,859," - Chemotherapy Sharps Container 18 gallon, Yellow"," - Chemotherapy Sharps Container 18 gallon, Yellow",862687,GENERAL ,862687,,EA,$16.26 ,4,0,0,,13,Total Tx Amt. $0.00
1, - MCKESSON,1290,,,O,"$1,157.34 ",$0.00 ,4/16/2019,wbra,4/19/2019,wbra,902," - DRAPE, Arthroscopy Camera Drape"," - DRAPE, Arthroscopy Camera Drape",577705,GENERAL ,577705,,10/BX,$42.80 ,1,0,0,,13,Total Tx Amt. $0.00
1, - MCKESSON,1290,,,O,"$1,157.34 ",$0.00 ,4/16/2019,wbra,4/19/2019,wbra,207, - MED ZOFRAN 2ML, - MED ZOFRAN 2ML,1113028,IVSUPPLY,1113028,,25/CT,$13.91 ,2,0,0,,13,Total Tx Amt. $0.00
2, - CARDINAL HEALTH,1291,,,O,"$1,208.63 ",$0.00 ,4/16/2019,wbra,4/17/2019,wbra,396, - CATH KIT SILICONE FOLEY, - CATH KIT SILICONE FOLEY,3532,,3532,,10/BX,$44.79 ,1,0,0,,13,Total Tx Amt. $0.00
2, - CARDINAL HEALTH,1291,,,O,"$1,208.63 ",$0.00 ,4/16/2019,wbra,4/17/2019,wbra,602," - ANES, TUBING, MICROBORE EXTENSION 60"""," - ANES, TUBING, MICROBORE EXTENSION 60""",N1602,ANESTHE ,N1602,,100/BX,$97.32 ,1,0,0,,13,Total Tx Amt. $0.00
2, - CARDINAL HEALTH,1291,,,O,"$1,208.63 ",$0.00 ,4/16/2019,wbra,4/17/2019,wbra,98, - CAP SURGEON WITH TIES, - CAP SURGEON WITH TIES,4359,GENERAL ,,,1/CS,$69.83 ,1,0,0,,13,Total Tx Amt. $0.00
2, - CARDINAL HEALTH,1291,,,O,"$1,208.63 ",$0.00 ,4/16/2019,wbra,4/17/2019,wbra,69, - CAP BOUFFANT 24IN, - CAP BOUFFANT 24IN,3274,DRESSING,,,10/CS,$62.15 ,1,0,0,,13,Total Tx Amt. $0.00
2, - CARDINAL HEALTH,1291,,,O,"$1,208.63 ",$0.00 ,4/16/2019,wbra,4/17/2019,wbra,95, - SHOE COVER HIGH TOP HIGH LEVEL FLUID, - SHOE COVER HIGH TOP HIGH LEVEL FLUID,8454,GENERAL ,8454,,EA,$13.60 ,2,0,0,,13,Total Tx Amt. $0.00
2, - CARDINAL HEALTH,1291,,,O,"$1,208.63 ",$0.00 ,4/16/2019,wbra,4/17/2019,wbra,298, - PREP TRAY IODINE STERILE, - PREP TRAY IODINE STERILE,Nov-08,,Nov-08,,20/CS,$77.40 ,2,0,0,,13,Total Tx Amt. $0.00
2, - CARDINAL HEALTH,1291,,,O,"$1,208.63 ",$0.00 ,4/16/2019,wbra,4/17/2019,wbra,31, - DRAPE CYSTO PACK, - DRAPE CYSTO PACK,SPP99CY1AA,DRAPE   ,SPP99CY1AA,,6/CS,$118.62 ,2,0,0,,13,Total Tx Amt. $0.00
2, - CARDINAL HEALTH,1291,,,O,"$1,208.63 ",$0.00 ,4/16/2019,wbra,4/17/2019,wbra,542, - DRP PACK MINOR PROCEDURE, - DRP PACK MINOR PROCEDURE,SPP99MN7AA,DRAPE   ,SPP99MN7AA,,4/CS,$92.00 ,2,0,0,,13,Total Tx Amt. $0.00
2, - CARDINAL HEALTH,1291,,,O,"$1,208.63 ",$0.00 ,4/16/2019,wbra,4/17/2019,wbra,102, - GLOVE PROTEXIS PI 7.5 LATEX FREE, - GLOVE PROTEXIS PI 7.5 LATEX FREE,2D72PT75X,GENERAL ,2D72PT75X,,50/BX,$89.45 ,1,0,0,,13,Total Tx Amt. $0.00
2, - CARDINAL HEALTH,1291,,,O,"$1,208.63 ",$0.00 ,4/16/2019,wbra,4/17/2019,wbra,99, - GLOVE PROTEXIS PI 6 LATEX FREE, - GLOVE PROTEXIS PI 6 LATEX FREE,2D72PT60X,GENERAL ,2D72PT60X,,50/BX,$89.45 ,1,0,0,,13,Total Tx Amt. $0.00
2, - CARDINAL HEALTH,1291,,,O,"$1,208.63 ",$0.00 ,4/16/2019,wbra,4/17/2019,wbra,105, - GLOVE PROTEXIS PI 9 LATEX FREE, - GLOVE PROTEXIS PI 9 LATEX FREE,2D72PT90X,GENERAL ,2D72PT90X,,50/BX,$89.45 ,1,0,0,,13,Total Tx Amt. $0.00
2, - CARDINAL HEALTH,1291,,,O,"$1,208.63 ",$0.00 ,4/16/2019,wbra,4/17/2019,wbra,372, - DRAPE TOWEL SURGICAL 4PK BLUE, - DRAPE TOWEL SURGICAL 4PK BLUE,28700-004,DRAPE   ,28700-004,,20/CS,$37.00 ,1,0,0,,13,Total Tx Amt. $0.00
2, - CARDINAL HEALTH,1291,,,O,"$1,208.63 ",$0.00 ,4/16/2019,wbra,4/17/2019,wbra,39, - DRAPE MAYO STAND COVER, - DRAPE MAYO STAND COVER,8337,DRAPE   ,8337,,30/CS,$25.95 ,1,0,0,,13,Total Tx Amt. $0.00
14, - BARD,1292,,,O,$203.52 ,$0.00 ,4/17/2019,wbra,4/17/2019,wbra,716," - CATH, FOLEY, 18FR 30CC"," - CATH, FOLEY, 18FR 30CC",0167L18,GENERAL ,0167l18,,12/BX,$101.76 ,1,0,0,,2,Total Tx Amt. $0.00
14, - BARD,1292,,,O,$203.52 ,$0.00 ,4/17/2019,wbra,4/17/2019,wbra,713," - CATH, FOLEY, 20FR 30CC"," - CATH, FOLEY, 20FR 30CC",0167L20,GENERAL ,0167L20,,12/BX,$101.76 ,1,0,0,,2,Total Tx Amt. $0.00
4, - COOK MEDICAL,1293,,,O,$478.28 ,$0.00 ,4/17/2019,wbra,4/17/2019,wbra,465, - COOK OPEN-END URETERAL CATH 5Fr, - COOK OPEN-END URETERAL CATH 5Fr,G14274,GENERAL ,G14274,,EA,$90.64 ,2,0,0,,3,Total Tx Amt. $0.00
4, - COOK MEDICAL,1293,,,O,$478.28 ,$0.00 ,4/17/2019,wbra,4/17/2019,wbra,458, - COOK URETERAL STENT FIRM UNIVERSA, - COOK URETERAL STENT FIRM UNIVERSA,G23405,GENERAL ,G23405,,EA,$49.50 ,3,0,0,,3,Total Tx Amt. $0.00
4, - COOK MEDICAL,1293,,,O,$478.28 ,$0.00 ,4/17/2019,wbra,4/17/2019,wbra,459, - COOK URETERAL STENT FIRM UNIVERSA, - COOK URETERAL STENT FIRM UNIVERSA,G23406,GENERAL ,G23406,,EA,$49.50 ,3,0,0,,3,Total Tx Amt. $0.00
23, - COLOPLAST,1294,,,O,"$1,771.00 ",$0.00 ,4/17/2019,wbra,4/17/2019,wbra,808," - IMP, TITAN RESERVOIR ECLD 125CC"," - IMP, TITAN RESERVOIR ECLD 125CC",ER8125,GENERAL ,ER8125,,EA,"$1,771.00 ",1,0,0,,3,Total Tx Amt. $0.00
23, - COLOPLAST,1294,,,O,"$1,771.00 ",$0.00 ,4/17/2019,wbra,4/17/2019,wbra,899," - Impl, Assembly Kit"," - Impl, Assembly Kit",91-9480SC,,91-9480SC,,EA,$0.00 ,1,0,0,,3,Total Tx Amt. $0.00
23, - COLOPLAST,1294,,,O,"$1,771.00 ",$0.00 ,4/17/2019,wbra,4/17/2019,wbra,900," - Impl, Touch infra Pubic 0 degree Angle W/Pump"," - Impl, Touch infra Pubic 0 degree Angle W/Pump",ES2816,,ES2816,,EA,$0.00 ,1,0,0,,3,Total Tx Amt. $0.00
27, - BESSE MEDICAL,1295,,4/19/2019,O,$64.73 ,$0.00 ,4/17/2019,wbra,4/17/2019,wbra,168, - MED DECADRON 4MG/ML 1ML, - MED DECADRON 4MG/ML 1ML,63323016501,ANESTHE ,19790,,25/BX,$64.73 ,1,0,0,,1,Total Tx Amt. $0.00
24, - CIVCO,1296,,,O,$170.00 ,$0.00 ,4/17/2019,wbra,4/17/2019,wbra,903," - Drape, System Drape"," - Drape, System Drape",610-870,GENERAL ,610-870,,20/BX,$170.00 ,1,0,0,,1,Total Tx Amt. $0.00
33, - MEDTRONIC,1297,,,O,"$13,381.00 ",$0.00 ,4/18/2019,wbra,4/18/2019,wbra,834, - Interstim Neuro Stimulator, - Interstim Neuro Stimulator,3058,GENERAL ,3058,,EA,"$11,200.00 ",1,0,0,,3,Total Tx Amt. $0.00
33, - MEDTRONIC,1297,,,O,"$13,381.00 ",$0.00 ,4/18/2019,wbra,4/18/2019,wbra,835, - Interstim Hand Set With Communicator, - Interstim Hand Set With Communicator,TH90G01,GENERAL ,TH90G01,,EA,"$1,901.00 ",1,0,0,,3,Total Tx Amt. $0.00
33, - MEDTRONIC,1297,,,O,"$13,381.00 ",$0.00 ,4/18/2019,wbra,4/18/2019,wbra,837, - Interstim Lead Introducer Kit, - Interstim Lead Introducer Kit,355018,GENERAL ,355018,,EA,$280.00 ,1,0,0,,3,Total Tx Amt. $0.00
1, - MCKESSON,1298,,,O,"$2,820.07 ",$0.00 ,4/18/2019,wbra,4/19/2019,wbra,211, - MED PROPOFOL 20ML, - MED PROPOFOL 20ML,989562,IVSUPPLY,989562,,25/BX,$56.86 ,4,0,0,,10,Total Tx Amt. $0.00
1, - MCKESSON,1298,,,O,"$2,820.07 ",$0.00 ,4/18/2019,wbra,4/19/2019,wbra,633," - TUBING, SUCTION NS BUBBLE"," - TUBING, SUCTION NS BUBBLE",8888280412,GLV/MSK ,161266,,1/CS,$13.84 ,3,0,0,,10,Total Tx Amt. $0.00
1, - MCKESSON,1298,,,O,"$2,820.07 ",$0.00 ,4/18/2019,wbra,4/19/2019,wbra,670," - ANES, AIRWAY, LMA IGEL 4"," - ANES, AIRWAY, LMA IGEL 4",8204000,ANESTHE ,978378,,25/BX,$280.68 ,1,0,0,,10,Total Tx Amt. $0.00
1, - MCKESSON,1298,,,O,"$2,820.07 ",$0.00 ,4/18/2019,wbra,4/19/2019,wbra,555, - BLANKET BAIR HUGGER UPPER, - BLANKET BAIR HUGGER UPPER,1045420,GENERAL ,1045420,,10/BX,$69.61 ,1,0,0,,10,Total Tx Amt. $0.00
1, - MCKESSON,1298,,,O,"$2,820.07 ",$0.00 ,4/18/2019,wbra,4/19/2019,wbra,, - Pencile Electrode with holster, - Pencile Electrode with holster,,,,,50/BX,$303.43 ,1,0,0,,10,Total Tx Amt. $0.00
1, - MCKESSON,1298,,,O,"$2,820.07 ",$0.00 ,4/18/2019,wbra,4/19/2019,wbra,162, - MED ANCEF 1G, - MED ANCEF 1G,1107414,GLV/MSK ,1107414,,25/BX,$25.94 ,2,0,0,,10,Total Tx Amt. $0.00
1, - MCKESSON,1298,,,O,"$2,820.07 ",$0.00 ,4/18/2019,wbra,4/19/2019,wbra,221, - MED SUPRANE 240ML, - MED SUPRANE 240ML,988492,IVSUPPLY,988492,,6/BX,"$1,177.29 ",1,0,0,,10,Total Tx Amt. $0.00
1, - MCKESSON,1298,,,O,"$2,820.07 ",$0.00 ,4/18/2019,wbra,4/19/2019,wbra,624," - MED, OMNIPAQUE 300"," - MED, OMNIPAQUE 300",407141361,MEDS    ,533382,,10/BX,$53.43 ,2,0,0,,10,Total Tx Amt. $0.00
1, - MCKESSON,1298,,,O,"$2,820.07 ",$0.00 ,4/18/2019,wbra,4/19/2019,wbra,670," - ANES, AIRWAY, LMA IGEL 4"," - ANES, AIRWAY, LMA IGEL 4",8204000,ANESTHE ,978378,,25/BX,$280.68 ,1,0,0,,10,Total Tx Amt. $0.00
1, - MCKESSON,1298,,,O,"$2,820.07 ",$0.00 ,4/18/2019,wbra,4/19/2019,wbra,670," - ANES, AIRWAY, LMA IGEL 4"," - ANES, AIRWAY, LMA IGEL 4",8204000,ANESTHE ,978378,,25/BX,$280.68 ,1,0,0,,10,Total Tx Amt. $0.00
2, - CARDINAL HEALTH,1300,,,O,$785.38 ,$0.00 ,4/18/2019,wbra,4/19/2019,wbra,31, - DRAPE CYSTO PACK, - DRAPE CYSTO PACK,SPP99CY1AA,DRAPE   ,SPP99CY1AA,,6/CS,$118.62 ,3,0,0,,5,Total Tx Amt. $0.00
2, - CARDINAL HEALTH,1300,,,O,$785.38 ,$0.00 ,4/18/2019,wbra,4/19/2019,wbra,542, - DRP PACK MINOR PROCEDURE, - DRP PACK MINOR PROCEDURE,SPP99MN7AA,DRAPE   ,SPP99MN7AA,,4/CS,$92.00 ,3,0,0,,5,Total Tx Amt. $0.00
2, - CARDINAL HEALTH,1300,,,O,$785.38 ,$0.00 ,4/18/2019,wbra,4/19/2019,wbra,353, - GAUZE SPONGE LAP  18X18 PKG, - GAUZE SPONGE LAP  18X18 PKG,23250-400A,,23250-400A,,EA,$1.51 ,6,0,0,,5,Total Tx Amt. $0.00
2, - CARDINAL HEALTH,1300,,,O,$785.38 ,$0.00 ,4/18/2019,wbra,4/19/2019,wbra,101, - GLOVE PROTEXIS PI 7 LATEX FREE, - GLOVE PROTEXIS PI 7 LATEX FREE,2D72PT70X,GENERAL ,2D72PT70X,,50/BX,$89.45 ,1,0,0,,5,Total Tx Amt. $0.00
2, - CARDINAL HEALTH,1300,,,O,$785.38 ,$0.00 ,4/18/2019,wbra,4/19/2019,wbra,910," - Surgical Gown, Large Reinforced"," - Surgical Gown, Large Reinforced",9511,GENERAL ,9511,,1/BX,$55.01 ,1,0,0,,5,Total Tx Amt. $0.00
23, - COLOPLAST,1301,,,O,$0.00 ,$0.00 ,4/18/2019,wbra,4/18/2019,wbra,904, - Male Sling, - Male Sling,50020,,50020,,EA,$0.00 ,1,0,0,,1,Total Tx Amt. $0.00
14, - BARD,1302,,,O,$76.80 ,$0.00 ,4/18/2019,wbra,4/18/2019,wbra,332, - CATH FOLEY 18FR 2WAY 5ML, - CATH FOLEY 18FR 2WAY 5ML,0165L18,,0165L18,,12/BX,$38.40 ,1,0,0,,2,Total Tx Amt. $0.00
14, - BARD,1302,,,O,$76.80 ,$0.00 ,4/18/2019,wbra,4/18/2019,wbra,749, - Foley Catheter 16 Fr 5cc Lubricious Coated, - Foley Catheter 16 Fr 5cc Lubricious Coated,0165L16,,0165L16,,12/BX,$38.40 ,1,0,0,,2,Total Tx Amt. $0.00
1, - MCKESSON,1303,,,O,"$1,934.19 ",$0.00 ,4/18/2019,wbra,4/19/2019,wbra,207, - MED ZOFRAN 2ML, - MED ZOFRAN 2ML,1113028,IVSUPPLY,1113028,,25/CT,$13.91 ,2,0,0,,10,Total Tx Amt. $0.00
1, - MCKESSON,1303,,,O,"$1,934.19 ",$0.00 ,4/18/2019,wbra,4/19/2019,wbra,868," - Solidifier, Canister Express Maetrex"," - Solidifier, Canister Express Maetrex",50-5058,GENERAL ,444816,,20/BX,$333.28 ,1,0,0,,10,Total Tx Amt. $0.00
1, - MCKESSON,1303,,,O,"$1,934.19 ",$0.00 ,4/18/2019,wbra,4/19/2019,wbra,907," - Meds, Ephedrine, AMP 50Mg/ml 1ml"," - Meds, Ephedrine, AMP 50Mg/ml 1ml",17478041510,ANESTHE ,1092978,,10/BX,$372.52 ,1,0,0,,10,Total Tx Amt. $0.00
1, - MCKESSON,1303,,,O,"$1,934.19 ",$0.00 ,4/18/2019,wbra,4/19/2019,wbra,670," - ANES, AIRWAY, LMA IGEL 4"," - ANES, AIRWAY, LMA IGEL 4",8204000,ANESTHE ,978378,,25/BX,$280.68 ,1,0,0,,10,Total Tx Amt. $0.00
1, - MCKESSON,1303,,,O,"$1,934.19 ",$0.00 ,4/18/2019,wbra,4/19/2019,wbra,908," - Anes, Airway I-Gel 5"," - Anes, Airway I-Gel 5",961011,ANESTHE ,961011,,6/BX,$134.72 ,3,0,0,,10,Total Tx Amt. $0.00
1, - MCKESSON,1303,,,O,"$1,934.19 ",$0.00 ,4/18/2019,wbra,4/19/2019,wbra,909," - Drsg, Tubigrip Size A"," - Drsg, Tubigrip Size A",1435,GENERAL ,720216,,EA,$26.56 ,4,0,0,,10,Total Tx Amt. $0.00
1, - MCKESSON,1303,,,O,"$1,934.19 ",$0.00 ,4/18/2019,wbra,4/19/2019,wbra,420, - SYRINGE LL 10ML, - SYRINGE LL 10ML,1031801,,1031801,,100/BX,$7.50 ,2,0,0,,10,Total Tx Amt. $0.00
1, - MCKESSON,1303,,,O,"$1,934.19 ",$0.00 ,4/18/2019,wbra,4/19/2019,wbra,140, - FLUID NACL 3000ML, - FLUID NACL 3000ML,230132,GENERAL ,230132,,4/CS,$34.32 ,4,0,0,,10,Total Tx Amt. $0.00
1, - MCKESSON,1303,,,O,"$1,934.19 ",$0.00 ,4/18/2019,wbra,4/19/2019,wbra,151, - FLUID WATER 3000ML, - FLUID WATER 3000ML,200388,GLV/MSK ,200388,,4/CS,$57.70 ,4,0,0,,10,Total Tx Amt. $0.00
1, - MCKESSON,1303,,,O,"$1,934.19 ",$0.00 ,4/18/2019,wbra,4/19/2019,wbra,905, - Instrument Tip Protector 1 x 3/8 Disposable, - Instrument Tip Protector 1 x 3/8 Disposable,3/6/2007,STRL PRO,680025,,50/BX,$26.41 ,1,0,0,,10,Total Tx Amt. $0.00
27, - BESSE MEDICAL,1304,,,O,$72.93 ,$0.00 ,4/18/2019,wbra,4/18/2019,wbra,906," - meds, Robinol 0.2mg/ml 1ml sdv (Glycopyrrolate)"," - meds, Robinol 0.2mg/ml 1ml sdv (Glycopyrrolate)",41546,ANESTHE ,41546,,25/BX,$72.93 ,1,0,0,,1,Total Tx Amt. $0.00
3, - BOSTON SCIENTIFIC,1306,,,O,"$1,123.98 ",$0.00 ,4/19/2019,wbra,4/19/2019,wbra,446, - BOSTON SCI WIRE GUIDE SENSOR .035 STR, - BOSTON SCI WIRE GUIDE SENSOR .035 STR,M0066703081,GENERAL ,M0066703081,,5/BX,$374.66 ,3,0,0,,1,Total Tx Amt. $0.00
4, - COOK MEDICAL,1307,,,O,$28.05 ,$0.00 ,4/19/2019,wbra,4/19/2019,wbra,560, - COOK OPEN END URETERAL CATH TAPER, - COOK OPEN END URETERAL CATH TAPER,G15943,GENERAL ,G15943,,EA,$9.35 ,3,0,0,,1,Total Tx Amt. $0.00
1, - MCKESSON,1308,,,O,"$2,300.47 ",$0.00 ,4/22/2019,wbra,4/22/2019,wbra,912," - Bag, Urine Drain 2000 ML"," - Bag, Urine Drain 2000 ML",146120,GENERAL ,146120,,20/BX,$56.14 ,1,0,0,,8,Total Tx Amt. $0.00
1, - MCKESSON,1308,,,O,"$2,300.47 ",$0.00 ,4/22/2019,wbra,4/22/2019,wbra,162, - MED ANCEF 1G, - MED ANCEF 1G,1107414,GLV/MSK ,1107414,,25/BX,$25.94 ,2,0,0,,8,Total Tx Amt. $0.00
1, - MCKESSON,1308,,,O,"$2,300.47 ",$0.00 ,4/22/2019,wbra,4/22/2019,wbra,621," - MED, BELLADONNA OPIUM SUPP"," - MED, BELLADONNA OPIUM SUPP",533096,MEDS    ,533096,,10/BX,$287.31 ,1,0,0,,8,Total Tx Amt. $0.00
1, - MCKESSON,1308,,,O,"$2,300.47 ",$0.00 ,4/22/2019,wbra,4/22/2019,wbra,913," - Meds, Ketamine, MDV 50MG/ML  10ML"," - Meds, Ketamine, MDV 50MG/ML  10ML",1103256,PACU    ,1103256,,10/BX,$49.75 ,1,0,0,,8,Total Tx Amt. $0.00
1, - MCKESSON,1308,,,O,"$2,300.47 ",$0.00 ,4/22/2019,wbra,4/22/2019,wbra,793," - MEDS, HYDROCODONE 5-325MG"," - MEDS, HYDROCODONE 5-325MG",934650,MEDS    ,934650,,100/BX,$51.27 ,1,0,0,,8,Total Tx Amt. $0.00
1, - MCKESSON,1308,,,O,"$2,300.47 ",$0.00 ,4/22/2019,wbra,4/22/2019,wbra,699," - MED, SEVOFLURANE INHAL"," - MED, SEVOFLURANE INHAL",6679401525,MEDS    ,779244,,EA,$128.40 ,6,0,0,,8,Total Tx Amt. $0.00
1, - MCKESSON,1308,,,O,"$2,300.47 ",$0.00 ,4/22/2019,wbra,4/22/2019,wbra,907," - Meds, Ephedrine, AMP 50Mg/ml 1ml"," - Meds, Ephedrine, AMP 50Mg/ml 1ml",17478041510,ANESTHE ,1092978,,10/BX,$372.52 ,1,0,0,,8,Total Tx Amt. $0.00
1, - MCKESSON,1308,,,O,"$2,300.47 ",$0.00 ,4/22/2019,wbra,4/22/2019,wbra,523, - STERIS CELERITY 20HP BI, - STERIS CELERITY 20HP BI,LCB044,STRL PRO,1086592,,25/BX,$330.60 ,2,0,0,,8,Total Tx Amt. $0.00
2, - CARDINAL HEALTH,1309,,,O,$669.03 ,$0.00 ,4/22/2019,wbra,4/23/2019,wbra,880," - MARKER, Sterile Skin Marker, Black"," - MARKER, Sterile Skin Marker, Black",250PRL,GENERAL ,250PRL,,50/BX,$135.00 ,1,0,0,,6,Total Tx Amt. $0.00
2, - CARDINAL HEALTH,1309,,,O,$669.03 ,$0.00 ,4/22/2019,wbra,4/23/2019,wbra,64, - TAPE PLASTIC/TRANSPORE 1IN, - TAPE PLASTIC/TRANSPORE 1IN,M1527-1,DRESSING,M1527-1,,12/BX,$10.55 ,2,0,0,,6,Total Tx Amt. $0.00
2, - CARDINAL HEALTH,1309,,,O,$669.03 ,$0.00 ,4/22/2019,wbra,4/23/2019,wbra,745, - 3M Sterilization Indicator Strip comply Steam Chem, - 3M Sterilization Indicator Strip comply Steam Chem,1243ac,STRL PRO,1243AC,,1/BX,$48.91 ,1,0,0,,6,Total Tx Amt. $0.00
2, - CARDINAL HEALTH,1309,,,O,$669.03 ,$0.00 ,4/22/2019,wbra,4/23/2019,wbra,317, - TEST TAPE STEAM, - TEST TAPE STEAM,T40311A,,T40311A,,EA,$13.08 ,6,0,0,,6,Total Tx Amt. $0.00
2, - CARDINAL HEALTH,1309,,,O,$669.03 ,$0.00 ,4/22/2019,wbra,4/23/2019,wbra,324, - WRAP DOUBLE LAYER 48X48, - WRAP DOUBLE LAYER 48X48,CH3G0048,,CH3G0048,,96/CS,$142.77 ,2,0,0,,6,Total Tx Amt. $0.00
2, - CARDINAL HEALTH,1309,,,O,$669.03 ,$0.00 ,4/22/2019,wbra,4/23/2019,wbra,134, - IV START KIT, - IV START KIT,01-9000A,GENERAL ,01-9000A,,100/CS,$100.00 ,1,0,0,,6,Total Tx Amt. $0.00
1, - MCKESSON,1310,,,O,$860.92 ,$0.00 ,4/22/2019,wbra,4/23/2019,wbra,633," - TUBING, SUCTION NS BUBBLE"," - TUBING, SUCTION NS BUBBLE",8888280412,GLV/MSK ,161266,,1/CS,$13.84 ,3,0,0,Marsha  item 5 conf # 31923676,9,Total Tx Amt. $0.00
1, - MCKESSON,1310,,,O,$860.92 ,$0.00 ,4/22/2019,wbra,4/23/2019,wbra,127, - IV CATH INTROCAN 20X1, - IV CATH INTROCAN 20X1,629114,PACU    ,629114,,50/BX,$87.88 ,2,0,0,,9,Total Tx Amt. $0.00
1, - MCKESSON,1310,,,O,$860.92 ,$0.00 ,4/22/2019,wbra,4/23/2019,wbra,692," - DRAIN, HUBLESS FLAT FULL PERF 10MM"," - DRAIN, HUBLESS FLAT FULL PERF 10MM",360007,DRESSING,491310,,10/CS,$98.99 ,1,0,0,,9,Total Tx Amt. $0.00
1, - MCKESSON,1310,,,O,$860.92 ,$0.00 ,4/22/2019,wbra,4/23/2019,wbra,141, - FLUID NACL 500ML, - FLUID NACL 500ML,467132,GENERAL ,467132,,18/CS,$39.48 ,2,0,0,,9,Total Tx Amt. $0.00
1, - MCKESSON,1310,,,O,$860.92 ,$0.00 ,4/22/2019,wbra,4/23/2019,wbra,17, - ANES LMA SIZE 4, - ANES LMA SIZE 4,038-94-340U,ANESTHE ,698558,,25/BX,$280.68 ,1,0,0,,9,Total Tx Amt. $0.00
1, - MCKESSON,1310,,,O,$860.92 ,$0.00 ,4/22/2019,wbra,4/23/2019,wbra,289, - BASIN URINAL 1QT, - BASIN URINAL 1QT,1020361,,1020361,,48/CS,$26.68 ,1,0,0,,9,Total Tx Amt. $0.00
1, - MCKESSON,1310,,,O,$860.92 ,$0.00 ,4/22/2019,wbra,4/23/2019,wbra,229, - NDL HYPO 18X1.5, - NDL HYPO 18X1.5,1031789,IVS     ,1031789,,100/BX,$2.80 ,4,0,0,,9,Total Tx Amt. $0.00
1, - MCKESSON,1310,,,O,$860.92 ,$0.00 ,4/22/2019,wbra,4/23/2019,wbra,762, - Patient Belonging Bag, - Patient Belonging Bag,30421100,PACU    ,447753,,250/CS,$32.79 ,1,0,0,,9,Total Tx Amt. $0.00
1, - MCKESSON,1310,,,O,$860.92 ,$0.00 ,4/22/2019,wbra,4/23/2019,wbra,849," - Lidocaine 1 % HCI Injection, USP 500mg/50ml Multi"," - Lidocaine 1 % HCI Injection, USP 500mg/50ml Multi",239936,,239936,,25/CT,$57.17 ,2,0,0,,9,Total Tx Amt. $0.00
2, - CARDINAL HEALTH,1311,,,O,"$1,875.87 ",$0.00 ,4/23/2019,wbra,4/24/2019,wbra,542, - DRP PACK MINOR PROCEDURE, - DRP PACK MINOR PROCEDURE,SPP99MN7AA,DRAPE   ,SPP99MN7AA,,4/CS,$92.00 ,2,0,0,,12,Total Tx Amt. $0.00
2, - CARDINAL HEALTH,1311,,,O,"$1,875.87 ",$0.00 ,4/23/2019,wbra,4/24/2019,wbra,796," - King UltraFlex 72"" breathing circuit"," - King UltraFlex 72"" breathing circuit",,ANESTHE ,8753F6121Z,,30/BX,$201.45 ,2,0,0,,12,Total Tx Amt. $0.00
2, - CARDINAL HEALTH,1311,,,O,"$1,875.87 ",$0.00 ,4/23/2019,wbra,4/24/2019,wbra,96, - SHOE COVER DURAFIT NON-SKID X-LARGE, - SHOE COVER DURAFIT NON-SKID X-LARGE,4854,GENERAL ,4854,,4/CS,$44.52 ,1,0,0,,12,Total Tx Amt. $0.00
2, - CARDINAL HEALTH,1311,,,O,"$1,875.87 ",$0.00 ,4/23/2019,wbra,4/24/2019,wbra,422, - DISINFECT CAVIWIPE 1MIN, - DISINFECT CAVIWIPE 1MIN,MX13-1150,HSKPNG  ,MX13-1150,,12/BX,$65.57 ,1,0,0,,12,Total Tx Amt. $0.00
2, - CARDINAL HEALTH,1311,,,O,"$1,875.87 ",$0.00 ,4/23/2019,wbra,4/24/2019,wbra,31, - DRAPE CYSTO PACK, - DRAPE CYSTO PACK,SPP99CY1AA,DRAPE   ,SPP99CY1AA,,6/CS,$118.62 ,2,0,0,,12,Total Tx Amt. $0.00
2, - CARDINAL HEALTH,1311,,,O,"$1,875.87 ",$0.00 ,4/23/2019,wbra,4/24/2019,wbra,134, - IV START KIT, - IV START KIT,01-9000A,GENERAL ,01-9000A,,100/CS,$100.00 ,1,0,0,,12,Total Tx Amt. $0.00
2, - CARDINAL HEALTH,1311,,,O,"$1,875.87 ",$0.00 ,4/23/2019,wbra,4/24/2019,wbra,789, - IGel #3 laryngealmask airway, - IGel #3 laryngealmask airway,8203000,ANESTHE ,I8203030,,25/CT,$520.33 ,1,0,0,,12,Total Tx Amt. $0.00
2, - CARDINAL HEALTH,1311,,,O,"$1,875.87 ",$0.00 ,4/23/2019,wbra,4/24/2019,wbra,101, - GLOVE PROTEXIS PI 7 LATEX FREE, - GLOVE PROTEXIS PI 7 LATEX FREE,2D72PT70X,GENERAL ,2D72PT70X,,50/BX,$89.45 ,1,0,0,,12,Total Tx Amt. $0.00
2, - CARDINAL HEALTH,1311,,,O,"$1,875.87 ",$0.00 ,4/23/2019,wbra,4/24/2019,wbra,104, - GLOVE PROTEXIS PI 8.5 LATEX FREE, - GLOVE PROTEXIS PI 8.5 LATEX FREE,2D72PT85X,GENERAL ,2D72PT85X,,50/BX,$89.45 ,1,0,0,,12,Total Tx Amt. $0.00
2, - CARDINAL HEALTH,1311,,,O,"$1,875.87 ",$0.00 ,4/23/2019,wbra,4/24/2019,wbra,102, - GLOVE PROTEXIS PI 7.5 LATEX FREE, - GLOVE PROTEXIS PI 7.5 LATEX FREE,2D72PT75X,GENERAL ,2D72PT75X,,50/BX,$89.45 ,1,0,0,,12,Total Tx Amt. $0.00
2, - CARDINAL HEALTH,1311,,,O,"$1,875.87 ",$0.00 ,4/23/2019,wbra,4/24/2019,wbra,914," - Pad, Maxi Pad unscented"," - Pad, Maxi Pad unscented",2022a,PACU    ,2022a,,12/BX,$15.96 ,1,0,0,,12,Total Tx Amt. $0.00
2, - CARDINAL HEALTH,1311,,,O,"$1,875.87 ",$0.00 ,4/23/2019,wbra,4/24/2019,wbra,372, - DRAPE TOWEL SURGICAL 4PK BLUE, - DRAPE TOWEL SURGICAL 4PK BLUE,28700-004,DRAPE   ,28700-004,,20/CS,$37.00 ,1,0,0,,12,Total Tx Amt. $0.00
19, - STRAND DX,1312,,,O,$0.05 ,$0.00 ,4/23/2019,wbra,4/23/2019,wbra,563," - BIOPSY KIT, KNOW ERROR"," - BIOPSY KIT, KNOW ERROR",KIT,GENERAL ,KIT,,12/BX,$0.01 ,5,0,0,,1,Total Tx Amt. $0.00
31, - NEOTRACT/ UROLIFT,1313,,,O,"$7,600.00 ",$0.00 ,4/23/2019,wbra,4/25/2019,wbra,665, - UROLIFT SYSTEM IMPLANT, - UROLIFT SYSTEM IMPLANT,UL400-4,GENERAL ,UL400-4,,EA,$950.00 ,8,0,0,,1,Total Tx Amt. $0.00
24, - CIVCO,1314,,,O,$287.00 ,$0.00 ,4/23/2019,wbra,4/23/2019,wbra,611," - BRACHY, TEMPLATE GRID"," - BRACHY, TEMPLATE GRID",610-905,GENERAL ,610-905,,5/BX,$287.00 ,1,0,0,,1,Total Tx Amt. $0.00
4, - COOK MEDICAL,1315,,,O,$950.78 ,$0.00 ,4/23/2019,wbra,4/23/2019,wbra,458, - COOK URETERAL STENT FIRM UNIVERSA, - COOK URETERAL STENT FIRM UNIVERSA,G23405,GENERAL ,G23405,,EA,$49.50 ,3,0,0,Colin,4,Total Tx Amt. $0.00
4, - COOK MEDICAL,1315,,,O,$950.78 ,$0.00 ,4/23/2019,wbra,4/23/2019,wbra,459, - COOK URETERAL STENT FIRM UNIVERSA, - COOK URETERAL STENT FIRM UNIVERSA,G23406,GENERAL ,G23406,,EA,$49.50 ,2,0,0,,4,Total Tx Amt. $0.00
4, - COOK MEDICAL,1315,,,O,$950.78 ,$0.00 ,4/23/2019,wbra,4/23/2019,wbra,439, - COOK TIPLESS STONE EXTRACTOR 2.2 x 115, - COOK TIPLESS STONE EXTRACTOR 2.2 x 115,G18778,GENERAL ,G18778,,EA,$174.00 ,3,0,0,,4,Total Tx Amt. $0.00
4, - COOK MEDICAL,1315,,,O,$950.78 ,$0.00 ,4/23/2019,wbra,4/23/2019,wbra,465, - COOK OPEN-END URETERAL CATH 5Fr, - COOK OPEN-END URETERAL CATH 5Fr,G14274,GENERAL ,G14274,,10/BX,$90.64 ,2,0,0,,4,Total Tx Amt. $0.00
26, - CUSTOM MEDICAL SPECILTIES,1316,,,O,$129.00 ,$0.00 ,4/23/2019,wbra,4/23/2019,wbra,637," - BAG, DRAIN SURGICAL TABLE"," - BAG, DRAIN SURGICAL TABLE",CMS-999,GENERAL ,CMS-999,,20/CS,$129.00 ,1,0,0,,1,Total Tx Amt. $0.00
21, - BK Medical,1317,,,O,"$1,180.00 ",$0.00 ,4/23/2019,wbra,4/23/2019,wbra,723," - SUPP, ULTRASOUND GUIDE, BK"," - SUPP, ULTRASOUND GUIDE, BK",UA1322-S,GENERAL ,UA1322-S,,18/CS,$295.00 ,4,0,0,,1,Total Tx Amt. $0.00
1, - MCKESSON,1318,,,O,"$1,059.92 ",$0.00 ,4/23/2019,wbra,4/25/2019,wbra,421, - SYRINGE LL 20ML, - SYRINGE LL 20ML,1031802,,1031802,,100/BX,$19.80 ,1,0,0,,12,Total Tx Amt. $0.00
1, - MCKESSON,1318,,,O,"$1,059.92 ",$0.00 ,4/23/2019,wbra,4/25/2019,wbra,168, - MED DECADRON 4MG/ML 1ML, - MED DECADRON 4MG/ML 1ML,63323016501,ANESTHE ,550541,,25/BX,$73.85 ,2,0,0,,12,Total Tx Amt. $0.00
1, - MCKESSON,1318,,,O,"$1,059.92 ",$0.00 ,4/23/2019,wbra,4/25/2019,wbra,21, - ANES AMBU BAG ADULT MED, - ANES AMBU BAG ADULT MED,520211000,ANESTHE ,533718,,EA,$8.47 ,12,0,0,,12,Total Tx Amt. $0.00
1, - MCKESSON,1318,,,O,"$1,059.92 ",$0.00 ,4/23/2019,wbra,4/25/2019,wbra,191, - MED LIDOCAINE 2% UROJECT, - MED LIDOCAINE 2% UROJECT,807261,HSKPNG  ,807261,,25/BX,$182.93 ,1,0,0,,12,Total Tx Amt. $0.00
1, - MCKESSON,1318,,,O,"$1,059.92 ",$0.00 ,4/23/2019,wbra,4/25/2019,wbra,133, - IV TUBING ADMIN SET 3 PORT, - IV TUBING ADMIN SET 3 PORT,630154,GENERAL ,630154,,50/CS,$120.78 ,3,0,0,,12,Total Tx Amt. $0.00
1, - MCKESSON,1318,,,O,"$1,059.92 ",$0.00 ,4/23/2019,wbra,4/25/2019,wbra,229, - NDL HYPO 18X1.5, - NDL HYPO 18X1.5,1031789,IVS     ,1031789,,100/BX,$2.80 ,2,0,0,,12,Total Tx Amt. $0.00
1, - MCKESSON,1318,,,O,"$1,059.92 ",$0.00 ,4/23/2019,wbra,4/25/2019,wbra,764," - Mask, Face Surg Light Blue pleated with ties"," - Mask, Face Surg Light Blue pleated with ties",48100,GENERAL ,206484,,1/CS,$23.81 ,1,0,0,,12,Total Tx Amt. $0.00
1, - MCKESSON,1318,,,O,"$1,059.92 ",$0.00 ,4/23/2019,wbra,4/25/2019,wbra,142, - FLUID NACL 1000ML, - FLUID NACL 1000ML,515490,GENERAL ,515490,,14/CS,$29.99 ,2,0,0,,12,Total Tx Amt. $0.00
1, - MCKESSON,1318,,,O,"$1,059.92 ",$0.00 ,4/23/2019,wbra,4/25/2019,wbra,140, - FLUID NACL 3000ML, - FLUID NACL 3000ML,230132,GENERAL ,230132,,4/CS,$34.32 ,2,0,0,,12,Total Tx Amt. $0.00
1, - MCKESSON,1318,,,O,"$1,059.92 ",$0.00 ,4/23/2019,wbra,4/25/2019,wbra,120, - TISSUE TOLIET WHT, - TISSUE TOLIET WHT,165-tp500p,GENERAL ,1045390,,96/CS,$41.56 ,1,0,0,,12,Total Tx Amt. $0.00
1, - MCKESSON,1318,,,O,"$1,059.92 ",$0.00 ,4/23/2019,wbra,4/25/2019,wbra,123, - TOWEL PAPER C-FOLD, - TOWEL PAPER C-FOLD,1040599,GENERAL ,1040599,,1/CS,$18.08 ,1,0,0,,12,Total Tx Amt. $0.00
1, - MCKESSON,1318,,,O,"$1,059.92 ",$0.00 ,4/23/2019,wbra,4/25/2019,wbra,770," - liner, trash can 60 gal roll"," - liner, trash can 60 gal roll",980394,HSKPNG  ,980394,,20/CS,$27.84 ,1,0,0,,12,Total Tx Amt. $0.00
27, - BESSE MEDICAL,1319,,,O,$88.44 ,$0.00 ,4/24/2019,wbra,4/24/2019,wbra,740," - MEDS, VANCOMYCIN 500MG SDV"," - MEDS, VANCOMYCIN 500MG SDV",45265,MEDS    ,45265,,10/CT,$88.44 ,1,0,0,,1,Total Tx Amt. $0.00
36, - One Source Docs,1320,,,O,"$1,400.00 ",$0.00 ,4/24/2019,wbra,5/7/2019,wbra,, - contract for surgical equipment data base., - contract for surgical equipment data base.,,,,,EA,"$1,400.00 ",1,0,0,,1,Total Tx Amt. $0.00
23, - COLOPLAST,1321,,,O,"$2,257.00 ",$0.00 ,4/24/2019,wbra,4/24/2019,wbra,899," - Impl, Assembly Kit"," - Impl, Assembly Kit",91-9480SC,,91-9480SC,,EA,$486.00 ,1,0,0,,3,Total Tx Amt. $0.00
23, - COLOPLAST,1321,,,O,"$2,257.00 ",$0.00 ,4/24/2019,wbra,4/24/2019,wbra,916," - Impl, Touch Scrotal Zero Degree Angle C;ylinder wi"," - Impl, Touch Scrotal Zero Degree Angle C;ylinder wi",ES2922,,ES2922,,EA,$0.00 ,1,0,0,,3,Total Tx Amt. $0.00
23, - COLOPLAST,1321,,,O,"$2,257.00 ",$0.00 ,4/24/2019,wbra,4/24/2019,wbra,808," - IMP, TITAN RESERVOIR ECLD 125CC"," - IMP, TITAN RESERVOIR ECLD 125CC",ER8125,GENERAL ,ER8125,,EA,"$1,771.00 ",1,0,0,,3,Total Tx Amt. $0.00
23, - COLOPLAST,1322,,,O,"$8,550.00 ",$0.00 ,4/24/2019,wbra,4/24/2019,wbra,899," - Impl, Assembly Kit"," - Impl, Assembly Kit",91-9480SC,,91-9480SC,,EA,$486.00 ,1,0,0,,2,Total Tx Amt. $0.00
23, - COLOPLAST,1322,,,O,"$8,550.00 ",$0.00 ,4/24/2019,wbra,4/24/2019,wbra,916," - Impl, Touch Scrotal Zero Degree Angle C;ylinder wi"," - Impl, Touch Scrotal Zero Degree Angle C;ylinder wi",ES2922,,ES2922,,EA,"$8,064.00 ",1,0,0,,2,Total Tx Amt. $0.00
23, - COLOPLAST,1323,,,O,"$10,321.00 ",$0.00 ,4/24/2019,wbra,4/24/2019,wbra,741, - Touch Infrapubic Zero Degree Angle Cylinder, - Touch Infrapubic Zero Degree Angle Cylinder,ES2818,,ES2818,,EA,"$8,064.00 ",1,0,0,,3,Total Tx Amt. $0.00
23, - COLOPLAST,1323,,,O,"$10,321.00 ",$0.00 ,4/24/2019,wbra,4/24/2019,wbra,899," - Impl, Assembly Kit"," - Impl, Assembly Kit",91-9480SC,,91-9480SC,,EA,$486.00 ,1,0,0,,3,Total Tx Amt. $0.00
23, - COLOPLAST,1323,,,O,"$10,321.00 ",$0.00 ,4/24/2019,wbra,4/24/2019,wbra,687," - IMP, TITAN RESEVOIR 75CC"," - IMP, TITAN RESEVOIR 75CC",ER8075,GENERAL ,ER8075,,EA,"$1,771.00 ",1,0,0,,3,Total Tx Amt. $0.00
23, - COLOPLAST,1324,,,O,"$10,321.00 ",$0.00 ,4/25/2019,wbra,4/25/2019,wbra,899," - Impl, Assembly Kit"," - Impl, Assembly Kit",91-9480SC,,91-9480SC,,EA,$486.00 ,1,0,0,,3,Total Tx Amt. $0.00
23, - COLOPLAST,1324,,,O,"$10,321.00 ",$0.00 ,4/25/2019,wbra,4/25/2019,wbra,687," - IMP, TITAN RESEVOIR 75CC"," - IMP, TITAN RESEVOIR 75CC",ER8075,GENERAL ,ER8075,,EA,"$1,771.00 ",1,0,0,,3,Total Tx Amt. $0.00
23, - COLOPLAST,1324,,,O,"$10,321.00 ",$0.00 ,4/25/2019,wbra,4/25/2019,wbra,917," - IMPL, Touch Infrapubic0de. Angle cylinder /wPump"," - IMPL, Touch Infrapubic0de. Angle cylinder /wPump",ES2820,,ES2820,,EA,"$8,064.00 ",1,0,0,,3,Total Tx Amt. $0.00
8, - STERIS,1325,,,O,$412.64 ,$0.00 ,4/25/2019,wbra,4/25/2019,wbra,524, - STERIS VAPROX STERILANT, - STERIS VAPROX STERILANT,PB028,STRL PRO,PB028,,4/BX,$206.32 ,2,0,0,,1,Total Tx Amt. $0.00
24, - CIVCO,1326,,,O,$399.00 ,$0.00 ,4/25/2019,wbra,4/25/2019,wbra,610," - BRACHY, ENDOCAVITY BALLOON"," - BRACHY, ENDOCAVITY BALLOON",610-898,GENERAL ,610-898,,10/BX,$399.00 ,1,0,0,,1,Total Tx Amt. $0.00
1, - MCKESSON,1327,,,O,$705.50 ,$0.00 ,4/26/2019,wbra,4/29/2019,wbra,710," - SUPP, NASAL CAN GAS SAMPLE 7'"," - SUPP, NASAL CAN GAS SAMPLE 7'",999489,ANESTHE ,999489,,25/CS,$42.19 ,4,0,0,,10,Total Tx Amt. $0.00
1, - MCKESSON,1327,,,O,$705.50 ,$0.00 ,4/26/2019,wbra,4/29/2019,wbra,420, - SYRINGE LL 10ML, - SYRINGE LL 10ML,1031801,,1031801,,100/BX,$7.50 ,2,0,0,,10,Total Tx Amt. $0.00
1, - MCKESSON,1327,,,O,$705.50 ,$0.00 ,4/26/2019,wbra,4/29/2019,wbra,830, - syringe/needle 3cc Blnt LL 18ga x 1 1/2, - syringe/needle 3cc Blnt LL 18ga x 1 1/2,305060,GENERAL ,459506,,100/BX,$10.79 ,3,0,0,,10,Total Tx Amt. $0.00
1, - MCKESSON,1327,,,O,$705.50 ,$0.00 ,4/26/2019,wbra,4/29/2019,wbra,870," - GENTAMICIN SULFATE, MDV 40MG/ML 2ML"," - GENTAMICIN SULFATE, MDV 40MG/ML 2ML",401954,MEDS    ,401954,,25/BX,$99.50 ,2,0,0,,10,Total Tx Amt. $0.00
1, - MCKESSON,1327,,,O,$705.50 ,$0.00 ,4/26/2019,wbra,4/29/2019,wbra,284, - SUPPORTER ADULT LRG, - SUPPORTER ADULT LRG,452706,DRESSING,452706,,EA,$6.04 ,4,0,0,,10,Total Tx Amt. $0.00
1, - MCKESSON,1327,,,O,$705.50 ,$0.00 ,4/26/2019,wbra,4/29/2019,wbra,783," - Sponge, Gauze 4x4 12 Ply"," - Sponge, Gauze 4x4 12 Ply",44122000,GENERAL ,440343,,10/CT,$40.38 ,1,0,0,,10,Total Tx Amt. $0.00
1, - MCKESSON,1327,,,O,$705.50 ,$0.00 ,4/26/2019,wbra,4/29/2019,wbra,38, - DRAPE IOBAN 23X17, - DRAPE IOBAN 23X17,M6650EZ,DRAPE   ,401845,,10/BX,$61.04 ,1,0,0,,10,Total Tx Amt. $0.00
1, - MCKESSON,1327,,,O,$705.50 ,$0.00 ,4/26/2019,wbra,4/29/2019,wbra,726," - SUPP, Y TUBING"," - SUPP, Y TUBING",2C4005,GENERAL ,200390,,12/BX,$121.28 ,1,0,0,,10,Total Tx Amt. $0.00
1, - MCKESSON,1327,,,O,$705.50 ,$0.00 ,4/26/2019,wbra,4/29/2019,wbra,783," - Sponge, Gauze 4x4 12 Ply"," - Sponge, Gauze 4x4 12 Ply",44122000,GENERAL ,440343,,10/CT,$40.38 ,1,0,0,,10,Total Tx Amt. $0.00
1, - MCKESSON,1327,,,O,$705.50 ,$0.00 ,4/26/2019,wbra,4/29/2019,wbra,291, - PREP APPLICATOR COTTON TIP, - PREP APPLICATOR COTTON TIP,C15053-006,,508713,,100/BX,$3.13 ,1,0,0,,10,Total Tx Amt. $0.00
2, - CARDINAL HEALTH,1328,,,O,$797.55 ,$0.00 ,4/26/2019,wbra,4/29/2019,wbra,106, - GOWN XLARGE, - GOWN XLARGE,9545,GENERAL ,9545,,20/CS,$45.85 ,1,0,0,,7,Total Tx Amt. $0.00
2, - CARDINAL HEALTH,1328,,,O,$797.55 ,$0.00 ,4/26/2019,wbra,4/29/2019,wbra,99, - GLOVE PROTEXIS PI 6 LATEX FREE, - GLOVE PROTEXIS PI 6 LATEX FREE,2D72PT60X,GENERAL ,2D72PT60X,,50/BX,$89.45 ,1,0,0,,7,Total Tx Amt. $0.00
2, - CARDINAL HEALTH,1328,,,O,$797.55 ,$0.00 ,4/26/2019,wbra,4/29/2019,wbra,104, - GLOVE PROTEXIS PI 8.5 LATEX FREE, - GLOVE PROTEXIS PI 8.5 LATEX FREE,2D72PT85X,GENERAL ,2D72PT85X,,50/BX,$89.45 ,1,0,0,,7,Total Tx Amt. $0.00
2, - CARDINAL HEALTH,1328,,,O,$797.55 ,$0.00 ,4/26/2019,wbra,4/29/2019,wbra,71, - GLOVE EXAM SMALL NITRILE, - GLOVE EXAM SMALL NITRILE,88TN02S,GENERAL ,88TN02S,,10/CS,$87.80 ,1,0,0,,7,Total Tx Amt. $0.00
2, - CARDINAL HEALTH,1328,,,O,$797.55 ,$0.00 ,4/26/2019,wbra,4/29/2019,wbra,281, - SOCK SLIPPER ADULT XL, - SOCK SLIPPER ADULT XL,68125-GRY,,68125-GRY,,48/BX,$31.88 ,2,0,0,,7,Total Tx Amt. $0.00
2, - CARDINAL HEALTH,1328,,,O,$797.55 ,$0.00 ,4/26/2019,wbra,4/29/2019,wbra,542, - DRP PACK MINOR PROCEDURE, - DRP PACK MINOR PROCEDURE,SPP99MN7AA,DRAPE   ,SPP99MN7AA,,4/CS,$92.00 ,2,0,0,,7,Total Tx Amt. $0.00
2, - CARDINAL HEALTH,1328,,,O,$797.55 ,$0.00 ,4/26/2019,wbra,4/29/2019,wbra,31, - DRAPE CYSTO PACK, - DRAPE CYSTO PACK,SPP99CY1AA,DRAPE   ,SPP99CY1AA,,6/CS,$118.62 ,2,0,0,,7,Total Tx Amt. $0.00
1, - MCKESSON,1329,,,O,"$1,568.64 ",$0.00 ,4/29/2019,wbra,4/29/2019,wbra,553, - MED METHYLPRED SDV 40MG/ML 1ML, - MED METHYLPRED SDV 40MG/ML 1ML,515116,MEDS    ,515116,,EA,$7.56 ,10,0,0,,14,Total Tx Amt. $0.00
1, - MCKESSON,1329,,,O,"$1,568.64 ",$0.00 ,4/29/2019,wbra,4/29/2019,wbra,538, - SPD ATTEST SUPER RAPID READOUT STEAM PACK, - SPD ATTEST SUPER RAPID READOUT STEAM PACK,M1496V,STRL PRO,1496V,,24/CS,$169.75 ,2,0,0,,14,Total Tx Amt. $0.00
1, - MCKESSON,1329,,,O,"$1,568.64 ",$0.00 ,4/29/2019,wbra,4/29/2019,wbra,305, - TEST PACK BOWIE DICK, - TEST PACK BOWIE DICK,00135ls,STRL PRO,724429,,30/BX,$64.44 ,2,0,0,,14,Total Tx Amt. $0.00
1, - MCKESSON,1329,,,O,"$1,568.64 ",$0.00 ,4/29/2019,wbra,4/29/2019,wbra,108, - HAND SCRUB SURGICAL BRUSH CHG 4%, - HAND SCRUB SURGICAL BRUSH CHG 4%,371073,GENERAL ,436489,,30/BX,$38.40 ,1,0,0,,14,Total Tx Amt. $0.00
1, - MCKESSON,1329,,,O,"$1,568.64 ",$0.00 ,4/29/2019,wbra,4/29/2019,wbra,140, - FLUID NACL 3000ML, - FLUID NACL 3000ML,230132,GENERAL ,230132,,4/CS,$34.32 ,3,0,0,,14,Total Tx Amt. $0.00
1, - MCKESSON,1329,,,O,"$1,568.64 ",$0.00 ,4/29/2019,wbra,4/29/2019,wbra,421, - SYRINGE LL 20ML, - SYRINGE LL 20ML,1031802,,1031802,,100/BX,$19.80 ,4,0,0,,14,Total Tx Amt. $0.00
1, - MCKESSON,1329,,,O,"$1,568.64 ",$0.00 ,4/29/2019,wbra,4/29/2019,wbra,168, - MED DECADRON 4MG/ML 1ML, - MED DECADRON 4MG/ML 1ML,63323016501,ANESTHE ,550541,,25/BX,$73.85 ,2,0,0,ANES,14,Total Tx Amt. $0.00
1, - MCKESSON,1329,,,O,"$1,568.64 ",$0.00 ,4/29/2019,wbra,4/29/2019,wbra,849," - Lidocaine 1 % HCI Injection, USP 500mg/50ml Multi"," - Lidocaine 1 % HCI Injection, USP 500mg/50ml Multi",239936,,239936,,25/CT,$57.17 ,4,0,0,,14,Total Tx Amt. $0.00
1, - MCKESSON,1329,,,O,"$1,568.64 ",$0.00 ,4/29/2019,wbra,4/29/2019,wbra,351, - CAUTERY PAD GROUND ADULT 10FT CONMED, - CAUTERY PAD GROUND ADULT 10FT CONMED,22-ESREC,,410809,,25/BX,$97.72 ,1,0,0,,14,Total Tx Amt. $0.00
1, - MCKESSON,1329,,,O,"$1,568.64 ",$0.00 ,4/29/2019,wbra,4/29/2019,wbra,142, - FLUID NACL 1000ML, - FLUID NACL 1000ML,515490,GENERAL ,515490,,14/CS,$29.99 ,2,0,0,,14,Total Tx Amt. $0.00
1, - MCKESSON,1329,,,O,"$1,568.64 ",$0.00 ,4/29/2019,wbra,4/29/2019,wbra,148, - FLUID WATER 500ML BOTTLE, - FLUID WATER 500ML BOTTLE,161730,GENERAL ,14045,,12/CS,$26.72 ,1,0,0,,14,Total Tx Amt. $0.00
1, - MCKESSON,1329,,,O,"$1,568.64 ",$0.00 ,4/29/2019,wbra,4/29/2019,wbra,151, - FLUID WATER 3000ML, - FLUID WATER 3000ML,200388,GLV/MSK ,200388,,4/CS,$57.70 ,2,0,0,,14,Total Tx Amt. $0.00
1, - MCKESSON,1329,,,O,"$1,568.64 ",$0.00 ,4/29/2019,wbra,4/29/2019,wbra,152, - FLUID WATER 1000ML, - FLUID WATER 1000ML,513059,GENERAL ,513059,,14/CS,$56.50 ,2,0,0,,14,Total Tx Amt. $0.00
1, - MCKESSON,1329,,,O,"$1,568.64 ",$0.00 ,4/29/2019,wbra,4/29/2019,wbra,353, - GAUZE SPONGE LAP  18X18 PKG, - GAUZE SPONGE LAP  18X18 PKG,23250-400A,,291446,,5/BX,$1.49 ,10,0,0,,14,Total Tx Amt. $0.00
15, - TELEFLEX/ARROW,1330,,,O,$238.68 ,$0.00 ,4/29/2019,wbra,4/29/2019,wbra,727, - Central Venous Catheterization Kit, - Central Venous Catheterization Kit,ak-04400,GENERAL ,AK-04400,,10/BX,$238.68 ,1,0,0,,1,Total Tx Amt. $0.00
4, - COOK MEDICAL,1331,,,O,$579.00 ,$0.00 ,4/29/2019,wbra,4/29/2019,wbra,440, - COOK WIRE GUIDE MOTION .035 STRAIGHT, - COOK WIRE GUIDE MOTION .035 STRAIGHT,G44846,GENERAL ,G44846,,5/BX,$240.00 ,2,0,0,,2,Total Tx Amt. $0.00
4, - COOK MEDICAL,1331,,,O,$579.00 ,$0.00 ,4/29/2019,wbra,4/29/2019,wbra,468, - COOK URETERAL STENT UNIVERSA FIRM 6X22, - COOK URETERAL STENT UNIVERSA FIRM 6X22,G23404,GENERAL ,G23404,,EA,$49.50 ,2,0,0,,2,Total Tx Amt. $0.00
3, - BOSTON SCIENTIFIC,1332,,,O,"$2,866.98 ",$0.00 ,4/29/2019,wbra,4/29/2019,wbra,645," - BASKET, ZERO TIP 1.9FR X 120CM BOSTON"," - BASKET, ZERO TIP 1.9FR X 120CM BOSTON",M0063901050,GENERAL ,M0063901050,,EA,$348.60 ,5,0,0,,2,Total Tx Amt. $0.00
3, - BOSTON SCIENTIFIC,1332,,,O,"$2,866.98 ",$0.00 ,4/29/2019,wbra,4/29/2019,wbra,446, - BOSTON SCI WIRE GUIDE SENSOR .035 STR, - BOSTON SCI WIRE GUIDE SENSOR .035 STR,M0066703081,GENERAL ,M0066703081,,5/BX,$374.66 ,3,0,0,,2,Total Tx Amt. $0.00
1, - MCKESSON,1333,,,O,$525.46 ,$0.00 ,4/29/2019,wbra,4/30/2019,wbra,744, - Bair Hugger model62200, - Bair Hugger model62200,62200,,1045420,,10/CS,$69.61 ,3,0,0,,8,Total Tx Amt. $0.00
1, - MCKESSON,1333,,,O,$525.46 ,$0.00 ,4/29/2019,wbra,4/30/2019,wbra,918, - Defibrillator Gel Pads, - Defibrillator Gel Pads,211614,GENERAL ,211614,,10/BX,$29.35 ,1,0,0,,8,Total Tx Amt. $0.00
1, - MCKESSON,1333,,,O,$525.46 ,$0.00 ,4/29/2019,wbra,4/30/2019,wbra,919, - Sodium Bicard 50 Ml, - Sodium Bicard 50 Ml,239985,PACU    ,239985,,EA,$10.78 ,4,0,0,,8,Total Tx Amt. $0.00
1, - MCKESSON,1333,,,O,$525.46 ,$0.00 ,4/29/2019,wbra,4/30/2019,wbra,920," - Meds, Dextrose 50% 50ML"," - Meds, Dextrose 50% 50ML",243289,PACU    ,243289,,EA,$3.18 ,2,0,0,,8,Total Tx Amt. $0.00
1, - MCKESSON,1333,,,O,$525.46 ,$0.00 ,4/29/2019,wbra,4/30/2019,wbra,353, - GAUZE SPONGE LAP  18X18 PKG, - GAUZE SPONGE LAP  18X18 PKG,23250-400A,,291446,,40/CS,$59.60 ,1,0,0,,8,Total Tx Amt. $0.00
1, - MCKESSON,1333,,,O,$525.46 ,$0.00 ,4/29/2019,wbra,4/30/2019,wbra,632," - SHARPS, 18 GAL RED CONTAINER"," - SHARPS, 18 GAL RED CONTAINER",862336,HSKPNG  ,862336,,EA,$16.26 ,4,0,0,,8,Total Tx Amt. $0.00
1, - MCKESSON,1333,,,O,$525.46 ,$0.00 ,4/29/2019,wbra,4/30/2019,wbra,343, - CONTAINER SPECIMEN 120ML NS, - CONTAINER SPECIMEN 120ML NS,870203,PACU    ,870203,,100/BX,$14.10 ,1,0,0,,8,Total Tx Amt. $0.00
1, - MCKESSON,1333,,,O,$525.46 ,$0.00 ,4/29/2019,wbra,4/30/2019,wbra,921," - Meds, Atropine Sulf, Syr 3.1 MG/ML  10ML"," - Meds, Atropine Sulf, Syr 3.1 MG/ML  10ML",566966,ANESTHE ,566966,,10/BX,$99.06 ,1,0,0,,8,Total Tx Amt. $0.00
14, - BARD,1334,,,O,"$1,096.76 ",$0.00 ,4/29/2019,wbra,4/29/2019,wbra,650," - BARD, MAGNUM HAND PIECE"," - BARD, MAGNUM HAND PIECE",MG1522,GENERAL ,MG1522,,EA,$995.00 ,1,0,0,,2,Total Tx Amt. $0.00
14, - BARD,1334,,,O,"$1,096.76 ",$0.00 ,4/29/2019,wbra,4/29/2019,wbra,333, - CATH FOLEY 22FR 3WAY 30ML, - CATH FOLEY 22FR 3WAY 30ML,2557H22,,0167L22,,12/BX,$101.76 ,1,0,0,,2,Total Tx Amt. $0.00
2, - CARDINAL HEALTH,1335,,,O,$878.31 ,$0.00 ,4/30/2019,wbra,5/1/2019,wbra,363, - CONTAINER SUCTION 3000ML, - CONTAINER SUCTION 3000ML,65651-230,GENERAL ,65651-230,,40/CS,$70.47 ,2,0,0,,9,Total Tx Amt. $0.00
2, - CARDINAL HEALTH,1335,,,O,$878.31 ,$0.00 ,4/30/2019,wbra,5/1/2019,wbra,102, - GLOVE PROTEXIS PI 7.5 LATEX FREE, - GLOVE PROTEXIS PI 7.5 LATEX FREE,2D72PT75X,GENERAL ,2D72PT75X,,50/BX,$89.45 ,1,0,0,,9,Total Tx Amt. $0.00
2, - CARDINAL HEALTH,1335,,,O,$878.31 ,$0.00 ,4/30/2019,wbra,5/1/2019,wbra,787," - surgical towel, blue disposable"," - surgical towel, blue disposable",371110,,28100-999,,100/CS,$107.00 ,1,0,0,,9,Total Tx Amt. $0.00
2, - CARDINAL HEALTH,1335,,,O,$878.31 ,$0.00 ,4/30/2019,wbra,5/1/2019,wbra,922," - Sutr, Vicyrl 0, 27"" braided undyed, 1/2 circle CT-"," - Sutr, Vicyrl 0, 27"" braided undyed, 1/2 circle CT-",J270H,SUTURE  ,J270H,,12/BX,$19.11 ,3,0,0,,9,Total Tx Amt. $0.00
2, - CARDINAL HEALTH,1335,,,O,$878.31 ,$0.00 ,4/30/2019,wbra,5/1/2019,wbra,53, - GAUZE 2X2 NS PKG, - GAUZE 2X2 NS PKG,C-NWS224,DRESSING,C-NWS224,,EA,$0.43 ,10,0,0,,9,Total Tx Amt. $0.00
2, - CARDINAL HEALTH,1335,,,O,$878.31 ,$0.00 ,4/30/2019,wbra,5/1/2019,wbra,101, - GLOVE PROTEXIS PI 7 LATEX FREE, - GLOVE PROTEXIS PI 7 LATEX FREE,2D72PT70X,GENERAL ,2D72PT70X,,50/BX,$89.45 ,1,0,0,,9,Total Tx Amt. $0.00
2, - CARDINAL HEALTH,1335,,,O,$878.31 ,$0.00 ,4/30/2019,wbra,5/1/2019,wbra,64, - TAPE PLASTIC/TRANSPORE 1IN, - TAPE PLASTIC/TRANSPORE 1IN,M1527-1,DRESSING,M1527-1,,12/BX,$10.55 ,2,0,0,,9,Total Tx Amt. $0.00
2, - CARDINAL HEALTH,1335,,,O,$878.31 ,$0.00 ,4/30/2019,wbra,5/1/2019,wbra,612," - SPD, PEEL POUCH 5.5X10"," - SPD, PEEL POUCH 5.5X10",92510,STRL PRO,92510,,1/BX,$63.24 ,2,0,0,,9,Total Tx Amt. $0.00
2, - CARDINAL HEALTH,1335,,,O,$878.31 ,$0.00 ,4/30/2019,wbra,5/1/2019,wbra,323, - WRAP DOUBLE LAYER 36X36, - WRAP DOUBLE LAYER 36X36,CH5G0036,,CH5G0036,,150/BX,$121.13 ,2,0,0,,9,Total Tx Amt. $0.00
1, - MCKESSON,1336,,,O,"$1,346.17 ",$0.00 ,5/1/2019,wbra,5/1/2019,wbra,211, - MED PROPOFOL 20ML, - MED PROPOFOL 20ML,989562,IVSUPPLY,989562,,25/BX,$56.86 ,4,0,0,,8,Total Tx Amt. $0.00
1, - MCKESSON,1336,,,O,"$1,346.17 ",$0.00 ,5/1/2019,wbra,5/1/2019,wbra,116, - DISINFECT FADE-A-DYNE, - DISINFECT FADE-A-DYNE,861653,HSKPNG  ,861653,,EA,$12.85 ,4,0,0,,8,Total Tx Amt. $0.00
1, - MCKESSON,1336,,,O,"$1,346.17 ",$0.00 ,5/1/2019,wbra,5/1/2019,wbra,162, - MED ANCEF 1G, - MED ANCEF 1G,1107414,GLV/MSK ,1107414,,25/BX,$40.50 ,2,0,0,,8,Total Tx Amt. $0.00
1, - MCKESSON,1336,,,O,"$1,346.17 ",$0.00 ,5/1/2019,wbra,5/1/2019,wbra,137, - FLUID LR 500ML, - FLUID LR 500ML,186663,GENERAL ,186663,,24/CS,$55.43 ,2,0,0,,8,Total Tx Amt. $0.00
1, - MCKESSON,1336,,,O,"$1,346.17 ",$0.00 ,5/1/2019,wbra,5/1/2019,wbra,135, - FLUID LR 1000ML, - FLUID LR 1000ML,208829,GENERAL ,208829,,12/CS,$71.07 ,1,0,0,,8,Total Tx Amt. $0.00
1, - MCKESSON,1336,,,O,"$1,346.17 ",$0.00 ,5/1/2019,wbra,5/1/2019,wbra,140, - FLUID NACL 3000ML, - FLUID NACL 3000ML,230132,GENERAL ,230132,,4/CS,$34.32 ,2,0,0,,8,Total Tx Amt. $0.00
1, - MCKESSON,1336,,,O,"$1,346.17 ",$0.00 ,5/1/2019,wbra,5/1/2019,wbra,833," - Mask, Anes size 6 Adult Elongated"," - Mask, Anes size 6 Adult Elongated",854706,ANESTHE ,854706,,30/BX,$46.88 ,2,0,0,,8,Total Tx Amt. $0.00
1, - MCKESSON,1336,,,O,"$1,346.17 ",$0.00 ,5/1/2019,wbra,5/1/2019,wbra,699," - MED, SEVOFLURANE INHAL"," - MED, SEVOFLURANE INHAL",6679401525,MEDS    ,779244,,EA,$128.40 ,5,0,0,,8,Total Tx Amt. $0.00
2, - CARDINAL HEALTH,1337,,,O,"$1,475.23 ",$0.00 ,5/1/2019,wbra,5/6/2019,wbra,923, - SUTURE 3-0 CT-1   27IN, - SUTURE 3-0 CT-1   27IN,Y338H,SUTURE  ,Y338H,,36/BX,$78.76 ,1,0,0,,12,Total Tx Amt. $0.00
2, - CARDINAL HEALTH,1337,,,O,"$1,475.23 ",$0.00 ,5/1/2019,wbra,5/6/2019,wbra,785, - Sheaths Ultra sound Probe cover, - Sheaths Ultra sound Probe cover,25001,GENERAL ,25001,,1/BX,$91.48 ,2,0,0,,12,Total Tx Amt. $0.00
2, - CARDINAL HEALTH,1337,,,O,"$1,475.23 ",$0.00 ,5/1/2019,wbra,5/6/2019,wbra,298, - PREP TRAY IODINE STERILE, - PREP TRAY IODINE STERILE,Nov-08,,Nov-08,,20/CS,$77.40 ,1,0,0,,12,Total Tx Amt. $0.00
2, - CARDINAL HEALTH,1337,,,O,"$1,475.23 ",$0.00 ,5/1/2019,wbra,5/6/2019,wbra,46, - TELFA 8X3, - TELFA 8X3,9924,DRESSING,1238,,EA,$8.82 ,4,0,0,,12,Total Tx Amt. $0.00
2, - CARDINAL HEALTH,1337,,,O,"$1,475.23 ",$0.00 ,5/1/2019,wbra,5/6/2019,wbra,32, - DRAPE SURGICAL LEGGINGS, - DRAPE SURGICAL LEGGINGS,8421,DRAPE   ,,,20/CS,$43.60 ,1,0,0,,12,Total Tx Amt. $0.00
2, - CARDINAL HEALTH,1337,,,O,"$1,475.23 ",$0.00 ,5/1/2019,wbra,5/6/2019,wbra,796," - King UltraFlex 72"" breathing circuit"," - King UltraFlex 72"" breathing circuit",,ANESTHE ,8753F6121Z,,30/BX,$201.45 ,2,0,0,,12,Total Tx Amt. $0.00
2, - CARDINAL HEALTH,1337,,,O,"$1,475.23 ",$0.00 ,5/1/2019,wbra,5/6/2019,wbra,405, - SUTURE CHROMIC 3-0 SH 27IN, - SUTURE CHROMIC 3-0 SH 27IN,G122H,,G122H,,36/BX,$110.19 ,1,0,0,,12,Total Tx Amt. $0.00
2, - CARDINAL HEALTH,1337,,,O,"$1,475.23 ",$0.00 ,5/1/2019,wbra,5/6/2019,wbra,928," - Suture, 2-0 Vicryl"," - Suture, 2-0 Vicryl",J269H,SUTURE  ,J269H,,36/BX,$58.62 ,1,0,0,,12,Total Tx Amt. $0.00
2, - CARDINAL HEALTH,1337,,,O,"$1,475.23 ",$0.00 ,5/1/2019,wbra,5/6/2019,wbra,31, - DRAPE CYSTO PACK, - DRAPE CYSTO PACK,SPP99CY1AA,DRAPE   ,SPP99CY1AA,,6/CS,$118.62 ,2,0,0,,12,Total Tx Amt. $0.00
2, - CARDINAL HEALTH,1337,,,O,"$1,475.23 ",$0.00 ,5/1/2019,wbra,5/6/2019,wbra,603, - DISINFECT CAVICIDE 1 MIN SURFACE CLEANER, - DISINFECT CAVICIDE 1 MIN SURFACE CLEANER,13-5024,HSKPNG  ,13-5024,,12/CS,$56.23 ,1,0,0,,12,Total Tx Amt. $0.00
2, - CARDINAL HEALTH,1337,,,O,"$1,475.23 ",$0.00 ,5/1/2019,wbra,5/6/2019,wbra,422, - DISINFECT CAVIWIPE 1MIN, - DISINFECT CAVIWIPE 1MIN,MX13-1150,HSKPNG  ,MX13-1150,,12/BX,$65.57 ,1,0,0,,12,Total Tx Amt. $0.00
2, - CARDINAL HEALTH,1337,,,O,"$1,475.23 ",$0.00 ,5/1/2019,wbra,5/6/2019,wbra,669," - PREP, CLIPPER SURGICAL HEAD"," - PREP, CLIPPER SURGICAL HEAD",CAH4406D,PREP    ,CAH4406D,,25/BX,$126.48 ,1,0,0,,12,Total Tx Amt. $0.00
4, - COOK MEDICAL,1338,,,O,$425.10 ,$0.00 ,5/1/2019,wbra,5/1/2019,wbra,433, - COOK ACCESS SHEATH URETERAL 12FR 35CM, - COOK ACCESS SHEATH URETERAL 12FR 35CM,G19168,GENERAL ,G19168,,EA,$113.55 ,2,0,0,,2,Total Tx Amt. $0.00
4, - COOK MEDICAL,1338,,,O,$425.10 ,$0.00 ,5/1/2019,wbra,5/1/2019,wbra,459, - COOK URETERAL STENT FIRM UNIVERSA, - COOK URETERAL STENT FIRM UNIVERSA,G23406,GENERAL ,G23406,,EA,$49.50 ,4,0,0,,2,Total Tx Amt. $0.00
17, - HEALTHTRONICS MOBILE SOLUTIONS,1339,,,O,"$1,970.00 ",$0.00 ,5/1/2019,wbra,5/1/2019,wbra,529, - LASER FIBER HO 200 SINGLE USE, - LASER FIBER HO 200 SINGLE USE,95193,GENERAL ,95193,,EA,$125.00 ,5,0,0,,4,Total Tx Amt. $0.00
17, - HEALTHTRONICS MOBILE SOLUTIONS,1339,,,O,"$1,970.00 ",$0.00 ,5/1/2019,wbra,5/1/2019,wbra,530, - LASER FIBER HO 272 SINGLE USE, - LASER FIBER HO 272 SINGLE USE,95448,GENERAL ,95448,,EA,$125.00 ,2,0,0,,4,Total Tx Amt. $0.00
17, - HEALTHTRONICS MOBILE SOLUTIONS,1339,,,O,"$1,970.00 ",$0.00 ,5/1/2019,wbra,5/1/2019,wbra,531, - LASER FIBER HO 365 SINGLE USE, - LASER FIBER HO 365 SINGLE USE,95612,GENERAL ,95612,,EA,$125.00 ,3,0,0,,4,Total Tx Amt. $0.00
17, - HEALTHTRONICS MOBILE SOLUTIONS,1339,,,O,"$1,970.00 ",$0.00 ,5/1/2019,wbra,5/1/2019,wbra,533, - LASER FIBER HO 940 SINGLE USE, - LASER FIBER HO 940 SINGLE USE,95196,GENERAL ,940,,EA,$240.00 ,3,0,0,,4,Total Tx Amt. $0.00
3, - BOSTON SCIENTIFIC,1340,,,O,"$1,339.01 ",$0.00 ,5/1/2019,wbra,5/1/2019,wbra,851, - Navigator 11/13 x 36, - Navigator 11/13 x 36,M0062502220,GENERAL ,M0062502220,,EA,$197.65 ,1,0,0,,3,Total Tx Amt. $0.00
3, - BOSTON SCIENTIFIC,1340,,,O,"$1,339.01 ",$0.00 ,5/1/2019,wbra,5/1/2019,wbra,446, - BOSTON SCI WIRE GUIDE SENSOR .035 STR, - BOSTON SCI WIRE GUIDE SENSOR .035 STR,M0066703081,GENERAL ,M0066703081,,5/BX,$374.66 ,2,0,0,,3,Total Tx Amt. $0.00
3, - BOSTON SCIENTIFIC,1340,,,O,"$1,339.01 ",$0.00 ,5/1/2019,wbra,5/1/2019,wbra,508, - BOSTON SCI SINGLE ACTION IRRIGATION PUMP, - BOSTON SCI SINGLE ACTION IRRIGATION PUMP,M006720101,GENERAL ,M006720101,,5/BX,$392.04 ,1,0,0,,3,Total Tx Amt. $0.00
16, - OLYMPUS,1341,,,O,$740.00 ,$0.00 ,5/1/2019,wbra,5/1/2019,wbra,528, - GLIDEWIRE 0.035 STR TIP STIFF OLYMPUS, - GLIDEWIRE 0.035 STR TIP STIFF OLYMPUS,UWS1035,GENERAL ,UWS1035,,5/BX,$405.00 ,1,0,0,,2,Total Tx Amt. $0.00
16, - OLYMPUS,1341,,,O,$740.00 ,$0.00 ,5/1/2019,wbra,5/1/2019,wbra,748, - Glide Wire .035 Dia Angled tip, - Glide Wire .035 Dia Angled tip,UWS6035,GENERAL ,UWS6035,,5/BX,$335.00 ,1,0,0,,2,Total Tx Amt. $0.00
1, - MCKESSON,1342,,,O,"$3,378.65 ",$0.00 ,5/1/2019,wbra,5/7/2019,wbra,339, - CAUTERY CLEANER SCRATCH PAD, - CAUTERY CLEANER SCRATCH PAD,138029,GENERAL ,221173,,40/BX,$40.27 ,1,0,0,,13,Total Tx Amt. $0.00
1, - MCKESSON,1342,,,O,"$3,378.65 ",$0.00 ,5/1/2019,wbra,5/7/2019,wbra,888," - Implant, Parietex Hydrophilic 3-Dimensional Mesh"," - Implant, Parietex Hydrophilic 3-Dimensional Mesh",TET1309,GENERAL ,559509,,EA,$160.84 ,4,0,0,,13,Total Tx Amt. $0.00
1, - MCKESSON,1342,,,O,"$3,378.65 ",$0.00 ,5/1/2019,wbra,5/7/2019,wbra,863," - Dressing, Surgilast Tubular Retainer, Size 1"," - Dressing, Surgilast Tubular Retainer, Size 1",GLF2501,DRESSING,977687,,EA,$5.43 ,2,0,0,,13,Total Tx Amt. $0.00
1, - MCKESSON,1342,,,O,"$3,378.65 ",$0.00 ,5/1/2019,wbra,5/7/2019,wbra,889," - Drain, Surgidyne Discrete Draine 19fr x 3.0mm"," - Drain, Surgidyne Discrete Draine 19fr x 3.0mm",370023,GENERAL ,491318,,10/BX,$61.49 ,1,0,0,,13,Total Tx Amt. $0.00
1, - MCKESSON,1342,,,O,"$3,378.65 ",$0.00 ,5/1/2019,wbra,5/7/2019,wbra,790, - hcg Urine Test Cassette, - hcg Urine Test Cassette,5001,PACU    ,949871,,25/BX,$20.31 ,2,0,0,,13,Total Tx Amt. $0.00
1, - MCKESSON,1342,,,O,"$3,378.65 ",$0.00 ,5/1/2019,wbra,5/7/2019,wbra,228, - NDL CHIBA 20G, - NDL CHIBA 20G,CNM-2008,IVSUPPLY,629155,,10/BX,$81.23 ,4,0,0,,13,Total Tx Amt. $0.00
1, - MCKESSON,1342,,,O,"$3,378.65 ",$0.00 ,5/1/2019,wbra,5/7/2019,wbra,40, - DRAPE CARM FULL, - DRAPE CARM FULL,10132,DRAPE   ,,,20/CS,$59.23 ,1,0,0,,13,Total Tx Amt. $0.00
1, - MCKESSON,1342,,,O,"$3,378.65 ",$0.00 ,5/1/2019,wbra,5/7/2019,wbra,553, - MED METHYLPRED SDV 40MG/ML 1ML, - MED METHYLPRED SDV 40MG/ML 1ML,515116,MEDS    ,515116,,EA,$7.56 ,10,0,0,,13,Total Tx Amt. $0.00
1, - MCKESSON,1342,,,O,"$3,378.65 ",$0.00 ,5/1/2019,wbra,5/7/2019,wbra,73, - MED EPHEDRINE, - MED EPHEDRINE,17478041510,GENERAL ,1092978,,10/CT,$372.52 ,4,0,0,,13,Total Tx Amt. $0.00
1, - MCKESSON,1342,,,O,"$3,378.65 ",$0.00 ,5/1/2019,wbra,5/7/2019,wbra,925," - Meds, Robinul 0.2mg/ml, 1ml bottle"," - Meds, Robinul 0.2mg/ml, 1ml bottle",1058484,ANESTHE ,1058484,,25/BX,$201.52 ,2,0,0,,13,Total Tx Amt. $0.00
1, - MCKESSON,1342,,,O,"$3,378.65 ",$0.00 ,5/1/2019,wbra,5/7/2019,wbra,108, - HAND SCRUB SURGICAL BRUSH CHG 4%, - HAND SCRUB SURGICAL BRUSH CHG 4%,371073,GENERAL ,436489,,30/BX,$38.40 ,1,0,0,,13,Total Tx Amt. $0.00
1, - MCKESSON,1342,,,O,"$3,378.65 ",$0.00 ,5/1/2019,wbra,5/7/2019,wbra,697," - MED, NALOXONE HCL 0.4MG 1ML SDV"," - MED, NALOXONE HCL 0.4MG 1ML SDV",1074047,MEDS    ,1071047,,10/CT,$149.91 ,1,0,0,,13,Total Tx Amt. $0.00
1, - MCKESSON,1342,,,O,"$3,378.65 ",$0.00 ,5/1/2019,wbra,5/7/2019,wbra,927," - IV Admin Set, Secondary 15 drp"," - IV Admin Set, Secondary 15 drp",sc9001,PACU    ,685495,,50/BX,$40.87 ,1,0,0,,13,Total Tx Amt. $0.00
1, - MCKESSON,1343,,,O,$703.76 ,$0.00 ,5/3/2019,wbra,5/3/2019,wbra,140, - FLUID NACL 3000ML, - FLUID NACL 3000ML,230132,GENERAL ,230132,,4/CS,$34.32 ,4,0,0,,6,Total Tx Amt. $0.00
1, - MCKESSON,1343,,,O,$703.76 ,$0.00 ,5/3/2019,wbra,5/3/2019,wbra,142, - FLUID NACL 1000ML, - FLUID NACL 1000ML,515490,GENERAL ,515490,,14/CS,$29.99 ,2,0,0,,6,Total Tx Amt. $0.00
1, - MCKESSON,1343,,,O,$703.76 ,$0.00 ,5/3/2019,wbra,5/3/2019,wbra,152, - FLUID WATER 1000ML, - FLUID WATER 1000ML,513059,GENERAL ,513059,,14/CS,$56.50 ,2,0,0,,6,Total Tx Amt. $0.00
1, - MCKESSON,1343,,,O,$703.76 ,$0.00 ,5/3/2019,wbra,5/3/2019,wbra,151, - FLUID WATER 3000ML, - FLUID WATER 3000ML,200388,GLV/MSK ,200388,,4/CS,$33.79 ,4,0,0,,6,Total Tx Amt. $0.00
1, - MCKESSON,1343,,,O,$703.76 ,$0.00 ,5/3/2019,wbra,5/3/2019,wbra,795," - Underpads Regular,23 x 24"," - Underpads Regular,23 x 24",UPLT2324,GENERAL ,724049,,150/BX,$27.02 ,1,0,0,,6,Total Tx Amt. $0.00
1, - MCKESSON,1343,,,O,$703.76 ,$0.00 ,5/3/2019,wbra,5/3/2019,wbra,624," - MED, OMNIPAQUE 300"," - MED, OMNIPAQUE 300",407141361,MEDS    ,533382,,10/BX,$57.83 ,4,0,0,,6,Total Tx Amt. $0.00
20, - APPLIED MEDICAL,1344,,,O,$150.00 ,$0.00 ,5/3/2019,wbra,5/3/2019,wbra,572," - CAP, SURESEAL II"," - CAP, SURESEAL II",SEAL-005,GENERAL ,SEAL-005,,10/BX,$150.00 ,1,0,0,,1,Total Tx Amt. $0.00
26, - CUSTOM MEDICAL SPECILTIES,1345,,,O,$258.00 ,$0.00 ,5/3/2019,wbra,5/3/2019,wbra,637," - BAG, DRAIN SURGICAL TABLE"," - BAG, DRAIN SURGICAL TABLE",CMS-999,GENERAL ,CMS-999,,20/CS,$129.00 ,2,0,0,,1,Total Tx Amt. $0.00
27, - BESSE MEDICAL,1346,,,C,$786.50 ,$0.00 ,5/3/2019,wbra,5/16/2019,wbra,828, - Indigo Carmine Injection 0.8% Solution 5 x 5 ml am, - Indigo Carmine Injection 0.8% Solution 5 x 5 ml am,00517-0375-05,MEDS    ,51077,,5/BX,$786.50 ,1,0,0,,1,Total Tx Amt. $0.00
14, - BARD,1347,,,O,$402.84 ,$0.00 ,5/3/2019,wbra,5/3/2019,wbra,392, - CATH FOLEY 16FR 2WAY COUNCIL, - CATH FOLEY 16FR 2WAY COUNCIL,0196L16,GENERAL ,0196L16,,12/BX,$141.12 ,1,0,0,,3,Total Tx Amt. $0.00
14, - BARD,1347,,,O,$402.84 ,$0.00 ,5/3/2019,wbra,5/3/2019,wbra,930, - CATH FOLEY 22FR 2WAY COUNCIL, - CATH FOLEY 22FR 2WAY COUNCIL,0196L22,GENERAL ,0196L22,,12/BX,$141.12 ,1,0,0,,3,Total Tx Amt. $0.00
14, - BARD,1347,,,O,$402.84 ,$0.00 ,5/3/2019,wbra,5/3/2019,wbra,931, - CATH FOLEY 2WAY COUDE 22FR 5CC, - CATH FOLEY 2WAY COUDE 22FR 5CC,0102L22,GENERAL ,0102L22,,12/BX,$120.60 ,1,0,0,,3,Total Tx Amt. $0.00
3, - BOSTON SCIENTIFIC,1348,,,O,$929.60 ,$0.00 ,5/3/2019,wbra,5/3/2019,wbra,646, - UROMAX BALLOON KIT 12FR X 4CM, - UROMAX BALLOON KIT 12FR X 4CM,M0062251200,GENERAL ,M0062251200,,EA,$464.80 ,1,0,0,,2,Total Tx Amt. $0.00
3, - BOSTON SCIENTIFIC,1348,,,O,$929.60 ,$0.00 ,5/3/2019,wbra,5/3/2019,wbra,647, - UROMAX BALLOON KIT 18FR X 4CM, - UROMAX BALLOON KIT 18FR X 4CM,M0062251220,GENERAL ,M0062251220,,EA,$464.80 ,1,0,0,,2,Total Tx Amt. $0.00
4, - COOK MEDICAL,1349,,,O,"$1,274.57 ",$0.00 ,5/3/2019,wbra,5/3/2019,wbra,658," - SUPP, COOK AQ URETERAL DILATOR"," - SUPP, COOK AQ URETERAL DILATOR",G17636,GENERAL ,G17636,,EA,$19.55 ,3,0,0,,7,Total Tx Amt. $0.00
4, - COOK MEDICAL,1349,,,O,"$1,274.57 ",$0.00 ,5/3/2019,wbra,5/3/2019,wbra,447, - COOK WIRE GUIDE AMPLATZ STIFF .035, - COOK WIRE GUIDE AMPLATZ STIFF .035,G27032,GENERAL ,G27032,,EA,$59.00 ,3,0,0,,7,Total Tx Amt. $0.00
4, - COOK MEDICAL,1349,,,O,"$1,274.57 ",$0.00 ,5/3/2019,wbra,5/3/2019,wbra,448, - COOK WIRE GUIDE AMPLATZ SUPER STIFF .035, - COOK WIRE GUIDE AMPLATZ SUPER STIFF .035,G53559,GENERAL ,G53559,,EA,$59.00 ,3,0,0,,7,Total Tx Amt. $0.00
4, - COOK MEDICAL,1349,,,O,"$1,274.57 ",$0.00 ,5/3/2019,wbra,5/3/2019,wbra,465, - COOK OPEN-END URETERAL CATH 5Fr, - COOK OPEN-END URETERAL CATH 5Fr,G14274,GENERAL ,G14274,,10/BX,$90.64 ,2,0,0,,7,Total Tx Amt. $0.00
4, - COOK MEDICAL,1349,,,O,"$1,274.57 ",$0.00 ,5/3/2019,wbra,5/3/2019,wbra,460, - COOK URETERAL STENT FIRM UNIVERSA, - COOK URETERAL STENT FIRM UNIVERSA,G23407,GENERAL ,G23407,,EA,$49.50 ,4,0,0,,7,Total Tx Amt. $0.00
4, - COOK MEDICAL,1349,,,O,"$1,274.57 ",$0.00 ,5/3/2019,wbra,5/3/2019,wbra,461, - COOK KWART RETRO-INJECT URETERAL STENT, - COOK KWART RETRO-INJECT URETERAL STENT,G14887,GENERAL ,G14887,,EA,$97.00 ,3,0,0,,7,Total Tx Amt. $0.00
4, - COOK MEDICAL,1349,,,O,"$1,274.57 ",$0.00 ,5/3/2019,wbra,5/3/2019,wbra,932," - Dilator, Amplatz Renal Dilator set sizes 6fr-30-fr"," - Dilator, Amplatz Renal Dilator set sizes 6fr-30-fr",G14292,GENERAL ,G14292,,EA,$191.64 ,1,0,0,,7,Total Tx Amt. $0.00
1, - MCKESSON,1350,,,O,$366.19 ,$0.00 ,5/6/2019,wbra,5/6/2019,wbra,670," - ANES, AIRWAY, LMA IGEL 4"," - ANES, AIRWAY, LMA IGEL 4",8204000,ANESTHE ,978378,,25/BX,$280.68 ,1,0,0,,3,Total Tx Amt. $0.00
1, - MCKESSON,1350,,,O,$366.19 ,$0.00 ,5/6/2019,wbra,5/6/2019,wbra,121, - TOWEL PAPER C-FOLD, - TOWEL PAPER C-FOLD,456141,HSKPNG  ,456141,,4000/CS,$18.43 ,2,0,0,,3,Total Tx Amt. $0.00
1, - MCKESSON,1350,,,O,$366.19 ,$0.00 ,5/6/2019,wbra,5/6/2019,wbra,933," - Container, Specimen Container sterile"," - Container, Specimen Container sterile",1053,GENERAL ,337711,,100/BX,$48.65 ,1,0,0,,3,Total Tx Amt. $0.00
14, - BARD,1351,,,O,"$1,800.00 ",$0.00 ,5/6/2019,wbra,5/6/2019,wbra,224, - NDL BIOPSY MAX CORE, - NDL BIOPSY MAX CORE,MC1825,IVSUPPLY,MC1825,,5/BX,$90.00 ,20,0,0,,1,Total Tx Amt. $0.00
1, - MCKESSON,1352,,,O,$134.41 ,$0.00 ,5/6/2019,wbra,5/7/2019,wbra,800, - Adhesive Bandages 1 x 3 fabric, - Adhesive Bandages 1 x 3 fabric,16-4811,GENERAL ,466872,,100/BX,$2.21 ,2,0,0,,7,Total Tx Amt. $0.00
1, - MCKESSON,1352,,,O,$134.41 ,$0.00 ,5/6/2019,wbra,5/7/2019,wbra,284, - SUPPORTER ADULT LRG, - SUPPORTER ADULT LRG,452706,DRESSING,452706,,EA,$6.04 ,5,0,0,,7,Total Tx Amt. $0.00
1, - MCKESSON,1352,,,O,$134.41 ,$0.00 ,5/6/2019,wbra,5/7/2019,wbra,892," - Pad, Arm Board Foam, 7.5 x 16 x 20"," - Pad, Arm Board Foam, 7.5 x 16 x 20",773284,GENERAL ,773284,,1/CS,$21.90 ,1,0,0,,7,Total Tx Amt. $0.00
1, - MCKESSON,1352,,,O,$134.41 ,$0.00 ,5/6/2019,wbra,5/7/2019,wbra,926," - Tape, 2"" Silk like cloth 2"" x 1.5 yards"," - Tape, 2"" Silk like cloth 2"" x 1.5 yards",455535,GENERAL ,455535,,6/CT,$7.51 ,1,0,0,,7,Total Tx Amt. $0.00
1, - MCKESSON,1352,,,O,$134.41 ,$0.00 ,5/6/2019,wbra,5/7/2019,wbra,266, - NDL LANCET 28G, - NDL LANCET 28G,AT6200,MEDS    ,840311,,100/BX,$6.81 ,1,0,0,,7,Total Tx Amt. $0.00
1, - MCKESSON,1352,,,O,$134.41 ,$0.00 ,5/6/2019,wbra,5/7/2019,wbra,782, - Dental Bibs, - Dental Bibs,43445,GENERAL ,853587,,1/CS,$15.04 ,1,0,0,,7,Total Tx Amt. $0.00
1, - MCKESSON,1352,,,O,$134.41 ,$0.00 ,5/6/2019,wbra,5/7/2019,wbra,," - Sterile Towel, dispossible, item # 277860"," - Sterile Towel, dispossible, item # 277860",,,,,40/BX,$48.53 ,1,0,0,,7,Total Tx Amt. $0.00
23, - COLOPLAST,1353,,,O,$711.00 ,$0.00 ,5/6/2019,wbra,5/6/2019,wbra,601," - SLING, FEMALE ARIS TRANSOBTURATOR KIT"," - SLING, FEMALE ARIS TRANSOBTURATOR KIT",93-4400,GENERAL ,93-4400,,EA,$711.00 ,1,0,0,,1,Total Tx Amt. $0.00
33, - MEDTRONIC,1354,,,O,"$16,851.00 ",$0.00 ,5/6/2019,wbra,5/7/2019,wbra,834, - Interstim Neuro Stimulator, - Interstim Neuro Stimulator,3058,GENERAL ,3058,,EA,"$11,200.00 ",1,0,0,,5,Total Tx Amt. $0.00
33, - MEDTRONIC,1354,,,O,"$16,851.00 ",$0.00 ,5/6/2019,wbra,5/7/2019,wbra,843, - Interstim Quadripolar Lead Kit for Sacral Nerve St, - Interstim Quadripolar Lead Kit for Sacral Nerve St,3889-28,GENERAL ,3889-28,,EA,"$3,360.00 ",1,0,0,,5,Total Tx Amt. $0.00
33, - MEDTRONIC,1354,,,O,"$16,851.00 ",$0.00 ,5/6/2019,wbra,5/7/2019,wbra,835, - Interstim Hand Set With Communicator, - Interstim Hand Set With Communicator,TH90G01,GENERAL ,TH90G01,,EA,"$1,901.00 ",1,0,0,,5,Total Tx Amt. $0.00
33, - MEDTRONIC,1354,,,O,"$16,851.00 ",$0.00 ,5/6/2019,wbra,5/7/2019,wbra,839, - Interstim Test Stimulation Cable, - Interstim Test Stimulation Cable,357501,GENERAL ,357501,,EA,$40.00 ,1,0,0,,5,Total Tx Amt. $0.00
33, - MEDTRONIC,1354,,,O,"$16,851.00 ",$0.00 ,5/6/2019,wbra,5/7/2019,wbra,736," - IMP, INTERSTIM TEST STIM 353101"," - IMP, INTERSTIM TEST STIM 353101",353101,GENERAL ,353101,,EA,$350.00 ,1,0,0,,5,Total Tx Amt. $0.00
2, - CARDINAL HEALTH,1355,,,O,"$1,398.40 ",$0.00 ,5/7/2019,wbra,5/8/2019,wbra,313, - WRAP TRAY LINER WHT, - WRAP TRAY LINER WHT,KM10502B,STRL PRO,KM10502B,,1/CS,$55.13 ,2,0,0,,13,Total Tx Amt. $0.00
2, - CARDINAL HEALTH,1355,,,O,"$1,398.40 ",$0.00 ,5/7/2019,wbra,5/8/2019,wbra,704," - SUT, PDS 2-0 SH"," - SUT, PDS 2-0 SH",Z317H,SUTURE  ,Z317H,,12/BX,$94.00 ,1,0,0,,13,Total Tx Amt. $0.00
2, - CARDINAL HEALTH,1355,,,O,"$1,398.40 ",$0.00 ,5/7/2019,wbra,5/8/2019,wbra,372, - DRAPE TOWEL SURGICAL 4PK BLUE, - DRAPE TOWEL SURGICAL 4PK BLUE,28700-004,DRAPE   ,28700-004,,20/CS,$37.00 ,1,0,0,,13,Total Tx Amt. $0.00
2, - CARDINAL HEALTH,1355,,,O,"$1,398.40 ",$0.00 ,5/7/2019,wbra,5/8/2019,wbra,935," - Suture, 2-0 PDS II VL MO"," - Suture, 2-0 PDS II VL MO",Z339H,SUTURE  ,D8588,,12/BX,$306.85 ,1,0,0,"This item set for delv Weds 5/8 by 10:30 AM
Fedx tracking  1061679975
Ref Uropartners order # 050719MR",13,Total Tx Amt. $0.00
2, - CARDINAL HEALTH,1355,,,O,"$1,398.40 ",$0.00 ,5/7/2019,wbra,5/8/2019,wbra,281, - SOCK SLIPPER ADULT XL, - SOCK SLIPPER ADULT XL,68125-GRY,,68125-GRY,,48/BX,$33.01 ,1,0,0,,13,Total Tx Amt. $0.00
2, - CARDINAL HEALTH,1355,,,O,"$1,398.40 ",$0.00 ,5/7/2019,wbra,5/8/2019,wbra,294, - PREP CHLORAPREP 26ML TINT, - PREP CHLORAPREP 26ML TINT,260815,,260815,,25/CS,$328.63 ,1,0,0,,13,Total Tx Amt. $0.00
2, - CARDINAL HEALTH,1355,,,O,"$1,398.40 ",$0.00 ,5/7/2019,wbra,5/8/2019,wbra,292, - MED BETADINE 10% 4OZ, - MED BETADINE 10% 4OZ,6761815004,,6761815004,,EA,$2.56 ,10,0,0,,13,Total Tx Amt. $0.00
2, - CARDINAL HEALTH,1355,,,O,"$1,398.40 ",$0.00 ,5/7/2019,wbra,5/8/2019,wbra,106, - GOWN XLARGE, - GOWN XLARGE,9545,GENERAL ,9545,,20/CS,$45.85 ,1,0,0,,13,Total Tx Amt. $0.00
2, - CARDINAL HEALTH,1355,,,O,"$1,398.40 ",$0.00 ,5/7/2019,wbra,5/8/2019,wbra,910," - Surgical Gown, Large Reinforced"," - Surgical Gown, Large Reinforced",9511,GENERAL ,9511,,1/BX,$55.01 ,1,0,0,,13,Total Tx Amt. $0.00
2, - CARDINAL HEALTH,1355,,,O,"$1,398.40 ",$0.00 ,5/7/2019,wbra,5/8/2019,wbra,684," - GOWN, LG AAMI 4 SMART SLEEVE (LEVINE)"," - GOWN, LG AAMI 4 SMART SLEEVE (LEVINE)",9011,GENERAL ,9011,,20/CS,$63.77 ,1,0,0,,13,Total Tx Amt. $0.00
2, - CARDINAL HEALTH,1355,,,O,"$1,398.40 ",$0.00 ,5/7/2019,wbra,5/8/2019,wbra,31, - DRAPE CYSTO PACK, - DRAPE CYSTO PACK,SPP99CY1AA,DRAPE   ,SPP99CY1AA,,6/CS,$118.62 ,1,0,0,,13,Total Tx Amt. $0.00
2, - CARDINAL HEALTH,1355,,,O,"$1,398.40 ",$0.00 ,5/7/2019,wbra,5/8/2019,wbra,542, - DRP PACK MINOR PROCEDURE, - DRP PACK MINOR PROCEDURE,SPP99MN7AA,DRAPE   ,SPP99MN7AA,,4/CS,$92.00 ,1,0,0,,13,Total Tx Amt. $0.00
2, - CARDINAL HEALTH,1355,,,O,"$1,398.40 ",$0.00 ,5/7/2019,wbra,5/8/2019,wbra,76, - GLOVE EXAM XLARGE NITRILE, - GLOVE EXAM XLARGE NITRILE,88TN05XL,GENERAL ,88TN05XL,,10/CS,$87.80 ,1,0,0,,13,Total Tx Amt. $0.00
8, - STERIS,1356,,,O,$87.66 ,$0.00 ,5/7/2019,wbra,5/7/2019,wbra,759, - Steris Printer Rolls, - Steris Printer Rolls,93929-020,STRL PRO,P093929-020,,1/BX,$11.52 ,1,0,0,,2,Total Tx Amt. $0.00
8, - STERIS,1356,,,O,$87.66 ,$0.00 ,5/7/2019,wbra,5/7/2019,wbra,566, - SPD HPU CHEMICAL INDICATOR, - SPD HPU CHEMICAL INDICATOR,PCC061,STRL PRO,PCC061,,100/BX,$38.07 ,2,0,0,,2,Total Tx Amt. $0.00
1, - MCKESSON,1357,,,O,"$1,237.89 ",$0.00 ,5/7/2019,wbra,5/8/2019,wbra,," - Timer, Digital P/N 862765"," - Timer, Digital P/N 862765",,,,,EA,$8.40 ,1,0,0,,14,Total Tx Amt. $0.00
1, - MCKESSON,1357,,,O,"$1,237.89 ",$0.00 ,5/7/2019,wbra,5/8/2019,wbra,148, - FLUID WATER 500ML BOTTLE, - FLUID WATER 500ML BOTTLE,161730,GENERAL ,14045,,12/CS,$26.72 ,3,0,0,,14,Total Tx Amt. $0.00
1, - MCKESSON,1357,,,O,"$1,237.89 ",$0.00 ,5/7/2019,wbra,5/8/2019,wbra,709," - SUT, LIQUIBAND"," - SUT, LIQUIBAND",122-LBX,SUTURE  ,948660,,10/BX,$186.84 ,1,0,0,,14,Total Tx Amt. $0.00
1, - MCKESSON,1357,,,O,"$1,237.89 ",$0.00 ,5/7/2019,wbra,5/8/2019,wbra,140, - FLUID NACL 3000ML, - FLUID NACL 3000ML,230132,GENERAL ,230132,,4/CS,$34.32 ,4,0,0,,14,Total Tx Amt. $0.00
1, - MCKESSON,1357,,,O,"$1,237.89 ",$0.00 ,5/7/2019,wbra,5/8/2019,wbra,927," - IV Admin Set, Secondary 15 drp"," - IV Admin Set, Secondary 15 drp",sc9001,PACU    ,685495,,50/BX,$40.87 ,1,0,0,,14,Total Tx Amt. $0.00
1, - MCKESSON,1357,,,O,"$1,237.89 ",$0.00 ,5/7/2019,wbra,5/8/2019,wbra,889," - Drain, Surgidyne Discrete Draine 19fr x 3.0mm"," - Drain, Surgidyne Discrete Draine 19fr x 3.0mm",370023,GENERAL ,491318,,10/BX,$61.49 ,1,0,0,,14,Total Tx Amt. $0.00
1, - MCKESSON,1357,,,O,"$1,237.89 ",$0.00 ,5/7/2019,wbra,5/8/2019,wbra,211, - MED PROPOFOL 20ML, - MED PROPOFOL 20ML,989562,IVSUPPLY,989562,,25/BX,$56.86 ,4,0,0,,14,Total Tx Amt. $0.00
1, - MCKESSON,1357,,,O,"$1,237.89 ",$0.00 ,5/7/2019,wbra,5/8/2019,wbra,936," - fluid, Sod Chl, 0.9 % 100Ml bag"," - fluid, Sod Chl, 0.9 % 100Ml bag",161938,GENERAL ,161938,,1/CS,$101.58 ,1,0,0,,14,Total Tx Amt. $0.00
1, - MCKESSON,1357,,,O,"$1,237.89 ",$0.00 ,5/7/2019,wbra,5/8/2019,wbra,937," - fluid, Sod Chl, 0.9 % 250Ml bag"," - fluid, Sod Chl, 0.9 % 250Ml bag",467263,GENERAL ,467263,,36/BX,$61.56 ,1,0,0,,14,Total Tx Amt. $0.00
1, - MCKESSON,1357,,,O,"$1,237.89 ",$0.00 ,5/7/2019,wbra,5/8/2019,wbra,938," - Bedpan, Fracture Bedpan Graphite"," - Bedpan, Fracture Bedpan Graphite",56-8522,PACU    ,1028132,,24/CS,$23.63 ,1,0,0,,14,Total Tx Amt. $0.00
1, - MCKESSON,1357,,,O,"$1,237.89 ",$0.00 ,5/7/2019,wbra,5/8/2019,wbra,351, - CAUTERY PAD GROUND ADULT 10FT CONMED, - CAUTERY PAD GROUND ADULT 10FT CONMED,22-ESREC,,1018818,,50/BX,$132.19 ,1,0,0,,14,Total Tx Amt. $0.00
1, - MCKESSON,1357,,,O,"$1,237.89 ",$0.00 ,5/7/2019,wbra,5/8/2019,wbra,726," - SUPP, Y TUBING"," - SUPP, Y TUBING",2C4005,GENERAL ,200390,,12/BX,$121.28 ,1,0,0,,14,Total Tx Amt. $0.00
1, - MCKESSON,1357,,,O,"$1,237.89 ",$0.00 ,5/7/2019,wbra,5/8/2019,wbra,833," - Mask, Anes size 6 Adult Elongated"," - Mask, Anes size 6 Adult Elongated",854706,ANESTHE ,854706,,30/BX,$46.88 ,1,0,0,,14,Total Tx Amt. $0.00
1, - MCKESSON,1357,,,O,"$1,237.89 ",$0.00 ,5/7/2019,wbra,5/8/2019,wbra,725," - SYR, 60ML SYRINGE, STERILE"," - SYR, 60ML SYRINGE, STERILE",102-S60CC,SYRINGE ,869662,,25/BX,$8.29 ,1,0,0,,14,Total Tx Amt. $0.00
19, - STRAND DX,1358,,,O,$0.03 ,$0.00 ,5/7/2019,wbra,5/8/2019,wbra,563," - BIOPSY KIT, KNOW ERROR"," - BIOPSY KIT, KNOW ERROR",KIT,GENERAL ,KIT,,12/BX,$0.01 ,3,0,0,,1,Total Tx Amt. $0.00
27, - BESSE MEDICAL,1359,,,O,$88.44 ,$0.00 ,5/8/2019,wbra,5/8/2019,wbra,740," - MEDS, VANCOMYCIN 500MG SDV"," - MEDS, VANCOMYCIN 500MG SDV",45265,MEDS    ,45265,,10/CT,$88.44 ,1,0,0,,1,Total Tx Amt. $0.00
2, - CARDINAL HEALTH,1360,,,O,$296.85 ,$0.00 ,5/8/2019,wbra,5/8/2019,wbra,939," - Suture, MONOCRYL ABSORBABLE GLYCONATE 3-0 36IN MON"," - Suture, MONOCRYL ABSORBABLE GLYCONATE 3-0 36IN MON",Y944H,SUTURE  ,Y944H,,12/BX,$28.57 ,3,0,0,,3,Total Tx Amt. $0.00
2, - CARDINAL HEALTH,1360,,,O,$296.85 ,$0.00 ,5/8/2019,wbra,5/8/2019,wbra,935," - Suture, 2-0 PDS II VL MO"," - Suture, 2-0 PDS II VL MO",Z339H,SUTURE  ,Z339H,,12/BX,$30.84 ,3,0,0,,3,Total Tx Amt. $0.00
2, - CARDINAL HEALTH,1360,,,O,$296.85 ,$0.00 ,5/8/2019,wbra,5/8/2019,wbra,31, - DRAPE CYSTO PACK, - DRAPE CYSTO PACK,SPP99CY1AA,DRAPE   ,SPP99CY1AA,,6/CS,$118.62 ,1,0,0,,3,Total Tx Amt. $0.00
2, - CARDINAL HEALTH,1361,,,O,"$3,216.19 ",$0.00 ,5/9/2019,wbra,5/13/2019,wbra,940," - razor, sterile shave prec razor"," - razor, sterile shave prec razor",DYND70836,GENERAL ,DYND70836,,EA,$0.89 ,25,0,0,,17,Total Tx Amt. $0.00
2, - CARDINAL HEALTH,1361,,,O,"$3,216.19 ",$0.00 ,5/9/2019,wbra,5/13/2019,wbra,363, - CONTAINER SUCTION 3000ML, - CONTAINER SUCTION 3000ML,65651-230,GENERAL ,65651-230,,40/CS,$70.47 ,2,0,0,,17,Total Tx Amt. $0.00
2, - CARDINAL HEALTH,1361,,,O,"$3,216.19 ",$0.00 ,5/9/2019,wbra,5/13/2019,wbra,670," - ANES, AIRWAY, LMA IGEL 4"," - ANES, AIRWAY, LMA IGEL 4",8204000,ANESTHE ,I8204,,25/CS,$545.54 ,2,0,0,,17,Total Tx Amt. $0.00
2, - CARDINAL HEALTH,1361,,,O,"$3,216.19 ",$0.00 ,5/9/2019,wbra,5/13/2019,wbra,106, - GOWN XLARGE, - GOWN XLARGE,9545,GENERAL ,9545,,20/CS,$45.85 ,2,0,0,,17,Total Tx Amt. $0.00
2, - CARDINAL HEALTH,1361,,,O,"$3,216.19 ",$0.00 ,5/9/2019,wbra,5/13/2019,wbra,134, - IV START KIT, - IV START KIT,01-9000A,GENERAL ,01-9000A,,100/CS,$100.00 ,1,0,0,,17,Total Tx Amt. $0.00
2, - CARDINAL HEALTH,1361,,,O,"$3,216.19 ",$0.00 ,5/9/2019,wbra,5/13/2019,wbra,739, - SafeDay IV Administration Set, - SafeDay IV Administration Set,352904,PACU    ,352899,,50/BX,$141.94 ,2,0,0,,17,Total Tx Amt. $0.00
2, - CARDINAL HEALTH,1361,,,O,"$3,216.19 ",$0.00 ,5/9/2019,wbra,5/13/2019,wbra,796," - King UltraFlex 72"" breathing circuit"," - King UltraFlex 72"" breathing circuit",,ANESTHE ,8753F6121Z,,30/BX,$201.45 ,2,0,0,,17,Total Tx Amt. $0.00
2, - CARDINAL HEALTH,1361,,,O,"$3,216.19 ",$0.00 ,5/9/2019,wbra,5/13/2019,wbra,564, - ANES AIRWAY ORAL 100MM RED, - ANES AIRWAY ORAL 100MM RED,16-2101G,ANESTHE ,1227100A,,10/BX,$9.82 ,2,0,0,,17,Total Tx Amt. $0.00
2, - CARDINAL HEALTH,1361,,,O,"$3,216.19 ",$0.00 ,5/9/2019,wbra,5/13/2019,wbra,619," - ANES, AIRWAY ORAL 90MM YELLOW"," - ANES, AIRWAY ORAL 90MM YELLOW",122790A,ANESTHE ,122790A,,10/BX,$9.82 ,2,0,0,,17,Total Tx Amt. $0.00
2, - CARDINAL HEALTH,1361,,,O,"$3,216.19 ",$0.00 ,5/9/2019,wbra,5/13/2019,wbra,101, - GLOVE PROTEXIS PI 7 LATEX FREE, - GLOVE PROTEXIS PI 7 LATEX FREE,2D72PT70X,GENERAL ,2D72PT70X,,50/BX,$89.45 ,1,0,0,,17,Total Tx Amt. $0.00
2, - CARDINAL HEALTH,1361,,,O,"$3,216.19 ",$0.00 ,5/9/2019,wbra,5/13/2019,wbra,102, - GLOVE PROTEXIS PI 7.5 LATEX FREE, - GLOVE PROTEXIS PI 7.5 LATEX FREE,2D72PT75X,GENERAL ,2D72PT75X,,50/BX,$89.45 ,2,0,0,,17,Total Tx Amt. $0.00
2, - CARDINAL HEALTH,1361,,,O,"$3,216.19 ",$0.00 ,5/9/2019,wbra,5/13/2019,wbra,99, - GLOVE PROTEXIS PI 6 LATEX FREE, - GLOVE PROTEXIS PI 6 LATEX FREE,2D72PT60X,GENERAL ,2D72PT60X,,50/BX,$89.45 ,1,0,0,,17,Total Tx Amt. $0.00
2, - CARDINAL HEALTH,1361,,,O,"$3,216.19 ",$0.00 ,5/9/2019,wbra,5/13/2019,wbra,100, - GLOVE PROTEXIS PI 6.5 LATEX FREE, - GLOVE PROTEXIS PI 6.5 LATEX FREE,2D72PT65X,GENERAL ,2D72PT65X,,50/BX,$89.45 ,1,0,0,,17,Total Tx Amt. $0.00
2, - CARDINAL HEALTH,1361,,,O,"$3,216.19 ",$0.00 ,5/9/2019,wbra,5/13/2019,wbra,103, - GLOVE PROTEXIS PI 8 LATEX FREE, - GLOVE PROTEXIS PI 8 LATEX FREE,2D72PT80X,GENERAL ,2D72PT80X,,50/BX,$89.45 ,1,0,0,,17,Total Tx Amt. $0.00
2, - CARDINAL HEALTH,1361,,,O,"$3,216.19 ",$0.00 ,5/9/2019,wbra,5/13/2019,wbra,105, - GLOVE PROTEXIS PI 9 LATEX FREE, - GLOVE PROTEXIS PI 9 LATEX FREE,2D72PT90X,GENERAL ,2D72PT90X,,50/BX,$89.45 ,1,0,0,items 9 thru 13 placed on a verbal order with Marie for delv. Monday 5-12 before 10:30am,17,Total Tx Amt. $0.00
2, - CARDINAL HEALTH,1361,,,O,"$3,216.19 ",$0.00 ,5/9/2019,wbra,5/13/2019,wbra,31, - DRAPE CYSTO PACK, - DRAPE CYSTO PACK,SPP99CY1AA,DRAPE   ,SPP99CY1AA,,6/CS,$118.62 ,3,0,0,,17,Total Tx Amt. $0.00
2, - CARDINAL HEALTH,1361,,,O,"$3,216.19 ",$0.00 ,5/9/2019,wbra,5/13/2019,wbra,604," - SURGICAL CAP, BOUFANT"," - SURGICAL CAP, BOUFANT",3274,GLV/MSK ,3274,,10/CS,$62.15 ,1,0,0,,17,Total Tx Amt. $0.00
4, - COOK MEDICAL,1362,,,O,"$1,413.90 ",$0.00 ,5/9/2019,wbra,5/9/2019,wbra,459, - COOK URETERAL STENT FIRM UNIVERSA, - COOK URETERAL STENT FIRM UNIVERSA,G23406,GENERAL ,G23406,,EA,$49.50 ,6,0,0,,4,Total Tx Amt. $0.00
4, - COOK MEDICAL,1362,,,O,"$1,413.90 ",$0.00 ,5/9/2019,wbra,5/9/2019,wbra,458, - COOK URETERAL STENT FIRM UNIVERSA, - COOK URETERAL STENT FIRM UNIVERSA,G23405,GENERAL ,G23405,,EA,$49.50 ,4,0,0,,4,Total Tx Amt. $0.00
4, - COOK MEDICAL,1362,,,O,"$1,413.90 ",$0.00 ,5/9/2019,wbra,5/9/2019,wbra,941, - COOK KWART RETRO-INJECT URETERAL STENT 6 x 24, - COOK KWART RETRO-INJECT URETERAL STENT 6 x 24,G14886,GENERAL ,G14886,,EA,$99.45 ,2,0,0,,4,Total Tx Amt. $0.00
4, - COOK MEDICAL,1362,,,O,"$1,413.90 ",$0.00 ,5/9/2019,wbra,5/9/2019,wbra,440, - COOK WIRE GUIDE MOTION .035 STRAIGHT, - COOK WIRE GUIDE MOTION .035 STRAIGHT,G44846,GENERAL ,G44846,,5/BX,$240.00 ,3,0,0,,4,Total Tx Amt. $0.00
3, - BOSTON SCIENTIFIC,1363,,,O,"$2,091.60 ",$0.00 ,5/9/2019,wbra,5/9/2019,wbra,645," - BASKET, ZERO TIP 1.9FR X 120CM BOSTON"," - BASKET, ZERO TIP 1.9FR X 120CM BOSTON",M0063901050,GENERAL ,M0063901050,,EA,$348.60 ,6,0,0,,1,Total Tx Amt. $0.00
16, - OLYMPUS,1364,,,O,"$1,215.00 ",$0.00 ,5/9/2019,wbra,5/14/2019,wbra,528, - GLIDEWIRE 0.035 STR TIP STIFF OLYMPUS, - GLIDEWIRE 0.035 STR TIP STIFF OLYMPUS,UWS1035,GENERAL ,UWS1035,,5/BX,$405.00 ,3,0,0,,1,Total Tx Amt. $0.00
23, - COLOPLAST,1365,,,O,"$1,323.00 ",$0.00 ,5/9/2019,wbra,5/9/2019,wbra,656," - IMPLANT, TUTOPERICARDIUM 4X7"," - IMPLANT, TUTOPERICARDIUM 4X7",93-8247,GENERAL ,93-8247,,EA,"$1,323.00 ",1,0,0,,1,Total Tx Amt. $0.00
1, - MCKESSON,1366,,,O,"$2,074.57 ",$0.00 ,5/9/2019,wbra,5/10/2019,wbra,361, - BASIN URINE STRAINER, - BASIN URINE STRAINER,25-460,PACU    ,482530,,100/BX,$121.28 ,1,0,0,,14,Total Tx Amt. $0.00
1, - MCKESSON,1366,,,O,"$2,074.57 ",$0.00 ,5/9/2019,wbra,5/10/2019,wbra,127, - IV CATH INTROCAN 20X1, - IV CATH INTROCAN 20X1,629114,PACU    ,629114,,50/BX,$158.52 ,1,0,0,,14,Total Tx Amt. $0.00
1, - MCKESSON,1366,,,O,"$2,074.57 ",$0.00 ,5/9/2019,wbra,5/10/2019,wbra,140, - FLUID NACL 3000ML, - FLUID NACL 3000ML,230132,GENERAL ,230132,,4/CS,$34.32 ,6,0,0,,14,Total Tx Amt. $0.00
1, - MCKESSON,1366,,,O,"$2,074.57 ",$0.00 ,5/9/2019,wbra,5/10/2019,wbra,148, - FLUID WATER 500ML BOTTLE, - FLUID WATER 500ML BOTTLE,161730,GENERAL ,14045,,12/CS,$26.72 ,1,0,0,,14,Total Tx Amt. $0.00
1, - MCKESSON,1366,,,O,"$2,074.57 ",$0.00 ,5/9/2019,wbra,5/10/2019,wbra,726," - SUPP, Y TUBING"," - SUPP, Y TUBING",2C4005,GENERAL ,200390,,12/BX,$121.28 ,1,0,0,,14,Total Tx Amt. $0.00
1, - MCKESSON,1366,,,O,"$2,074.57 ",$0.00 ,5/9/2019,wbra,5/10/2019,wbra,942, - Bandage Scissors, - Bandage Scissors,1094561,GENERAL ,1094561,,12/BX,$7.54 ,1,0,0,,14,Total Tx Amt. $0.00
1, - MCKESSON,1366,,,O,"$2,074.57 ",$0.00 ,5/9/2019,wbra,5/10/2019,wbra,633," - TUBING, SUCTION NS BUBBLE"," - TUBING, SUCTION NS BUBBLE",8888280412,GLV/MSK ,161266,,1/CS,$13.84 ,6,0,0,,14,Total Tx Amt. $0.00
1, - MCKESSON,1366,,,O,"$2,074.57 ",$0.00 ,5/9/2019,wbra,5/10/2019,wbra,726," - SUPP, Y TUBING"," - SUPP, Y TUBING",2C4005,GENERAL ,200390,,12/BX,$121.28 ,2,0,0,,14,Total Tx Amt. $0.00
1, - MCKESSON,1366,,,O,"$2,074.57 ",$0.00 ,5/9/2019,wbra,5/10/2019,wbra,168, - MED DECADRON 4MG/ML 1ML, - MED DECADRON 4MG/ML 1ML,63323016501,ANESTHE ,550541,,25/BX,$73.85 ,1,0,0,,14,Total Tx Amt. $0.00
1, - MCKESSON,1366,,,O,"$2,074.57 ",$0.00 ,5/9/2019,wbra,5/10/2019,wbra,710," - SUPP, NASAL CAN GAS SAMPLE 7'"," - SUPP, NASAL CAN GAS SAMPLE 7'",999489,ANESTHE ,999489,,25/CS,$42.19 ,4,0,0,,14,Total Tx Amt. $0.00
1, - MCKESSON,1366,,,O,"$2,074.57 ",$0.00 ,5/9/2019,wbra,5/10/2019,wbra,229, - NDL HYPO 18X1.5, - NDL HYPO 18X1.5,1031789,IVS     ,1031789,,100/BX,$2.80 ,4,0,0,,14,Total Tx Amt. $0.00
1, - MCKESSON,1366,,,O,"$2,074.57 ",$0.00 ,5/9/2019,wbra,5/10/2019,wbra,770," - liner, trash can 60 gal roll"," - liner, trash can 60 gal roll",980394,HSKPNG  ,980394,,20/CS,$27.84 ,2,0,0,,14,Total Tx Amt. $0.00
1, - MCKESSON,1366,,,O,"$2,074.57 ",$0.00 ,5/9/2019,wbra,5/10/2019,wbra,207, - MED ZOFRAN 2ML, - MED ZOFRAN 2ML,1113028,IVSUPPLY,1113028,,25/CT,$13.91 ,2,0,0,,14,Total Tx Amt. $0.00
1, - MCKESSON,1366,,,O,"$2,074.57 ",$0.00 ,5/9/2019,wbra,5/10/2019,wbra,699," - MED, SEVOFLURANE INHAL"," - MED, SEVOFLURANE INHAL",6679401525,MEDS    ,779244,,EA,$128.40 ,6,0,0,,14,Total Tx Amt. $0.00
15, - TELEFLEX/ARROW,1367,,,O,$540.00 ,$0.00 ,5/10/2019,wbra,5/10/2019,wbra,518, - ANES LMA 4 UNIQUE, - ANES LMA 4 UNIQUE,105200-000040,ANESTHE ,105200-000040,,10/BX,$135.00 ,4,0,0,,1,Total Tx Amt. $0.00
24, - CIVCO,1368,,,O,$973.00 ,$0.00 ,5/10/2019,wbra,5/10/2019,wbra,611," - BRACHY, TEMPLATE GRID"," - BRACHY, TEMPLATE GRID",610-905,GENERAL ,610-905,,5/BX,$287.00 ,2,0,0,,2,Total Tx Amt. $0.00
24, - CIVCO,1368,,,O,$973.00 ,$0.00 ,5/10/2019,wbra,5/10/2019,wbra,610," - BRACHY, ENDOCAVITY BALLOON"," - BRACHY, ENDOCAVITY BALLOON",610-898,GENERAL ,610-898,,10/BX,$399.00 ,1,0,0,,2,Total Tx Amt. $0.00
3, - BOSTON SCIENTIFIC,1369,,,O,"$14,216.01 ",$0.00 ,5/10/2019,wbra,5/10/2019,wbra,943," - Impl, SKW Deep Scrotal retraction System"," - Impl, SKW Deep Scrotal retraction System",72403867,GENERAL ,72403867,,EA,$421.00 ,1,0,0,,5,Total Tx Amt. $0.00
3, - BOSTON SCIENTIFIC,1369,,,O,"$14,216.01 ",$0.00 ,5/10/2019,wbra,5/10/2019,wbra,944," - Impl, AMS 700 CX MS Pump"," - Impl, AMS 700 CX MS Pump",72404231,GENERAL ,72404233-12,,EA,"$10,305.00 ",1,0,0,,5,Total Tx Amt. $0.00
3, - BOSTON SCIENTIFIC,1369,,,O,"$14,216.01 ",$0.00 ,5/10/2019,wbra,5/10/2019,wbra,945," - AMS 700 Reservoir, IZ"," - AMS 700 Reservoir, IZ",72404156,GENERAL ,72404156,,EA,"$2,630.00 ",1,0,0,,5,Total Tx Amt. $0.00
3, - BOSTON SCIENTIFIC,1369,,,O,"$14,216.01 ",$0.00 ,5/10/2019,wbra,5/10/2019,wbra,946," - Impl, 1.5 Cm"," - Impl, 1.5 Cm",72404330,GENERAL ,72404156,,EA,$0.01 ,1,0,0,,5,Total Tx Amt. $0.00
3, - BOSTON SCIENTIFIC,1369,,,O,"$14,216.01 ",$0.00 ,5/10/2019,wbra,5/10/2019,wbra,947, - AMS Accessory Kit, - AMS Accessory Kit,72401850,GENERAL ,72401850,,EA,$860.00 ,1,0,0,,5,Total Tx Amt. $0.00
3, - BOSTON SCIENTIFIC,1370,,,O,"$4,323.33 ",$0.00 ,5/10/2019,wbra,5/14/2019,wbra,598, - 8/10 DILATOR/SHEATH SET, - 8/10 DILATOR/SHEATH SET,M0062601200,GENERAL ,M0062601200,,EA,$86.88 ,6,0,0,,2,Total Tx Amt. $0.00
3, - BOSTON SCIENTIFIC,1370,,,O,"$4,323.33 ",$0.00 ,5/10/2019,wbra,5/14/2019,wbra,562, - BASKET STONE NITINOL ESCAPE 1.9FR X 120CM, - BASKET STONE NITINOL ESCAPE 1.9FR X 120CM,M0063902010,GENERAL ,M0063902010,,EA,$422.45 ,9,0,0,,2,Total Tx Amt. $0.00
4, - COOK MEDICAL,1371,,,O,"$4,466.38 ",$0.00 ,5/10/2019,wbra,5/10/2019,wbra,746, - Catheter Dual Lumen 10Fr, - Catheter Dual Lumen 10Fr,G17330,,G17330,,EA,$39.82 ,5,0,0,,12,Total Tx Amt. $0.00
4, - COOK MEDICAL,1371,,,O,"$4,466.38 ",$0.00 ,5/10/2019,wbra,5/10/2019,wbra,433, - COOK ACCESS SHEATH URETERAL 12FR 35CM, - COOK ACCESS SHEATH URETERAL 12FR 35CM,G19168,GENERAL ,G19168,,EA,$113.55 ,4,0,0,,12,Total Tx Amt. $0.00
4, - COOK MEDICAL,1371,,,O,"$4,466.38 ",$0.00 ,5/10/2019,wbra,5/10/2019,wbra,658," - SUPP, COOK AQ URETERAL DILATOR"," - SUPP, COOK AQ URETERAL DILATOR",G17636,GENERAL ,G17636,,EA,$19.55 ,5,0,0,,12,Total Tx Amt. $0.00
4, - COOK MEDICAL,1371,,,O,"$4,466.38 ",$0.00 ,5/10/2019,wbra,5/10/2019,wbra,432, - COOK ACCESS SHEATH URETERAL 14FR 35CM, - COOK ACCESS SHEATH URETERAL 14FR 35CM,G30389,GENERAL ,G30389,,EA,$113.55 ,2,0,0,,12,Total Tx Amt. $0.00
4, - COOK MEDICAL,1371,,,O,"$4,466.38 ",$0.00 ,5/10/2019,wbra,5/10/2019,wbra,437, - COOK ACCESS CATH URETERAL DUAL 6FR, - COOK ACCESS CATH URETERAL DUAL 6FR,G17145,GENERAL ,G17145,,EA,$0.00 ,8,0,0,,12,Total Tx Amt. $0.00
4, - COOK MEDICAL,1371,,,O,"$4,466.38 ",$0.00 ,5/10/2019,wbra,5/10/2019,wbra,440, - COOK WIRE GUIDE MOTION .035 STRAIGHT, - COOK WIRE GUIDE MOTION .035 STRAIGHT,G44846,GENERAL ,G44846,,5/BX,$240.00 ,8,0,0,,12,Total Tx Amt. $0.00
4, - COOK MEDICAL,1371,,,O,"$4,466.38 ",$0.00 ,5/10/2019,wbra,5/10/2019,wbra,465, - COOK OPEN-END URETERAL CATH 5Fr, - COOK OPEN-END URETERAL CATH 5Fr,G14274,GENERAL ,G14274,,10/BX,$90.64 ,4,0,0,,12,Total Tx Amt. $0.00
4, - COOK MEDICAL,1371,,,O,"$4,466.38 ",$0.00 ,5/10/2019,wbra,5/10/2019,wbra,747, - S-Curved Uretheral Dilator Set, - S-Curved Uretheral Dilator Set,G32789,,G32789,,EA,$173.64 ,3,0,0,,12,Total Tx Amt. $0.00
4, - COOK MEDICAL,1371,,,O,"$4,466.38 ",$0.00 ,5/10/2019,wbra,5/10/2019,wbra,459, - COOK URETERAL STENT FIRM UNIVERSA, - COOK URETERAL STENT FIRM UNIVERSA,G23406,GENERAL ,G23406,,EA,$49.50 ,5,0,0,,12,Total Tx Amt. $0.00
4, - COOK MEDICAL,1371,,,O,"$4,466.38 ",$0.00 ,5/10/2019,wbra,5/10/2019,wbra,458, - COOK URETERAL STENT FIRM UNIVERSA, - COOK URETERAL STENT FIRM UNIVERSA,G23405,GENERAL ,G23405,,EA,$49.50 ,4,0,0,,12,Total Tx Amt. $0.00
4, - COOK MEDICAL,1371,,,O,"$4,466.38 ",$0.00 ,5/10/2019,wbra,5/10/2019,wbra,599, - URETERAL CATH SET ANGLE TIP, - URETERAL CATH SET ANGLE TIP,G14587,GENERAL ,G14587,,EA,$28.05 ,5,0,0,,12,Total Tx Amt. $0.00
4, - COOK MEDICAL,1371,,,O,"$4,466.38 ",$0.00 ,5/10/2019,wbra,5/10/2019,wbra,949, - Cook Ureteral Stent firm universal 7 fr x 28 cm, - Cook Ureteral Stent firm universal 7 fr x 28 cm,G23417,GENERAL ,G23417,,EA,$49.50 ,2,0,0,,12,Total Tx Amt. $0.00
17, - HEALTHTRONICS MOBILE SOLUTIONS,1372,,,O,"$1,500.00 ",$0.00 ,5/10/2019,wbra,5/13/2019,wbra,529, - LASER FIBER HO 200 SINGLE USE, - LASER FIBER HO 200 SINGLE USE,95193,GENERAL ,95193,,EA,$125.00 ,6,0,0,,2,Total Tx Amt. $0.00
17, - HEALTHTRONICS MOBILE SOLUTIONS,1372,,,O,"$1,500.00 ",$0.00 ,5/10/2019,wbra,5/13/2019,wbra,530, - LASER FIBER HO 272 SINGLE USE, - LASER FIBER HO 272 SINGLE USE,95448,GENERAL ,95448,,EA,$125.00 ,6,0,0,,2,Total Tx Amt. $0.00
2, - CARDINAL HEALTH,1373,,,O,$185.83 ,$0.00 ,5/13/2019,wbra,5/13/2019,wbra,, - Monoject PreFill IV Flush Sodium Chloride, - Monoject PreFill IV Flush Sodium Chloride,,,,,1/BX,$11.51 ,3,0,0,,4,Total Tx Amt. $0.00
2, - CARDINAL HEALTH,1373,,,O,$185.83 ,$0.00 ,5/13/2019,wbra,5/13/2019,wbra,415, - SYRINGE TOOMEY, - SYRINGE TOOMEY,38460,GENERAL ,DC3846,,50/BX,$77.47 ,1,0,0,,4,Total Tx Amt. $0.00
2, - CARDINAL HEALTH,1373,,,O,$185.83 ,$0.00 ,5/13/2019,wbra,5/13/2019,wbra,," - Kitchen, Coffee Cups"," - Kitchen, Coffee Cups",,,,,1/cs,$61.83 ,1,0,0,,4,Total Tx Amt. $0.00
2, - CARDINAL HEALTH,1373,,,O,$185.83 ,$0.00 ,5/13/2019,wbra,5/13/2019,wbra,," - Kitchen, Spoons Vendor P/N 730273"," - Kitchen, Spoons Vendor P/N 730273",,,,,1/CS,$12.00 ,1,0,0,,4,Total Tx Amt. $0.00
21, - BK Medical,1374,,,O,$885.00 ,$0.00 ,5/13/2019,wbra,5/14/2019,wbra,723," - SUPP, ULTRASOUND GUIDE, BK"," - SUPP, ULTRASOUND GUIDE, BK",UA1322-S,GENERAL ,UA1322-S,,18/CS,$295.00 ,3,0,0,faxed,1,Total Tx Amt. $0.00
1, - MCKESSON,1375,,,O,$389.27 ,$0.00 ,5/13/2019,wbra,5/13/2019,wbra,289, - BASIN URINAL 1QT, - BASIN URINAL 1QT,1020361,,1020361,,48/CS,$26.68 ,1,0,0,,7,Total Tx Amt. $0.00
1, - MCKESSON,1375,,,O,$389.27 ,$0.00 ,5/13/2019,wbra,5/13/2019,wbra,767, - Monoject PreFill IV Flush Sodium Chloride, - Monoject PreFill IV Flush Sodium Chloride,8881570121,GENERAL ,472080,,1/BT,$11.51 ,3,0,0,,7,Total Tx Amt. $0.00
1, - MCKESSON,1375,,,O,$389.27 ,$0.00 ,5/13/2019,wbra,5/13/2019,wbra,874," - Kitchen, Coffee Cups"," - Kitchen, Coffee Cups",1002351,GENERAL ,1002351,,1/CS,$61.83 ,1,0,0,,7,Total Tx Amt. $0.00
1, - MCKESSON,1375,,,O,$389.27 ,$0.00 ,5/13/2019,wbra,5/13/2019,wbra,876," - Kitchen, Spoons"," - Kitchen, Spoons",730273,GENERAL ,730273,,1/CS,$12.00 ,1,0,0,,7,Total Tx Amt. $0.00
1, - MCKESSON,1375,,,O,$389.27 ,$0.00 ,5/13/2019,wbra,5/13/2019,wbra,415, - SYRINGE TOOMEY, - SYRINGE TOOMEY,38460,GENERAL ,13279,,50/BX,$77.47 ,1,0,0,,7,Total Tx Amt. $0.00
1, - MCKESSON,1375,,,O,$389.27 ,$0.00 ,5/13/2019,wbra,5/13/2019,wbra,140, - FLUID NACL 3000ML, - FLUID NACL 3000ML,230132,GENERAL ,230132,,4/CS,$34.32 ,4,0,0,,7,Total Tx Amt. $0.00
1, - MCKESSON,1375,,,O,$389.27 ,$0.00 ,5/13/2019,wbra,5/13/2019,wbra,141, - FLUID NACL 500ML, - FLUID NACL 500ML,467132,GENERAL ,467132,,18/CS,$39.48 ,1,0,0,,7,Total Tx Amt. $0.00
33, - MEDTRONIC,1376,,,O,"$1,210.00 ",$0.00 ,5/13/2019,wbra,5/13/2019,wbra,841, - Interstim Test Stimulation Lead Kit, - Interstim Test Stimulation Lead Kit,309101,GENERAL ,309101,,EA,$80.00 ,2,0,0,,2,Total Tx Amt. $0.00
33, - MEDTRONIC,1376,,,O,"$1,210.00 ",$0.00 ,5/13/2019,wbra,5/13/2019,wbra,736," - IMP, INTERSTIM TEST STIM 353101"," - IMP, INTERSTIM TEST STIM 353101",353101,GENERAL ,353101,,EA,$350.00 ,3,0,0,,2,Total Tx Amt. $0.00
1, - MCKESSON,1377,,,O,$201.58 ,$0.00 ,5/13/2019,wbra,5/14/2019,wbra,420, - SYRINGE LL 10ML, - SYRINGE LL 10ML,1031801,,1031801,,100/BX,$7.50 ,1,0,0,,6,Total Tx Amt. $0.00
1, - MCKESSON,1377,,,O,$201.58 ,$0.00 ,5/13/2019,wbra,5/14/2019,wbra,627," - DETERGENT, LOW SUDS INSTRUMENT"," - DETERGENT, LOW SUDS INSTRUMENT",53-28551,STRL PRO,484481,,4/BX,$83.61 ,1,0,0,,6,Total Tx Amt. $0.00
1, - MCKESSON,1377,,,O,$201.58 ,$0.00 ,5/13/2019,wbra,5/14/2019,wbra,745, - 3M Sterilization Indicator Strip comply Steam Chem, - 3M Sterilization Indicator Strip comply Steam Chem,1243ac,STRL PRO,134499,,1/BX,$19.50 ,2,0,0,,6,Total Tx Amt. $0.00
1, - MCKESSON,1377,,,O,$201.58 ,$0.00 ,5/13/2019,wbra,5/14/2019,wbra,109, - LYSOL AIR FRESHENER, - LYSOL AIR FRESHENER,639579,GENERAL ,639579,,EA,$8.25 ,5,0,0,,6,Total Tx Amt. $0.00
1, - MCKESSON,1377,,,O,$201.58 ,$0.00 ,5/13/2019,wbra,5/14/2019,wbra,766, - Probe cover Exercen, - Probe cover Exercen,134205,PACU    ,517664,,250/BG,$13.55 ,1,0,0,,6,Total Tx Amt. $0.00
1, - MCKESSON,1377,,,O,$201.58 ,$0.00 ,5/13/2019,wbra,5/14/2019,wbra,875," - Kitchen, Forks"," - Kitchen, Forks",DIXPFM21,GENERAL ,547574,,1/CS,$16.67 ,1,0,0,,6,Total Tx Amt. $0.00
3, - BOSTON SCIENTIFIC,1378,,,O,"$2,788.80 ",$0.00 ,5/14/2019,wbra,5/14/2019,wbra,645," - BASKET, ZERO TIP 1.9FR X 120CM BOSTON"," - BASKET, ZERO TIP 1.9FR X 120CM BOSTON",M0063901050,GENERAL ,M0063901050,,EA,$348.60 ,8,0,0,,1,Total Tx Amt. $0.00
14, - BARD,1379,,,O,$206.61 ,$0.00 ,5/14/2019,wbra,5/20/2019,wbra,, - Scope repair for 8667.911, - Scope repair for 8667.911,,,,,EA,$206.60 ,1,0,0,,2,Total Tx Amt. $0.00
14, - BARD,1379,,,O,$206.61 ,$0.00 ,5/14/2019,wbra,5/20/2019,wbra,, - Flexible ureteral scope repair item 7375.077, - Flexible ureteral scope repair item 7375.077,,,,,ea,$0.01 ,1,0,0,,2,Total Tx Amt. $0.00
8, - STERIS,1380,,,O,$587.50 ,$0.00 ,5/14/2019,wbra,5/14/2019,wbra,523, - STERIS CELERITY 20HP BI, - STERIS CELERITY 20HP BI,LCB044,STRL PRO,LCB044,,25/BX,$293.75 ,2,0,0,,1,Total Tx Amt. $0.00
19, - STRAND DX,1381,,,O,$0.04 ,$0.00 ,5/14/2019,wbra,5/14/2019,wbra,563," - BIOPSY KIT, KNOW ERROR"," - BIOPSY KIT, KNOW ERROR",KIT,GENERAL ,KIT,,12/BX,$0.01 ,4,0,0,,1,Total Tx Amt. $0.00
1, - MCKESSON,1382,,,O,$820.88 ,$0.00 ,5/14/2019,wbra,5/20/2019,wbra,710," - SUPP, NASAL CAN GAS SAMPLE 7'"," - SUPP, NASAL CAN GAS SAMPLE 7'",999489,ANESTHE ,999489,,25/CS,$42.19 ,2,0,0,,12,Total Tx Amt. $0.00
1, - MCKESSON,1382,,,O,$820.88 ,$0.00 ,5/14/2019,wbra,5/20/2019,wbra,211, - MED PROPOFOL 20ML, - MED PROPOFOL 20ML,989562,IVSUPPLY,989562,,25/BX,$56.86 ,4,0,0,,12,Total Tx Amt. $0.00
1, - MCKESSON,1382,,,O,$820.88 ,$0.00 ,5/14/2019,wbra,5/20/2019,wbra,833," - Mask, Anes size 6 Adult Elongated"," - Mask, Anes size 6 Adult Elongated",854706,ANESTHE ,854706,,30/BX,$46.88 ,2,0,0,,12,Total Tx Amt. $0.00
1, - MCKESSON,1382,,,O,$820.88 ,$0.00 ,5/14/2019,wbra,5/20/2019,wbra,955," - Meds, Attopine Sulfate 0.4mg/ml SDV 1 ml"," - Meds, Attopine Sulfate 0.4mg/ml SDV 1 ml",926839,MEDS    ,926839,,25/BX,$127.74 ,1,0,0,,12,Total Tx Amt. $0.00
1, - MCKESSON,1382,,,O,$820.88 ,$0.00 ,5/14/2019,wbra,5/20/2019,wbra,956," - Meds, Epinephrine ABJT 0.1mg/ml 10mg syringe"," - Meds, Epinephrine ABJT 0.1mg/ml 10mg syringe",286280,MEDS    ,286280,,10/BX,$53.52 ,1,0,0,,12,Total Tx Amt. $0.00
1, - MCKESSON,1382,,,O,$820.88 ,$0.00 ,5/14/2019,wbra,5/20/2019,wbra,711," - DRSG, RESERVOIR SILICONE 100ML"," - DRSG, RESERVOIR SILICONE 100ML",19-322160,DRESSING,491269,,10/CS,$53.00 ,1,0,0,,12,Total Tx Amt. $0.00
1, - MCKESSON,1382,,,O,$820.88 ,$0.00 ,5/14/2019,wbra,5/20/2019,wbra,418, - SYRINGE LL 60ML NS, - SYRINGE LL 60ML NS,102-S60C,,869662,,25/CT,$8.29 ,1,0,0,,12,Total Tx Amt. $0.00
1, - MCKESSON,1382,,,O,$820.88 ,$0.00 ,5/14/2019,wbra,5/20/2019,wbra,715," - CATH, TUBE HOLDER, FOLEY"," - CATH, TUBE HOLDER, FOLEY",1107740,DRESSING,1107740,,10/BX,$38.49 ,2,0,0,,12,Total Tx Amt. $0.00
1, - MCKESSON,1382,,,O,$820.88 ,$0.00 ,5/14/2019,wbra,5/20/2019,wbra,229, - NDL HYPO 18X1.5, - NDL HYPO 18X1.5,1031789,IVS     ,1031789,,100/BX,$2.80 ,3,0,0,,12,Total Tx Amt. $0.00
1, - MCKESSON,1382,,,O,$820.88 ,$0.00 ,5/14/2019,wbra,5/20/2019,wbra,123, - TOWEL PAPER C-FOLD, - TOWEL PAPER C-FOLD,1040599,GENERAL ,1040599,,1/CS,$18.08 ,2,0,0,,12,Total Tx Amt. $0.00
1, - MCKESSON,1382,,,O,$820.88 ,$0.00 ,5/14/2019,wbra,5/20/2019,wbra,119, - TISSUE TOILET WHT, - TISSUE TOILET WHT,1045390,HSKPNG  ,1045390,,96/CS,$41.56 ,1,0,0,,12,Total Tx Amt. $0.00
1, - MCKESSON,1382,,,O,$820.88 ,$0.00 ,5/14/2019,wbra,5/20/2019,wbra,158, - MED BACI OINT, - MED BACI OINT,867537,GLV/MSK ,867537,,100/BX,$9.65 ,1,0,0,,12,Total Tx Amt. $0.00
2, - CARDINAL HEALTH,1383,,,O,"$2,931.86 ",$0.00 ,5/14/2019,wbra,5/20/2019,wbra,670," - ANES, AIRWAY, LMA IGEL 4"," - ANES, AIRWAY, LMA IGEL 4",8204000,ANESTHE ,I8204,,25/CS,$545.54 ,2,0,0,,13,Total Tx Amt. $0.00
2, - CARDINAL HEALTH,1383,,,O,"$2,931.86 ",$0.00 ,5/14/2019,wbra,5/20/2019,wbra,619," - ANES, AIRWAY ORAL 90MM YELLOW"," - ANES, AIRWAY ORAL 90MM YELLOW",122790A,ANESTHE ,122790A,,10/BX,$9.82 ,2,0,0,,13,Total Tx Amt. $0.00
2, - CARDINAL HEALTH,1383,,,O,"$2,931.86 ",$0.00 ,5/14/2019,wbra,5/20/2019,wbra,564, - ANES AIRWAY ORAL 100MM RED, - ANES AIRWAY ORAL 100MM RED,16-2101G,ANESTHE ,1227100A,,10/BX,$9.82 ,2,0,0,,13,Total Tx Amt. $0.00
2, - CARDINAL HEALTH,1383,,,O,"$2,931.86 ",$0.00 ,5/14/2019,wbra,5/20/2019,wbra,71, - GLOVE EXAM SMALL NITRILE, - GLOVE EXAM SMALL NITRILE,88TN02S,GENERAL ,88TN02S,,10/CS,$87.80 ,1,0,0,,13,Total Tx Amt. $0.00
2, - CARDINAL HEALTH,1383,,,O,"$2,931.86 ",$0.00 ,5/14/2019,wbra,5/20/2019,wbra,74, - GLOVE EXAM MEDIUM NITRILE, - GLOVE EXAM MEDIUM NITRILE,88TN03M,GENERAL ,88TN03M,,1/CS,$87.80 ,1,0,0,,13,Total Tx Amt. $0.00
2, - CARDINAL HEALTH,1383,,,O,"$2,931.86 ",$0.00 ,5/14/2019,wbra,5/20/2019,wbra,70, - GLOVE EXAM LARGE NITRILE, - GLOVE EXAM LARGE NITRILE,88TN04L,GENERAL ,,,10/CS,$79.60 ,1,0,0,,13,Total Tx Amt. $0.00
2, - CARDINAL HEALTH,1383,,,O,"$2,931.86 ",$0.00 ,5/14/2019,wbra,5/20/2019,wbra,298, - PREP TRAY IODINE STERILE, - PREP TRAY IODINE STERILE,Nov-08,,Nov-08,,20/CS,$77.40 ,1,0,0,,13,Total Tx Amt. $0.00
2, - CARDINAL HEALTH,1383,,,O,"$2,931.86 ",$0.00 ,5/14/2019,wbra,5/20/2019,wbra,31, - DRAPE CYSTO PACK, - DRAPE CYSTO PACK,SPP99CY1AA,DRAPE   ,SPP99CY1AA,,6/CS,$118.62 ,3,0,0,,13,Total Tx Amt. $0.00
2, - CARDINAL HEALTH,1383,,,O,"$2,931.86 ",$0.00 ,5/14/2019,wbra,5/20/2019,wbra,324, - WRAP DOUBLE LAYER 48X48, - WRAP DOUBLE LAYER 48X48,CH3G0048,,CH3G0048,,96/CS,$142.77 ,2,0,0,,13,Total Tx Amt. $0.00
2, - CARDINAL HEALTH,1383,,,O,"$2,931.86 ",$0.00 ,5/14/2019,wbra,5/20/2019,wbra,796," - King UltraFlex 72"" breathing circuit"," - King UltraFlex 72"" breathing circuit",,ANESTHE ,8753F6121Z,,30/BX,$199.55 ,2,0,0,,13,Total Tx Amt. $0.00
2, - CARDINAL HEALTH,1383,,,O,"$2,931.86 ",$0.00 ,5/14/2019,wbra,5/20/2019,wbra,739, - SafeDay IV Administration Set, - SafeDay IV Administration Set,352904,PACU    ,352899,,50/BX,$141.94 ,2,0,0,,13,Total Tx Amt. $0.00
2, - CARDINAL HEALTH,1383,,,O,"$2,931.86 ",$0.00 ,5/14/2019,wbra,5/20/2019,wbra,134, - IV START KIT, - IV START KIT,01-9000A,GENERAL ,01-9000A,,100/CS,$100.00 ,1,0,0,,13,Total Tx Amt. $0.00
2, - CARDINAL HEALTH,1383,,,O,"$2,931.86 ",$0.00 ,5/14/2019,wbra,5/20/2019,wbra,96, - SHOE COVER DURAFIT NON-SKID X-LARGE, - SHOE COVER DURAFIT NON-SKID X-LARGE,4854,GENERAL ,4854,,4/CS,$44.52 ,1,0,0,,13,Total Tx Amt. $0.00
2, - CARDINAL HEALTH,1384,,,O,"$1,179.14 ",$0.00 ,5/14/2019,wbra,5/15/2019,wbra,298, - PREP TRAY IODINE STERILE, - PREP TRAY IODINE STERILE,Nov-08,,Nov-08,,20/CS,$77.40 ,3,0,0,,9,Total Tx Amt. $0.00
2, - CARDINAL HEALTH,1384,,,O,"$1,179.14 ",$0.00 ,5/14/2019,wbra,5/15/2019,wbra,950," - Suture, Prolene 4-0 taper point 1/2 circle"," - Suture, Prolene 4-0 taper point 1/2 circle",8831H,SUTURE  ,8831H,,12/BX,$42.95 ,3,0,0,minimum order multiples of 3,9,Total Tx Amt. $0.00
2, - CARDINAL HEALTH,1384,,,O,"$1,179.14 ",$0.00 ,5/14/2019,wbra,5/15/2019,wbra,542, - DRP PACK MINOR PROCEDURE, - DRP PACK MINOR PROCEDURE,SPP99MN7AA,DRAPE   ,SPP99MN7AA,,4/CS,$92.00 ,3,0,0,,9,Total Tx Amt. $0.00
2, - CARDINAL HEALTH,1384,,,O,"$1,179.14 ",$0.00 ,5/14/2019,wbra,5/15/2019,wbra,281, - SOCK SLIPPER ADULT XL, - SOCK SLIPPER ADULT XL,68125-GRY,,68125-GRY,,48/BX,$33.01 ,2,0,0,,9,Total Tx Amt. $0.00
2, - CARDINAL HEALTH,1384,,,O,"$1,179.14 ",$0.00 ,5/14/2019,wbra,5/15/2019,wbra,603, - DISINFECT CAVICIDE 1 MIN SURFACE CLEANER, - DISINFECT CAVICIDE 1 MIN SURFACE CLEANER,13-5024,HSKPNG  ,13-5024,,12/CS,$56.23 ,1,0,0,,9,Total Tx Amt. $0.00
2, - CARDINAL HEALTH,1384,,,O,"$1,179.14 ",$0.00 ,5/14/2019,wbra,5/15/2019,wbra,422, - DISINFECT CAVIWIPE 1MIN, - DISINFECT CAVIWIPE 1MIN,MX13-1150,HSKPNG  ,MX13-1150,,12/BX,$64.95 ,1,0,0,,9,Total Tx Amt. $0.00
2, - CARDINAL HEALTH,1384,,,O,"$1,179.14 ",$0.00 ,5/14/2019,wbra,5/15/2019,wbra,347, - CAUTERY HANDHELD PUSH BUTTON HOLSTER, - CAUTERY HANDHELD PUSH BUTTON HOLSTER,E2516H,,E2516HA,,50/CS,$236.74 ,1,0,0,,9,Total Tx Amt. $0.00
2, - CARDINAL HEALTH,1384,,,O,"$1,179.14 ",$0.00 ,5/14/2019,wbra,5/15/2019,wbra,56, - GAUZE 4X4 STERILE TRAY, - GAUZE 4X4 STERILE TRAY,,DRESSING,C-SG4412ZS,,128/CS,$54.38 ,1,0,0,,9,Total Tx Amt. $0.00
2, - CARDINAL HEALTH,1384,,,O,"$1,179.14 ",$0.00 ,5/14/2019,wbra,5/15/2019,wbra,684," - GOWN, LG AAMI 4 SMART SLEEVE (LEVINE)"," - GOWN, LG AAMI 4 SMART SLEEVE (LEVINE)",9011,GENERAL ,9011,,20/CS,$63.77 ,1,0,0,,9,Total Tx Amt. $0.00
1, - MCKESSON,1385,,,O,$711.51 ,$0.00 ,5/14/2019,wbra,5/15/2019,wbra,632," - SHARPS, 18 GAL RED CONTAINER"," - SHARPS, 18 GAL RED CONTAINER",862336,HSKPNG  ,862336,,EA,$16.26 ,4,0,0,,11,Total Tx Amt. $0.00
1, - MCKESSON,1385,,,O,$711.51 ,$0.00 ,5/14/2019,wbra,5/15/2019,wbra,303, - GOWN APRON 38X46 WHT NS, - GOWN APRON 38X46 WHT NS,688686,GENERAL ,688686,,100/BX,$16.13 ,1,0,0,,11,Total Tx Amt. $0.00
1, - MCKESSON,1385,,,O,$711.51 ,$0.00 ,5/14/2019,wbra,5/15/2019,wbra,142, - FLUID NACL 1000ML, - FLUID NACL 1000ML,515490,GENERAL ,515490,,14/CS,$29.99 ,1,0,0,,11,Total Tx Amt. $0.00
1, - MCKESSON,1385,,,O,$711.51 ,$0.00 ,5/14/2019,wbra,5/15/2019,wbra,141, - FLUID NACL 500ML, - FLUID NACL 500ML,467132,GENERAL ,467132,,18/CS,$39.48 ,1,0,0,,11,Total Tx Amt. $0.00
1, - MCKESSON,1385,,,O,$711.51 ,$0.00 ,5/14/2019,wbra,5/15/2019,wbra,228, - NDL CHIBA 20G, - NDL CHIBA 20G,CNM-2008,IVSUPPLY,629155,,10/BX,$81.23 ,4,0,0,,11,Total Tx Amt. $0.00
1, - MCKESSON,1385,,,O,$711.51 ,$0.00 ,5/14/2019,wbra,5/15/2019,wbra,148, - FLUID WATER 500ML BOTTLE, - FLUID WATER 500ML BOTTLE,161730,GENERAL ,14045,,12/CS,$26.72 ,1,0,0,,11,Total Tx Amt. $0.00
1, - MCKESSON,1385,,,O,$711.51 ,$0.00 ,5/14/2019,wbra,5/15/2019,wbra,952," - Kitchen, Paper Plates"," - Kitchen, Paper Plates",992735,GENERAL ,992735,,1/CS,$36.90 ,1,0,0,,11,Total Tx Amt. $0.00
1, - MCKESSON,1385,,,O,$711.51 ,$0.00 ,5/14/2019,wbra,5/15/2019,wbra,145, - IV STOPCOCK 3 WAY, - IV STOPCOCK 3 WAY,180938,GENERAL ,180938,,100/CS,$64.53 ,1,0,0,,11,Total Tx Amt. $0.00
1, - MCKESSON,1385,,,O,$711.51 ,$0.00 ,5/14/2019,wbra,5/15/2019,wbra,260, - BAND ID PATIENT WHT, - BAND ID PATIENT WHT,WBSHDA-9,MEDS    ,971355,,1/CS,$41.85 ,1,0,0,,11,Total Tx Amt. $0.00
1, - MCKESSON,1385,,,O,$711.51 ,$0.00 ,5/14/2019,wbra,5/15/2019,wbra,953," - Kitchen, paper 12 oz bowls"," - Kitchen, paper 12 oz bowls",964700,GENERAL ,964700,,EA,$56.35 ,1,0,0,,11,Total Tx Amt. $0.00
1, - MCKESSON,1385,,,O,$711.51 ,$0.00 ,5/14/2019,wbra,5/15/2019,wbra,954," - Kitchen, Dish Soap"," - Kitchen, Dish Soap",860763,GENERAL ,860763,,EA,$4.80 ,2,0,0,,11,Total Tx Amt. $0.00
13, - CARE FUSION,1386,,,O,$587.98 ,$0.00 ,5/15/2019,wbra,5/15/2019,wbra,884," - Scisors, Freeman-Gorney Rhytidectomy Supercut 7 1/"," - Scisors, Freeman-Gorney Rhytidectomy Supercut 7 1/",1110081,GENERAL ,1110081,,EA,$330.70 ,1,0,0,,2,Total Tx Amt. $0.00
13, - CARE FUSION,1386,,,O,$587.98 ,$0.00 ,5/15/2019,wbra,5/15/2019,wbra,951," - Forceps, Bonnie Tissue Forceps"," - Forceps, Bonnie Tissue Forceps",SU2542,GENERAL ,SU2542,,EA,$64.32 ,4,0,0,,2,Total Tx Amt. $0.00
14, - BARD,1387,,,O,$38.40 ,$0.00 ,5/15/2019,wbra,5/15/2019,wbra,749, - Foley Catheter 16 Fr 5cc Lubricious Coated, - Foley Catheter 16 Fr 5cc Lubricious Coated,0165L16,,0165L16,,12/BX,$38.40 ,1,0,0,,1,Total Tx Amt. $0.00
4, - COOK MEDICAL,1388,,,O,$346.50 ,$0.00 ,5/15/2019,wbra,5/15/2019,wbra,468, - COOK URETERAL STENT UNIVERSA FIRM 6X22, - COOK URETERAL STENT UNIVERSA FIRM 6X22,G23404,GENERAL ,G23404,,EA,$49.50 ,3,0,0,,2,Total Tx Amt. $0.00
4, - COOK MEDICAL,1388,,,O,$346.50 ,$0.00 ,5/15/2019,wbra,5/15/2019,wbra,460, - COOK URETERAL STENT FIRM UNIVERSA, - COOK URETERAL STENT FIRM UNIVERSA,G23407,GENERAL ,G23407,,EA,$49.50 ,4,0,0,,2,Total Tx Amt. $0.00
1, - MCKESSON,1389,,,O,$851.42 ,$0.00 ,5/16/2019,wbra,5/16/2019,wbra,803," - MED, ALBUTERL INHALER"," - MED, ALBUTERL INHALER",59310057922,ANESTHE ,830603,,EA,$77.84 ,5,0,0,,9,Total Tx Amt. $0.00
1, - MCKESSON,1389,,,O,$851.42 ,$0.00 ,5/16/2019,wbra,5/16/2019,wbra,624," - MED, OMNIPAQUE 300"," - MED, OMNIPAQUE 300",407141361,MEDS    ,533382,,10/BX,$57.83 ,2,0,0,,9,Total Tx Amt. $0.00
1, - MCKESSON,1389,,,O,$851.42 ,$0.00 ,5/16/2019,wbra,5/16/2019,wbra,38, - DRAPE IOBAN 23X17, - DRAPE IOBAN 23X17,M6650EZ,DRAPE   ,401845,,10/BX,$61.04 ,2,0,0,,9,Total Tx Amt. $0.00
1, - MCKESSON,1389,,,O,$851.42 ,$0.00 ,5/16/2019,wbra,5/16/2019,wbra,284, - SUPPORTER ADULT LRG, - SUPPORTER ADULT LRG,452706,DRESSING,452706,,EA,$6.04 ,3,0,0,,9,Total Tx Amt. $0.00
1, - MCKESSON,1389,,,O,$851.42 ,$0.00 ,5/16/2019,wbra,5/16/2019,wbra,830, - syringe/needle 3cc Blnt LL 18ga x 1 1/2, - syringe/needle 3cc Blnt LL 18ga x 1 1/2,305060,GENERAL ,459506,,100/BX,$10.79 ,2,0,0,,9,Total Tx Amt. $0.00
1, - MCKESSON,1389,,,O,$851.42 ,$0.00 ,5/16/2019,wbra,5/16/2019,wbra,20, - POSITIONER DONUT FOAM 9IN, - POSITIONER DONUT FOAM 9IN,40402,ANESTHE ,724301,,30/BX,$78.23 ,1,0,0,,9,Total Tx Amt. $0.00
1, - MCKESSON,1389,,,O,$851.42 ,$0.00 ,5/16/2019,wbra,5/16/2019,wbra,148, - FLUID WATER 500ML BOTTLE, - FLUID WATER 500ML BOTTLE,161730,GENERAL ,14045,,12/CS,$26.72 ,2,0,0,,9,Total Tx Amt. $0.00
1, - MCKESSON,1389,,,O,$851.42 ,$0.00 ,5/16/2019,wbra,5/16/2019,wbra,892," - Pad, Arm Board Foam, 7.5 x 16 x 20"," - Pad, Arm Board Foam, 7.5 x 16 x 20",773284,GENERAL ,773284,,1/CS,$21.90 ,1,0,0,,9,Total Tx Amt. $0.00
1, - MCKESSON,1389,,,O,$851.42 ,$0.00 ,5/16/2019,wbra,5/16/2019,wbra,136, - FLUID LR 1000ML, - FLUID LR 1000ML,515492,GENERAL ,515492,,14/CS,$31.21 ,1,0,0,,9,Total Tx Amt. $0.00
26, - CUSTOM MEDICAL SPECILTIES,1390,,,O,$258.00 ,$0.00 ,5/16/2019,wbra,5/20/2019,wbra,637," - BAG, DRAIN SURGICAL TABLE"," - BAG, DRAIN SURGICAL TABLE",CMS-999,GENERAL ,CMS-999,,20/CS,$129.00 ,2,0,0,,1,Total Tx Amt. $0.00
8, - STERIS,1391,,,O,$573.64 ,$0.00 ,5/20/2019,wbra,5/20/2019,wbra,503," - SUPP, STERIS LIGHT HANDLE COVER"," - SUPP, STERIS LIGHT HANDLE COVER",LB53,GENERAL ,LB53,,125/CS,$161.00 ,1,0,0,,2,Total Tx Amt. $0.00
8, - STERIS,1391,,,O,$573.64 ,$0.00 ,5/20/2019,wbra,5/20/2019,wbra,524, - STERIS VAPROX STERILANT, - STERIS VAPROX STERILANT,PB028,STRL PRO,PB028,,4/BX,$206.32 ,2,0,0,,2,Total Tx Amt. $0.00
4, - COOK MEDICAL,1392,,,O,$921.14 ,$0.00 ,5/20/2019,wbra,5/20/2019,wbra,855, - Cook Ureteral Firm stent 6 x 20, - Cook Ureteral Firm stent 6 x 20,G23402,GENERAL ,G23402,,EA,$49.50 ,1,0,0,,7,Total Tx Amt. $0.00
4, - COOK MEDICAL,1392,,,O,$921.14 ,$0.00 ,5/20/2019,wbra,5/20/2019,wbra,468, - COOK URETERAL STENT UNIVERSA FIRM 6X22, - COOK URETERAL STENT UNIVERSA FIRM 6X22,G23404,GENERAL ,G23404,,EA,$49.50 ,2,0,0,,7,Total Tx Amt. $0.00
4, - COOK MEDICAL,1392,,,O,$921.14 ,$0.00 ,5/20/2019,wbra,5/20/2019,wbra,458, - COOK URETERAL STENT FIRM UNIVERSA, - COOK URETERAL STENT FIRM UNIVERSA,G23405,GENERAL ,G23405,,EA,$49.50 ,6,0,0,,7,Total Tx Amt. $0.00
4, - COOK MEDICAL,1392,,,O,$921.14 ,$0.00 ,5/20/2019,wbra,5/20/2019,wbra,459, - COOK URETERAL STENT FIRM UNIVERSA, - COOK URETERAL STENT FIRM UNIVERSA,G23406,GENERAL ,G23406,,EA,$49.50 ,2,0,0,,7,Total Tx Amt. $0.00
4, - COOK MEDICAL,1392,,,O,$921.14 ,$0.00 ,5/20/2019,wbra,5/20/2019,wbra,460, - COOK URETERAL STENT FIRM UNIVERSA, - COOK URETERAL STENT FIRM UNIVERSA,G23407,GENERAL ,G23407,,EA,$49.50 ,4,0,0,,7,Total Tx Amt. $0.00
4, - COOK MEDICAL,1392,,,O,$921.14 ,$0.00 ,5/20/2019,wbra,5/20/2019,wbra,463, - COOK URETERAL STENT FIRM UNIVERSA, - COOK URETERAL STENT FIRM UNIVERSA,G23408,GENERAL ,Gg23408,,EA,$49.50 ,2,0,0,,7,Total Tx Amt. $0.00
4, - COOK MEDICAL,1392,,,O,$921.14 ,$0.00 ,5/20/2019,wbra,5/20/2019,wbra,746, - Catheter Dual Lumen 10Fr, - Catheter Dual Lumen 10Fr,G17330,,G17330,,EA,$39.82 ,2,0,0,,7,Total Tx Amt. $0.00
3, - BOSTON SCIENTIFIC,1393,,,O,"$2,112.23 ",$0.00 ,5/20/2019,wbra,5/22/2019,wbra,446, - BOSTON SCI WIRE GUIDE SENSOR .035 STR, - BOSTON SCI WIRE GUIDE SENSOR .035 STR,M0066703081,GENERAL ,M0066703081,,5/BX,$374.66 ,3,0,0,,3,Total Tx Amt. $0.00
3, - BOSTON SCIENTIFIC,1393,,,O,"$2,112.23 ",$0.00 ,5/20/2019,wbra,5/22/2019,wbra,578," - BOSTON SCI, NAVIGATOR HD 11/13FR 28CM"," - BOSTON SCI, NAVIGATOR HD 11/13FR 28CM",M0062502210,GENERAL ,M0062502210,,EA,$197.65 ,2,0,0,,3,Total Tx Amt. $0.00
3, - BOSTON SCIENTIFIC,1393,,,O,"$2,112.23 ",$0.00 ,5/20/2019,wbra,5/22/2019,wbra,851, - Navigator 11/13 x 36, - Navigator 11/13 x 36,M0062502220,GENERAL ,M0062502220,,EA,$197.65 ,3,0,0,,3,Total Tx Amt. $0.00
32, - RICAHRDS MEDICAL,1394,,,O,$215.00 ,$0.00 ,5/20/2019,wbra,5/20/2019,wbra,666," - TRY, SINGLE SHOT EPIDURAL 18Ga"," - TRY, SINGLE SHOT EPIDURAL 18Ga",3404388,ANESTHE ,3404388,,10/CS,$215.00 ,1,0,0,,1,Total Tx Amt. $0.00
1, - MCKESSON,1395,,,O,"$1,616.88 ",$0.00 ,5/21/2019,wbra,5/22/2019,wbra,275, - PREP PAD CLEANER ALCOHOL, - PREP PAD CLEANER ALCOHOL,191089,PACU    ,191089,,EA,$1.43 ,3,0,0,,8,Total Tx Amt. $0.00
1, - MCKESSON,1395,,,O,"$1,616.88 ",$0.00 ,5/21/2019,wbra,5/22/2019,wbra,135, - FLUID LR 1000ML, - FLUID LR 1000ML,208829,GENERAL ,208829,,12/CS,$71.07 ,1,0,0,,8,Total Tx Amt. $0.00
1, - MCKESSON,1395,,,O,"$1,616.88 ",$0.00 ,5/21/2019,wbra,5/22/2019,wbra,957," - Meds, Levofloxacin 500mg in 100ml 5% dextrose"," - Meds, Levofloxacin 500mg in 100ml 5% dextrose",1142007,ANESTHE ,941815,,24/CS,$296.94 ,1,0,0,,8,Total Tx Amt. $0.00
1, - MCKESSON,1395,,,O,"$1,616.88 ",$0.00 ,5/21/2019,wbra,5/22/2019,wbra,127, - IV CATH INTROCAN 20X1, - IV CATH INTROCAN 20X1,629114,PACU    ,629114,,50/BX,$158.52 ,2,0,0,,8,Total Tx Amt. $0.00
1, - MCKESSON,1395,,,O,"$1,616.88 ",$0.00 ,5/21/2019,wbra,5/22/2019,wbra,761, - Patien belong bags, - Patien belong bags,30421100,PACU    ,447753,,250/CS,$32.79 ,2,0,0,,8,Total Tx Amt. $0.00
1, - MCKESSON,1395,,,O,"$1,616.88 ",$0.00 ,5/21/2019,wbra,5/22/2019,wbra,140, - FLUID NACL 3000ML, - FLUID NACL 3000ML,230132,GENERAL ,230132,,4/CS,$34.32 ,5,0,0,,8,Total Tx Amt. $0.00
1, - MCKESSON,1395,,,O,"$1,616.88 ",$0.00 ,5/21/2019,wbra,5/22/2019,wbra,794," - MED, SILVADENE CREAM TUBE 20G"," - MED, SILVADENE CREAM TUBE 20G",61570013120,MEDS    ,234397,,EA,$9.97 ,2,0,0,,8,Total Tx Amt. $0.00
1, - MCKESSON,1395,,,O,"$1,616.88 ",$0.00 ,5/21/2019,wbra,5/22/2019,wbra,827," - Botox, Therapeutic VL  100units, Allergan"," - Botox, Therapeutic VL  100units, Allergan",,MEDS    ,834923,,1/BT,$670.42 ,1,0,0,,8,Total Tx Amt. $0.00
2, - CARDINAL HEALTH,1396,,,O,$294.26 ,$0.00 ,5/21/2019,wbra,5/22/2019,wbra,281, - SOCK SLIPPER ADULT XL, - SOCK SLIPPER ADULT XL,68125-GRY,,68125-GRY,,48/BX,$33.01 ,2,0,0,,4,Total Tx Amt. $0.00
2, - CARDINAL HEALTH,1396,,,O,$294.26 ,$0.00 ,5/21/2019,wbra,5/22/2019,wbra,31, - DRAPE CYSTO PACK, - DRAPE CYSTO PACK,SPP99CY1AA,DRAPE   ,SPP99CY1AA,,6/CS,$118.62 ,1,0,0,,4,Total Tx Amt. $0.00
2, - CARDINAL HEALTH,1396,,,O,$294.26 ,$0.00 ,5/21/2019,wbra,5/22/2019,wbra,684," - GOWN, LG AAMI 4 SMART SLEEVE (LEVINE)"," - GOWN, LG AAMI 4 SMART SLEEVE (LEVINE)",9011,GENERAL ,9011,,20/CS,$63.77 ,1,0,0,,4,Total Tx Amt. $0.00
2, - CARDINAL HEALTH,1396,,,O,$294.26 ,$0.00 ,5/21/2019,wbra,5/22/2019,wbra,106, - GOWN XLARGE, - GOWN XLARGE,9545,GENERAL ,9545,,20/CS,$45.85 ,1,0,0,,4,Total Tx Amt. $0.00
4, - COOK MEDICAL,1397,,,O,$486.18 ,$0.00 ,5/22/2019,wbra,5/22/2019,wbra,658," - SUPP, COOK AQ URETERAL DILATOR"," - SUPP, COOK AQ URETERAL DILATOR",G17636,GENERAL ,G17636,,EA,$19.55 ,8,0,0,,3,Total Tx Amt. $0.00
4, - COOK MEDICAL,1397,,,O,$486.18 ,$0.00 ,5/22/2019,wbra,5/22/2019,wbra,458, - COOK URETERAL STENT FIRM UNIVERSA, - COOK URETERAL STENT FIRM UNIVERSA,G23405,GENERAL ,G23405,,EA,$49.50 ,3,0,0,,3,Total Tx Amt. $0.00
4, - COOK MEDICAL,1397,,,O,$486.18 ,$0.00 ,5/22/2019,wbra,5/22/2019,wbra,465, - COOK OPEN-END URETERAL CATH 5Fr, - COOK OPEN-END URETERAL CATH 5Fr,G14274,GENERAL ,G14274,,10/BX,$90.64 ,2,0,0,,3,Total Tx Amt. $0.00
11, - RICHARD WOLF,1398,,,O,"$10,753.80 ",$0.00 ,5/22/2019,wbra,5/29/2019,wbra,958," - Equipment, Fiber Ureterorenal Scope Bundle"," - Equipment, Fiber Ureterorenal Scope Bundle",732607111,STRL PRO,732607111,,EA,"$9,966.69 ",1,0,0,,2,Total Tx Amt. $0.00
11, - RICHARD WOLF,1398,,,O,"$10,753.80 ",$0.00 ,5/22/2019,wbra,5/29/2019,wbra,, - Tray flex scope  P/N 85850302, - Tray flex scope  P/N 85850302,,,,,EA,$787.11 ,1,0,0,,2,Total Tx Amt. $0.00
26, - CUSTOM MEDICAL SPECILTIES,1399,,,O,$506.41 ,$0.00 ,5/22/2019,wbra,5/22/2019,wbra,638," - BAG, DRAIN ADAPTER"," - BAG, DRAIN ADAPTER",CMS-610,GENERAL ,CMS-610,,50/CS,$60.47 ,3,0,0,,2,Total Tx Amt. $0.00
26, - CUSTOM MEDICAL SPECILTIES,1399,,,O,$506.41 ,$0.00 ,5/22/2019,wbra,5/22/2019,wbra,959," - Equippment, Drain Frame for O.R. Table"," - Equippment, Drain Frame for O.R. Table",CMS-934M,GENERAL ,CMS-934M,,EA,$325.00 ,1,0,0,,2,Total Tx Amt. $0.00
8, - STERIS,1400,,,O,$412.64 ,$0.00 ,5/22/2019,wbra,5/22/2019,wbra,524, - STERIS VAPROX STERILANT, - STERIS VAPROX STERILANT,PB028,STRL PRO,PB028,,4/BX,$206.32 ,2,0,0,,1,Total Tx Amt. $0.00
1, - MCKESSON,1401,,,O,"$2,351.00 ",$0.00 ,5/22/2019,wbra,5/23/2019,wbra,162, - MED ANCEF 1G, - MED ANCEF 1G,1107414,GLV/MSK ,1107414,,25/BX,$25.94 ,2,0,0,,13,Total Tx Amt. $0.00
1, - MCKESSON,1401,,,O,"$2,351.00 ",$0.00 ,5/22/2019,wbra,5/23/2019,wbra,960," - kitchen, Drinking Straws"," - kitchen, Drinking Straws",485517,PACU    ,485517,,100/BX,$3.01 ,1,0,0,,13,Total Tx Amt. $0.00
1, - MCKESSON,1401,,,O,"$2,351.00 ",$0.00 ,5/22/2019,wbra,5/23/2019,wbra,343, - CONTAINER SPECIMEN 120ML NS, - CONTAINER SPECIMEN 120ML NS,870203,PACU    ,870203,,100/BX,$14.10 ,1,0,0,,13,Total Tx Amt. $0.00
1, - MCKESSON,1401,,,O,"$2,351.00 ",$0.00 ,5/22/2019,wbra,5/23/2019,wbra,710," - SUPP, NASAL CAN GAS SAMPLE 7'"," - SUPP, NASAL CAN GAS SAMPLE 7'",999489,ANESTHE ,999489,,25/CS,$42.19 ,1,0,0,,13,Total Tx Amt. $0.00
1, - MCKESSON,1401,,,O,"$2,351.00 ",$0.00 ,5/22/2019,wbra,5/23/2019,wbra,211, - MED PROPOFOL 20ML, - MED PROPOFOL 20ML,989562,IVSUPPLY,989562,,25/BX,$56.86 ,2,0,0,,13,Total Tx Amt. $0.00
1, - MCKESSON,1401,,,O,"$2,351.00 ",$0.00 ,5/22/2019,wbra,5/23/2019,wbra,833," - Mask, Anes size 6 Adult Elongated"," - Mask, Anes size 6 Adult Elongated",854706,ANESTHE ,854706,,30/BX,$46.88 ,1,0,0,,13,Total Tx Amt. $0.00
1, - MCKESSON,1401,,,O,"$2,351.00 ",$0.00 ,5/22/2019,wbra,5/23/2019,wbra,868," - Solidifier, Canister Express Maetrex"," - Solidifier, Canister Express Maetrex",50-5058,GENERAL ,444816,,20/BX,$333.28 ,1,0,0,,13,Total Tx Amt. $0.00
1, - MCKESSON,1401,,,O,"$2,351.00 ",$0.00 ,5/22/2019,wbra,5/23/2019,wbra,632," - SHARPS, 18 GAL RED CONTAINER"," - SHARPS, 18 GAL RED CONTAINER",862336,HSKPNG  ,862336,,EA,$16.26 ,4,0,0,,13,Total Tx Amt. $0.00
1, - MCKESSON,1401,,,O,"$2,351.00 ",$0.00 ,5/22/2019,wbra,5/23/2019,wbra,15, - ANES ADULT MASK SIZE 5, - ANES ADULT MASK SIZE 5,204234,ANESTHE ,204234,,50/CS,$88.77 ,1,0,0,,13,Total Tx Amt. $0.00
1, - MCKESSON,1401,,,O,"$2,351.00 ",$0.00 ,5/22/2019,wbra,5/23/2019,wbra,136, - FLUID LR 1000ML, - FLUID LR 1000ML,515492,GENERAL ,515492,,14/CS,$31.21 ,1,0,0,,13,Total Tx Amt. $0.00
1, - MCKESSON,1401,,,O,"$2,351.00 ",$0.00 ,5/22/2019,wbra,5/23/2019,wbra,137, - FLUID LR 500ML, - FLUID LR 500ML,186663,GENERAL ,186663,,24/CS,$55.43 ,1,0,0,,13,Total Tx Amt. $0.00
1, - MCKESSON,1401,,,O,"$2,351.00 ",$0.00 ,5/22/2019,wbra,5/23/2019,wbra,827," - Botox, Therapeutic VL  100units, Allergan"," - Botox, Therapeutic VL  100units, Allergan",,MEDS    ,349702,,1/BT,$670.42 ,2,0,0,,13,Total Tx Amt. $0.00
1, - MCKESSON,1401,,,O,"$2,351.00 ",$0.00 ,5/22/2019,wbra,5/23/2019,wbra,743, - EKG Monitor Button Red Dot, - EKG Monitor Button Red Dot,2560,ANESTHE ,199314,,1/CS,$164.65 ,1,0,0,,13,Total Tx Amt. $0.00
2, - CARDINAL HEALTH,1402,,,O,"$2,287.89 ",$0.00 ,5/23/2019,wbra,5/24/2019,wbra,100, - GLOVE PROTEXIS PI 6.5 LATEX FREE, - GLOVE PROTEXIS PI 6.5 LATEX FREE,2D72PT65X,GENERAL ,2D72PT65X,,50/BX,$89.45 ,2,0,0,,12,Total Tx Amt. $0.00
2, - CARDINAL HEALTH,1402,,,O,"$2,287.89 ",$0.00 ,5/23/2019,wbra,5/24/2019,wbra,105, - GLOVE PROTEXIS PI 9 LATEX FREE, - GLOVE PROTEXIS PI 9 LATEX FREE,2D72PT90X,GENERAL ,2D72PT90X,,50/BX,$89.45 ,1,0,0,,12,Total Tx Amt. $0.00
2, - CARDINAL HEALTH,1402,,,O,"$2,287.89 ",$0.00 ,5/23/2019,wbra,5/24/2019,wbra,542, - DRP PACK MINOR PROCEDURE, - DRP PACK MINOR PROCEDURE,SPP99MN7AA,DRAPE   ,SPP99MN7AA,,4/CS,$92.00 ,2,0,0,,12,Total Tx Amt. $0.00
2, - CARDINAL HEALTH,1402,,,O,"$2,287.89 ",$0.00 ,5/23/2019,wbra,5/24/2019,wbra,31, - DRAPE CYSTO PACK, - DRAPE CYSTO PACK,SPP99CY1AA,DRAPE   ,SPP99CY1AA,,6/CS,$118.62 ,2,0,0,,12,Total Tx Amt. $0.00
2, - CARDINAL HEALTH,1402,,,O,"$2,287.89 ",$0.00 ,5/23/2019,wbra,5/24/2019,wbra,796," - King UltraFlex 72"" breathing circuit"," - King UltraFlex 72"" breathing circuit",,ANESTHE ,8753F6121Z,,30/BX,$199.55 ,1,0,0,,12,Total Tx Amt. $0.00
2, - CARDINAL HEALTH,1402,,,O,"$2,287.89 ",$0.00 ,5/23/2019,wbra,5/24/2019,wbra,670," - ANES, AIRWAY, LMA IGEL 4"," - ANES, AIRWAY, LMA IGEL 4",8204000,ANESTHE ,I8204,,25/CS,$545.54 ,2,0,0,,12,Total Tx Amt. $0.00
2, - CARDINAL HEALTH,1402,,,O,"$2,287.89 ",$0.00 ,5/23/2019,wbra,5/24/2019,wbra,619," - ANES, AIRWAY ORAL 90MM YELLOW"," - ANES, AIRWAY ORAL 90MM YELLOW",122790A,ANESTHE ,122790A,,10/BX,$9.82 ,1,0,0,,12,Total Tx Amt. $0.00
2, - CARDINAL HEALTH,1402,,,O,"$2,287.89 ",$0.00 ,5/23/2019,wbra,5/24/2019,wbra,564, - ANES AIRWAY ORAL 100MM RED, - ANES AIRWAY ORAL 100MM RED,16-2101G,ANESTHE ,1227100A,,10/BX,$9.82 ,1,0,0,,12,Total Tx Amt. $0.00
2, - CARDINAL HEALTH,1402,,,O,"$2,287.89 ",$0.00 ,5/23/2019,wbra,5/24/2019,wbra,103, - GLOVE PROTEXIS PI 8 LATEX FREE, - GLOVE PROTEXIS PI 8 LATEX FREE,2D72PT80X,GENERAL ,2D72PT80X,,50/BX,$89.45 ,1,0,0,,12,Total Tx Amt. $0.00
2, - CARDINAL HEALTH,1402,,,O,"$2,287.89 ",$0.00 ,5/23/2019,wbra,5/24/2019,wbra,422, - DISINFECT CAVIWIPE 1MIN, - DISINFECT CAVIWIPE 1MIN,MX13-1150,HSKPNG  ,MX13-1150,,12/BX,$64.95 ,1,0,0,,12,Total Tx Amt. $0.00
2, - CARDINAL HEALTH,1402,,,O,"$2,287.89 ",$0.00 ,5/23/2019,wbra,5/24/2019,wbra,603, - DISINFECT CAVICIDE 1 MIN SURFACE CLEANER, - DISINFECT CAVICIDE 1 MIN SURFACE CLEANER,13-5024,HSKPNG  ,13-5024,,12/CS,$56.23 ,1,0,0,,12,Total Tx Amt. $0.00
2, - CARDINAL HEALTH,1402,,,O,"$2,287.89 ",$0.00 ,5/23/2019,wbra,5/24/2019,wbra,298, - PREP TRAY IODINE STERILE, - PREP TRAY IODINE STERILE,Nov-08,,Nov-08,,20/CS,$77.40 ,1,0,0,,12,Total Tx Amt. $0.00
3, - BOSTON SCIENTIFIC,1403,,,O,"$3,964.90 ",$0.00 ,5/23/2019,wbra,5/23/2019,wbra,645," - BASKET, ZERO TIP 1.9FR X 120CM BOSTON"," - BASKET, ZERO TIP 1.9FR X 120CM BOSTON",M0063901050,GENERAL ,M0063901050,,EA,$348.60 ,6,0,0,,2,Total Tx Amt. $0.00
3, - BOSTON SCIENTIFIC,1403,,,O,"$3,964.90 ",$0.00 ,5/23/2019,wbra,5/23/2019,wbra,446, - BOSTON SCI WIRE GUIDE SENSOR .035 STR, - BOSTON SCI WIRE GUIDE SENSOR .035 STR,M0066703081,GENERAL ,M0066703081,,5/BX,$374.66 ,5,0,0,,2,Total Tx Amt. $0.00
1, - MCKESSON,1404,,,O,$652.52 ,$0.00 ,5/24/2019,wbra,5/28/2019,wbra,168, - MED DECADRON 4MG/ML 1ML, - MED DECADRON 4MG/ML 1ML,63323016501,ANESTHE ,550541,,25/BX,$73.85 ,2,0,0,,7,Total Tx Amt. $0.00
1, - MCKESSON,1404,,,O,$652.52 ,$0.00 ,5/24/2019,wbra,5/28/2019,wbra,744, - Bair Hugger model62200, - Bair Hugger model62200,62200,,1045420,,10/CS,$69.61 ,4,0,0,,7,Total Tx Amt. $0.00
1, - MCKESSON,1404,,,O,$652.52 ,$0.00 ,5/24/2019,wbra,5/28/2019,wbra,160, - MED BUPIVACAINE 0.5% 50ml, - MED BUPIVACAINE 0.5% 50ml,880888,GLV/MSK ,1077277,,25/BX,$40.14 ,1,0,0,,7,Total Tx Amt. $0.00
1, - MCKESSON,1404,,,O,$652.52 ,$0.00 ,5/24/2019,wbra,5/28/2019,wbra,624," - MED, OMNIPAQUE 300"," - MED, OMNIPAQUE 300",407141361,MEDS    ,533382,,10/BX,$57.83 ,2,0,0,,7,Total Tx Amt. $0.00
1, - MCKESSON,1404,,,O,$652.52 ,$0.00 ,5/24/2019,wbra,5/28/2019,wbra,767, - Monoject PreFill IV Flush Sodium Chloride, - Monoject PreFill IV Flush Sodium Chloride,8881570121,GENERAL ,472080,,1/BT,$11.51 ,4,0,0,,7,Total Tx Amt. $0.00
1, - MCKESSON,1404,,,O,$652.52 ,$0.00 ,5/24/2019,wbra,5/28/2019,wbra,420, - SYRINGE LL 10ML, - SYRINGE LL 10ML,1031801,,1031801,,100/BX,$7.50 ,1,0,0,,7,Total Tx Amt. $0.00
1, - MCKESSON,1404,,,O,$652.52 ,$0.00 ,5/24/2019,wbra,5/28/2019,wbra,962," - Label, Warning 10% Formalin/Caution"," - Label, Warning 10% Formalin/Caution",1032925,GENERAL ,1032925,,1/RL,$17.04 ,1,0,0,,7,Total Tx Amt. $0.00
27, - BESSE MEDICAL,1405,,,O,$555.91 ,$0.00 ,5/24/2019,wbra,5/24/2019,wbra,961," - Meds, FluVaccine"," - Meds, FluVaccine",53437,PACU    ,53437,,1/BT,$153.55 ,3,0,0,,2,Total Tx Amt. $0.00
27, - BESSE MEDICAL,1405,,,O,$555.91 ,$0.00 ,5/24/2019,wbra,5/24/2019,wbra,157, - MED ATROPINE 10ML, - MED ATROPINE 10ML,286640,GLV/MSK ,286640,,10/BX,$95.26 ,1,0,0,,2,Total Tx Amt. $0.00
4, - COOK MEDICAL,1406,,,O,$581.96 ,$0.00 ,5/24/2019,wbra,5/24/2019,wbra,746, - Catheter Dual Lumen 10Fr, - Catheter Dual Lumen 10Fr,G17330,,G17330,,EA,$39.82 ,3,0,0,,4,Total Tx Amt. $0.00
4, - COOK MEDICAL,1406,,,O,$581.96 ,$0.00 ,5/24/2019,wbra,5/24/2019,wbra,437, - COOK ACCESS CATH URETERAL DUAL 6FR, - COOK ACCESS CATH URETERAL DUAL 6FR,G17145,GENERAL ,G17145,,EA,$33.10 ,5,0,0,,4,Total Tx Amt. $0.00
4, - COOK MEDICAL,1406,,,O,$581.96 ,$0.00 ,5/24/2019,wbra,5/24/2019,wbra,458, - COOK URETERAL STENT FIRM UNIVERSA, - COOK URETERAL STENT FIRM UNIVERSA,G23405,GENERAL ,G23405,,EA,$49.50 ,4,0,0,,4,Total Tx Amt. $0.00
4, - COOK MEDICAL,1406,,,O,$581.96 ,$0.00 ,5/24/2019,wbra,5/24/2019,wbra,468, - COOK URETERAL STENT UNIVERSA FIRM 6X22, - COOK URETERAL STENT UNIVERSA FIRM 6X22,G23404,GENERAL ,G23404,,EA,$49.50 ,2,0,0,,4,Total Tx Amt. $0.00
3, - BOSTON SCIENTIFIC,1407,,,O,"$3,882.36 ",$0.00 ,5/24/2019,wbra,5/24/2019,wbra,561," - GUIDEWIRE, ZIPWIRE 0.035 X 150CM"," - GUIDEWIRE, ZIPWIRE 0.035 X 150CM",M006630205B1,GENERAL ,M00663020580,,5/BX,$320.36 ,2,0,0,,3,Total Tx Amt. $0.00
3, - BOSTON SCIENTIFIC,1407,,,O,"$3,882.36 ",$0.00 ,5/24/2019,wbra,5/24/2019,wbra,446, - BOSTON SCI WIRE GUIDE SENSOR .035 STR, - BOSTON SCI WIRE GUIDE SENSOR .035 STR,M0066703081,GENERAL ,M0066703081,,5/BX,$374.66 ,4,0,0,,3,Total Tx Amt. $0.00
3, - BOSTON SCIENTIFIC,1407,,,O,"$3,882.36 ",$0.00 ,5/24/2019,wbra,5/24/2019,wbra,645," - BASKET, ZERO TIP 1.9FR X 120CM BOSTON"," - BASKET, ZERO TIP 1.9FR X 120CM BOSTON",M0063901050,GENERAL ,M0063901050,,EA,$348.60 ,5,0,0,,3,Total Tx Amt. $0.00
17, - HEALTHTRONICS MOBILE SOLUTIONS,1408,,,O,"$1,470.00 ",$0.00 ,5/24/2019,wbra,5/28/2019,wbra,530, - LASER FIBER HO 272 SINGLE USE, - LASER FIBER HO 272 SINGLE USE,95448,GENERAL ,95448,,EA,$125.00 ,6,0,0,,2,Total Tx Amt. $0.00
17, - HEALTHTRONICS MOBILE SOLUTIONS,1408,,,O,"$1,470.00 ",$0.00 ,5/24/2019,wbra,5/28/2019,wbra,533, - LASER FIBER HO 940 SINGLE USE, - LASER FIBER HO 940 SINGLE USE,95196,GENERAL ,95196,,EA,$240.00 ,3,0,0,,2,Total Tx Amt. $0.00
1, - MCKESSON,1409,,,O,$324.07 ,$0.00 ,5/28/2019,wbra,5/28/2019,wbra,135, - FLUID LR 1000ML, - FLUID LR 1000ML,208829,GENERAL ,208829,,12/CS,$71.07 ,3,0,0,,2,Total Tx Amt. $0.00
1, - MCKESSON,1409,,,O,$324.07 ,$0.00 ,5/28/2019,wbra,5/28/2019,wbra,137, - FLUID LR 500ML, - FLUID LR 500ML,186663,GENERAL ,186663,,24/CS,$55.43 ,2,0,0,,2,Total Tx Amt. $0.00
1, - MCKESSON,1410,,,O,$992.78 ,$0.00 ,5/28/2019,wbra,5/29/2019,wbra,140, - FLUID NACL 3000ML, - FLUID NACL 3000ML,230132,GENERAL ,230132,,4/CS,$34.32 ,7,0,0,,9,Total Tx Amt. $0.00
1, - MCKESSON,1410,,,O,$992.78 ,$0.00 ,5/28/2019,wbra,5/29/2019,wbra,148, - FLUID WATER 500ML BOTTLE, - FLUID WATER 500ML BOTTLE,161730,GENERAL ,14045,,12/CS,$26.72 ,2,0,0,,9,Total Tx Amt. $0.00
1, - MCKESSON,1410,,,O,$992.78 ,$0.00 ,5/28/2019,wbra,5/29/2019,wbra,633," - TUBING, SUCTION NS BUBBLE"," - TUBING, SUCTION NS BUBBLE",8888280412,GLV/MSK ,161266,,1/CS,$13.84 ,3,0,0,,9,Total Tx Amt. $0.00
1, - MCKESSON,1410,,,O,$992.78 ,$0.00 ,5/28/2019,wbra,5/29/2019,wbra,740," - MEDS, VANCOMYCIN 500MG SDV"," - MEDS, VANCOMYCIN 500MG SDV",45265,MEDS    ,1078985,,10/BX,$37.08 ,2,0,0,,9,Total Tx Amt. $0.00
1, - MCKESSON,1410,,,O,$992.78 ,$0.00 ,5/28/2019,wbra,5/29/2019,wbra,191, - MED LIDOCAINE 2% UROJECT, - MED LIDOCAINE 2% UROJECT,807261,HSKPNG  ,807261,,25/BX,$182.93 ,1,0,0,,9,Total Tx Amt. $0.00
1, - MCKESSON,1410,,,O,$992.78 ,$0.00 ,5/28/2019,wbra,5/29/2019,wbra,963, - I-GEL DISPOSABLE SIZE 5 STER, - I-GEL DISPOSABLE SIZE 5 STER,I8205,ANESTHE ,1046285,,25/BX,$280.68 ,1,0,0,,9,Total Tx Amt. $0.00
1, - MCKESSON,1410,,,O,$992.78 ,$0.00 ,5/28/2019,wbra,5/29/2019,wbra,162, - MED ANCEF 1G, - MED ANCEF 1G,1107414,GLV/MSK ,1107414,,25/BX,$25.94 ,2,0,0,,9,Total Tx Amt. $0.00
1, - MCKESSON,1410,,,O,$992.78 ,$0.00 ,5/28/2019,wbra,5/29/2019,wbra,857," - Ketorolac Tromethamine, SDV 30MG/ML 1ML"," - Ketorolac Tromethamine, SDV 30MG/ML 1ML",47781058468,ANESTHE ,1081340,,25/CT,$37.17 ,1,0,0,,9,Total Tx Amt. $0.00
1, - MCKESSON,1410,,,O,$992.78 ,$0.00 ,5/28/2019,wbra,5/29/2019,wbra,118, - TISSUE KLEENEX FACIAL, - TISSUE KLEENEX FACIAL,567815,HSKPNG  ,567815,,36/CS,$30.76 ,1,0,0,,9,Total Tx Amt. $0.00
2, - CARDINAL HEALTH,1411,,,O,$561.69 ,$0.00 ,5/29/2019,wbra,5/29/2019,wbra,31, - DRAPE CYSTO PACK, - DRAPE CYSTO PACK,SPP99CY1AA,DRAPE   ,SPP99CY1AA,,6/CS,$118.62 ,2,0,0,,7,Total Tx Amt. $0.00
2, - CARDINAL HEALTH,1411,,,O,$561.69 ,$0.00 ,5/29/2019,wbra,5/29/2019,wbra,26," - DRAPE SHEET, THREE QUARTER"," - DRAPE SHEET, THREE QUARTER",9349,ANESTHE ,9349,,20/CS,$29.43 ,1,0,0,,7,Total Tx Amt. $0.00
2, - CARDINAL HEALTH,1411,,,O,$561.69 ,$0.00 ,5/29/2019,wbra,5/29/2019,wbra,52, - PAD TELFA 3X8, - PAD TELFA 3X8,1238-,DRESSING,1238-,,50/BX,$8.74 ,3,0,0,,7,Total Tx Amt. $0.00
2, - CARDINAL HEALTH,1411,,,O,$561.69 ,$0.00 ,5/29/2019,wbra,5/29/2019,wbra,372, - DRAPE TOWEL SURGICAL 4PK BLUE, - DRAPE TOWEL SURGICAL 4PK BLUE,28700-004,DRAPE   ,28700-004,,20/CS,$37.00 ,1,0,0,,7,Total Tx Amt. $0.00
2, - CARDINAL HEALTH,1411,,,O,$561.69 ,$0.00 ,5/29/2019,wbra,5/29/2019,wbra,99, - GLOVE PROTEXIS PI 6 LATEX FREE, - GLOVE PROTEXIS PI 6 LATEX FREE,2D72PT60X,GENERAL ,2D72PT60X,,50/BX,$89.45 ,1,0,0,,7,Total Tx Amt. $0.00
2, - CARDINAL HEALTH,1411,,,O,$561.69 ,$0.00 ,5/29/2019,wbra,5/29/2019,wbra,298, - PREP TRAY IODINE STERILE, - PREP TRAY IODINE STERILE,Nov-08,,Nov-08,,20/CS,$77.40 ,1,0,0,,7,Total Tx Amt. $0.00
2, - CARDINAL HEALTH,1411,,,O,$561.69 ,$0.00 ,5/29/2019,wbra,5/29/2019,wbra,422, - DISINFECT CAVIWIPE 1MIN, - DISINFECT CAVIWIPE 1MIN,MX13-1150,HSKPNG  ,MX13-1150,,12/BX,$64.95 ,1,0,0,,7,Total Tx Amt. $0.00
15, - TELEFLEX/ARROW,1412,,,O,$135.00 ,$0.00 ,5/29/2019,wbra,5/29/2019,Jdav,520, - ANES LMA 5 UNIQUE, - ANES LMA 5 UNIQUE,105200-000050,ANESTHE ,105200-000050,,10/BX,$135.00 ,1,0,0,,1,Total Tx Amt. $0.00
4, - COOK MEDICAL,1413,,,O,$728.29 ,$0.00 ,5/29/2019,wbra,5/29/2019,Jdav,459, - COOK URETERAL STENT FIRM UNIVERSA, - COOK URETERAL STENT FIRM UNIVERSA,G23406,GENERAL ,G23406,,EA,$49.50 ,6,0,0,,4,Total Tx Amt. $0.00
4, - COOK MEDICAL,1413,,,O,$728.29 ,$0.00 ,5/29/2019,wbra,5/29/2019,Jdav,465, - COOK OPEN-END URETERAL CATH 5Fr, - COOK OPEN-END URETERAL CATH 5Fr,G14274,GENERAL ,G14274,,10/BX,$90.64 ,1,0,0,,4,Total Tx Amt. $0.00
4, - COOK MEDICAL,1413,,,O,$728.29 ,$0.00 ,5/29/2019,wbra,5/29/2019,Jdav,433, - COOK ACCESS SHEATH URETERAL 12FR 35CM, - COOK ACCESS SHEATH URETERAL 12FR 35CM,G19168,GENERAL ,G19168,,EA,$113.55 ,1,0,0,,4,Total Tx Amt. $0.00
4, - COOK MEDICAL,1413,,,O,$728.29 ,$0.00 ,5/29/2019,wbra,5/29/2019,Jdav,432, - COOK ACCESS SHEATH URETERAL 14FR 35CM, - COOK ACCESS SHEATH URETERAL 14FR 35CM,G30389,GENERAL ,G30389,,EA,$113.55 ,2,0,0,,4,Total Tx Amt. $0.00
1, - MCKESSON,1414,,,O,$647.05 ,$0.00 ,5/29/2019,wbra,5/30/2019,Jdav,964, - GoJol Hand Sanitizer, - GoJol Hand Sanitizer,1903-02,GENERAL ,796466,,2/CS,$19.49 ,3,0,0,,8,Total Tx Amt. $0.00
1, - MCKESSON,1414,,,O,$647.05 ,$0.00 ,5/29/2019,wbra,5/30/2019,Jdav,884," - Scisors, Freeman-Gorney Rhytidectomy Supercut 7 1/"," - Scisors, Freeman-Gorney Rhytidectomy Supercut 7 1/",1110081,GENERAL ,1110081,,EA,$330.70 ,1,0,0,,8,Total Tx Amt. $0.00
1, - MCKESSON,1414,,,O,$647.05 ,$0.00 ,5/29/2019,wbra,5/30/2019,Jdav,140, - FLUID NACL 3000ML, - FLUID NACL 3000ML,230132,GENERAL ,230132,,4/CS,$34.32 ,3,0,0,,8,Total Tx Amt. $0.00
1, - MCKESSON,1414,,,O,$647.05 ,$0.00 ,5/29/2019,wbra,5/30/2019,wbra,967," - Tape, Durapore 2"" Silk Tape, 3M"," - Tape, Durapore 2"" Silk Tape, 3M",1538-2,GENERAL ,5776,,6/BX,$6.41 ,2,0,0,,8,Total Tx Amt. $0.00
1, - MCKESSON,1414,,,O,$647.05 ,$0.00 ,5/29/2019,wbra,5/30/2019,wbra,284, - SUPPORTER ADULT LRG, - SUPPORTER ADULT LRG,452706,DRESSING,452706,,EA,$6.04 ,10,0,0,,8,Total Tx Amt. $0.00
1, - MCKESSON,1414,,,O,$647.05 ,$0.00 ,5/29/2019,wbra,5/30/2019,wbra,238, - BAG DRAINAGE URINE LEG 500ML, - BAG DRAINAGE URINE LEG 500ML,4601,MEDS    ,854582,,48/CS,$74.78 ,1,0,0,,8,Total Tx Amt. $0.00
1, - MCKESSON,1414,,,O,$647.05 ,$0.00 ,5/29/2019,wbra,5/30/2019,wbra,968," - Saftey Pin, Sterile #2"," - Saftey Pin, Sterile #2",732742,,732742,,2/CS,$0.79 ,4,0,0,,8,Total Tx Amt. $0.00
1, - MCKESSON,1414,,,O,$647.05 ,$0.00 ,5/29/2019,wbra,5/30/2019,wbra,969," - Saftey Pin, Sterile #3"," - Saftey Pin, Sterile #3",402140,GENERAL ,402140,,2/CS,$0.94 ,4,0,0,,8,Total Tx Amt. $0.00
2, - CARDINAL HEALTH,1415,,,O,"$3,190.85 ",$0.00 ,5/30/2019,wbra,6/3/2019,wbra,405, - SUTURE CHROMIC 3-0 SH 27IN, - SUTURE CHROMIC 3-0 SH 27IN,G122H,,G122H,,36/BX,$110.19 ,1,0,0,,20,Total Tx Amt. $0.00
2, - CARDINAL HEALTH,1415,,,O,"$3,190.85 ",$0.00 ,5/30/2019,wbra,6/3/2019,wbra,406, - SUTURE CHROMIC 2-0 SH 27IN, - SUTURE CHROMIC 2-0 SH 27IN,G123H,,g123h,,12/BX,$36.17 ,3,0,0,,20,Total Tx Amt. $0.00
2, - CARDINAL HEALTH,1415,,,O,"$3,190.85 ",$0.00 ,5/30/2019,wbra,6/3/2019,wbra,670," - ANES, AIRWAY, LMA IGEL 4"," - ANES, AIRWAY, LMA IGEL 4",8204000,ANESTHE ,I8204,,25/CS,$545.54 ,1,0,0,,20,Total Tx Amt. $0.00
2, - CARDINAL HEALTH,1415,,,O,"$3,190.85 ",$0.00 ,5/30/2019,wbra,6/3/2019,wbra,796," - King UltraFlex 72"" breathing circuit"," - King UltraFlex 72"" breathing circuit",,ANESTHE ,8753F6121Z,,30/BX,$199.55 ,1,0,0,,20,Total Tx Amt. $0.00
2, - CARDINAL HEALTH,1415,,,O,"$3,190.85 ",$0.00 ,5/30/2019,wbra,6/3/2019,wbra,619," - ANES, AIRWAY ORAL 90MM YELLOW"," - ANES, AIRWAY ORAL 90MM YELLOW",122790A,ANESTHE ,122790A,,10/BX,$9.82 ,1,0,0,,20,Total Tx Amt. $0.00
2, - CARDINAL HEALTH,1415,,,O,"$3,190.85 ",$0.00 ,5/30/2019,wbra,6/3/2019,wbra,564, - ANES AIRWAY ORAL 100MM RED, - ANES AIRWAY ORAL 100MM RED,16-2101G,ANESTHE ,1227100A,,10/BX,$9.82 ,1,0,0,,20,Total Tx Amt. $0.00
2, - CARDINAL HEALTH,1415,,,O,"$3,190.85 ",$0.00 ,5/30/2019,wbra,6/3/2019,wbra,31, - DRAPE CYSTO PACK, - DRAPE CYSTO PACK,SPP99CY1AA,DRAPE   ,SPP99CY1AA,,6/CS,$118.62 ,4,0,0,,20,Total Tx Amt. $0.00
2, - CARDINAL HEALTH,1415,,,O,"$3,190.85 ",$0.00 ,5/30/2019,wbra,6/3/2019,wbra,298, - PREP TRAY IODINE STERILE, - PREP TRAY IODINE STERILE,Nov-08,,Nov-08,,20/CS,$77.40 ,2,0,0,,20,Total Tx Amt. $0.00
2, - CARDINAL HEALTH,1415,,,O,"$3,190.85 ",$0.00 ,5/30/2019,wbra,6/3/2019,wbra,669," - PREP, CLIPPER SURGICAL HEAD"," - PREP, CLIPPER SURGICAL HEAD",CAH4406D,PREP    ,CAH4406D,,25/BX,$126.48 ,1,0,0,,20,Total Tx Amt. $0.00
2, - CARDINAL HEALTH,1415,,,O,"$3,190.85 ",$0.00 ,5/30/2019,wbra,6/3/2019,wbra,972," - Suture, 4-0 Vicryl 1/2 circle SH Needle"," - Suture, 4-0 Vicryl 1/2 circle SH Needle",J315H,GENERAL ,J315H,,36/BX,$57.20 ,1,0,0,,20,Total Tx Amt. $0.00
2, - CARDINAL HEALTH,1415,,,O,"$3,190.85 ",$0.00 ,5/30/2019,wbra,6/3/2019,wbra,409, - SUTURE MONOCRYL 4-0 18IN, - SUTURE MONOCRYL 4-0 18IN,Y496G,,Y496G,,12/BX,$69.64 ,1,0,0,,20,Total Tx Amt. $0.00
2, - CARDINAL HEALTH,1415,,,O,"$3,190.85 ",$0.00 ,5/30/2019,wbra,6/3/2019,wbra,979," - Sutr, 8-0 5IN MONOFILAMENT DYED TAPER POINT 3/8 CI"," - Sutr, 8-0 5IN MONOFILAMENT DYED TAPER POINT 3/8 CI",2808G,,2808G,,12/BX,$187.15 ,1,0,0,,20,Total Tx Amt. $0.00
2, - CARDINAL HEALTH,1415,,,O,"$3,190.85 ",$0.00 ,5/30/2019,wbra,6/3/2019,wbra,134, - IV START KIT, - IV START KIT,01-9000A,GENERAL ,01-9000A,,100/CS,$100.00 ,1,0,0,,20,Total Tx Amt. $0.00
2, - CARDINAL HEALTH,1415,,,O,"$3,190.85 ",$0.00 ,5/30/2019,wbra,6/3/2019,wbra,739, - SafeDay IV Administration Set, - SafeDay IV Administration Set,352904,PACU    ,352899,,50/BX,$141.94 ,2,0,0,,20,Total Tx Amt. $0.00
2, - CARDINAL HEALTH,1415,,,O,"$3,190.85 ",$0.00 ,5/30/2019,wbra,6/3/2019,wbra,323, - WRAP DOUBLE LAYER 36X36, - WRAP DOUBLE LAYER 36X36,CH5G0036,,CH5G0036,,150/BX,$121.13 ,2,0,0,,20,Total Tx Amt. $0.00
2, - CARDINAL HEALTH,1415,,,O,"$3,190.85 ",$0.00 ,5/30/2019,wbra,6/3/2019,wbra,281, - SOCK SLIPPER ADULT XL, - SOCK SLIPPER ADULT XL,68125-GRY,,68125-GRY,,48/BX,$31.88 ,2,0,0,,20,Total Tx Amt. $0.00
2, - CARDINAL HEALTH,1415,,,O,"$3,190.85 ",$0.00 ,5/30/2019,wbra,6/3/2019,wbra,604," - SURGICAL CAP, BOUFANT"," - SURGICAL CAP, BOUFANT",3274,GLV/MSK ,3274,,10/CS,$62.15 ,1,0,0,,20,Total Tx Amt. $0.00
2, - CARDINAL HEALTH,1415,,,O,"$3,190.85 ",$0.00 ,5/30/2019,wbra,6/3/2019,wbra,106, - GOWN XLARGE, - GOWN XLARGE,9545,GENERAL ,9545,,20/CS,$45.85 ,1,0,0,,20,Total Tx Amt. $0.00
2, - CARDINAL HEALTH,1415,,,O,"$3,190.85 ",$0.00 ,5/30/2019,wbra,6/3/2019,wbra,684," - GOWN, LG AAMI 4 SMART SLEEVE (LEVINE)"," - GOWN, LG AAMI 4 SMART SLEEVE (LEVINE)",9011,GENERAL ,9011,,20/CS,$63.77 ,1,0,0,,20,Total Tx Amt. $0.00
2, - CARDINAL HEALTH,1415,,,O,"$3,190.85 ",$0.00 ,5/30/2019,wbra,6/3/2019,wbra,542, - DRP PACK MINOR PROCEDURE, - DRP PACK MINOR PROCEDURE,SPP99MN7AA,DRAPE   ,SPP99MN7AA,,4/CS,$92.00 ,3,0,0,,20,Total Tx Amt. $0.00
11, - RICHARD WOLF,1416,,,O,$677.83 ,$0.00 ,5/30/2019,wbra,6/3/2019,wbra,970," - Equuipment, Biopsy Forceps cysto"," - Equuipment, Biopsy Forceps cysto",82907,GENERAL ,82907,,EA,$677.83 ,1,0,0,,1,Total Tx Amt. $0.00
3, - BOSTON SCIENTIFIC,1417,,,O,"$1,424.82 ",$0.00 ,5/30/2019,wbra,5/30/2019,wbra,966," - Basket, Gemini 4wire, 5cm tip"," - Basket, Gemini 4wire, 5cm tip",m0063301110,,m0063301110,,EA,$317.11 ,2,0,0,,3,Total Tx Amt. $0.00
3, - BOSTON SCIENTIFIC,1417,,,O,"$1,424.82 ",$0.00 ,5/30/2019,wbra,5/30/2019,wbra,578," - BOSTON SCI, NAVIGATOR HD 11/13FR 28CM"," - BOSTON SCI, NAVIGATOR HD 11/13FR 28CM",M0062502210,GENERAL ,M0062502210,,EA,$197.65 ,2,0,0,,3,Total Tx Amt. $0.00
3, - BOSTON SCIENTIFIC,1417,,,O,"$1,424.82 ",$0.00 ,5/30/2019,wbra,5/30/2019,wbra,579," - BOSTON SCI, NAVIGATOR HD 11/13FR 46CM"," - BOSTON SCI, NAVIGATOR HD 11/13FR 46CM",M0062502230,GENERAL ,M0062502230,,EA,$197.65 ,2,0,0,,3,Total Tx Amt. $0.00
23, - COLOPLAST,1418,,,O,$0.00 ,$0.00 ,5/31/2019,wbra,5/31/2019,wbra,971," - IMPL,  Coloplast Virtue Male Sling-#50020"," - IMPL,  Coloplast Virtue Male Sling-#50020",50020,GENERAL ,50020,,EA,$0.00 ,3,0,0,,1,Total Tx Amt. $0.00
15, - TELEFLEX/ARROW,1419,,,O,$540.00 ,$0.00 ,5/31/2019,wbra,6/3/2019,wbra,518, - ANES LMA 4 UNIQUE, - ANES LMA 4 UNIQUE,105200-000040,ANESTHE ,105200-000040,,10/BX,$135.00 ,4,0,0,,1,Total Tx Amt. $0.00
13, - CARE FUSION,1420,,,O,"$2,695.33 ",$0.00 ,5/31/2019,wbra,6/3/2019,wbra,978," - Instrument, Microsurg InsTry Base/Lid?Mat 15x10x4/"," - Instrument, Microsurg InsTry Base/Lid?Mat 15x10x4/",SU2990-080,GENERAL ,SU2990-080,,EA,$480.71 ,1,0,0,,6,Total Tx Amt. $0.00
13, - CARE FUSION,1420,,,O,"$2,695.33 ",$0.00 ,5/31/2019,wbra,6/3/2019,wbra,977," - Instrument, Blade Handle Knurled #3KD Rd 5 1/4"," - Instrument, Blade Handle Knurled #3KD Rd 5 1/4",OS01350,,OS01350,,EA,$44.55 ,2,0,0,,6,Total Tx Amt. $0.00
13, - CARE FUSION,1420,,,O,"$2,695.33 ",$0.00 ,5/31/2019,wbra,6/3/2019,wbra,976, - Instrument Fine Stitch Scissore16mm Str Point Tip, - Instrument Fine Stitch Scissore16mm Str Point Tip,OP0917-992,GENERAL ,OP0917-992,,EA,$252.62 ,2,0,0,,6,Total Tx Amt. $0.00
13, - CARE FUSION,1420,,,O,"$2,695.33 ",$0.00 ,5/31/2019,wbra,6/3/2019,wbra,975," - Instrument, Castroviejo Needle Hldr Hvy Jaw str 16"," - Instrument, Castroviejo Needle Hldr Hvy Jaw str 16",OP0908-706,GENERAL ,OP0908-706,,EA,$328.85 ,2,0,0,,6,Total Tx Amt. $0.00
13, - CARE FUSION,1420,,,O,"$2,695.33 ",$0.00 ,5/31/2019,wbra,6/3/2019,wbra,974," - Instrument,Castroviejo .12mm TTH Str Forceps"," - Instrument,Castroviejo .12mm TTH Str Forceps",OP0910-501,GENERAL ,OP0910-501,,EA,$279.49 ,2,0,0,,6,Total Tx Amt. $0.00
13, - CARE FUSION,1420,,,O,"$2,695.33 ",$0.00 ,5/31/2019,wbra,6/3/2019,wbra,973," - instrument, Stern-Castro.5mm TTH Str Forceps"," - instrument, Stern-Castro.5mm TTH Str Forceps",OP0910-601,GENERAL ,OP0910-601,,EA,$201.80 ,2,0,0,,6,Total Tx Amt. $0.00
1, - MCKESSON,1421,,,O,"$1,318.83 ",$0.00 ,5/31/2019,wbra,6/3/2019,wbra,980, - Beaver Blade 6700, - Beaver Blade 6700,804194,GENERAL ,804194,,20/BX,$37.95 ,1,0,0,,17,Total Tx Amt. $0.00
1, - MCKESSON,1421,,,O,"$1,318.83 ",$0.00 ,5/31/2019,wbra,6/3/2019,wbra,981, - Angiocath 22 ga 3/4, - Angiocath 22 ga 3/4,329827,GENERAL ,329827,,50/BX,$230.25 ,1,0,0,,17,Total Tx Amt. $0.00
1, - MCKESSON,1421,,,O,"$1,318.83 ",$0.00 ,5/31/2019,wbra,6/3/2019,wbra,982, - Petrolatum Impregnated Dressing Vaseline? 1 X 8 In, - Petrolatum Impregnated Dressing Vaseline? 1 X 8 In,167694,GENERAL ,Petrolatum Impregnat,,50/BX,$20.51 ,1,0,0,,17,Total Tx Amt. $0.00
1, - MCKESSON,1421,,,O,"$1,318.83 ",$0.00 ,5/31/2019,wbra,6/3/2019,wbra,148, - FLUID WATER 500ML BOTTLE, - FLUID WATER 500ML BOTTLE,161730,GENERAL ,14045,,12/CS,$26.72 ,2,0,0,,17,Total Tx Amt. $0.00
1, - MCKESSON,1421,,,O,"$1,318.83 ",$0.00 ,5/31/2019,wbra,6/3/2019,wbra,627," - DETERGENT, LOW SUDS INSTRUMENT"," - DETERGENT, LOW SUDS INSTRUMENT",53-28551,STRL PRO,484481,,4/BX,$83.61 ,2,0,0,,17,Total Tx Amt. $0.00
1, - MCKESSON,1421,,,O,"$1,318.83 ",$0.00 ,5/31/2019,wbra,6/3/2019,wbra,211, - MED PROPOFOL 20ML, - MED PROPOFOL 20ML,989562,IVSUPPLY,989562,,25/BX,$56.86 ,4,0,0,,17,Total Tx Amt. $0.00
1, - MCKESSON,1421,,,O,"$1,318.83 ",$0.00 ,5/31/2019,wbra,6/3/2019,wbra,710," - SUPP, NASAL CAN GAS SAMPLE 7'"," - SUPP, NASAL CAN GAS SAMPLE 7'",999489,ANESTHE ,999489,,25/CS,$42.19 ,1,0,0,,17,Total Tx Amt. $0.00
1, - MCKESSON,1421,,,O,"$1,318.83 ",$0.00 ,5/31/2019,wbra,6/3/2019,wbra,833," - Mask, Anes size 6 Adult Elongated"," - Mask, Anes size 6 Adult Elongated",854706,ANESTHE ,854706,,30/BX,$46.88 ,1,0,0,,17,Total Tx Amt. $0.00
1, - MCKESSON,1421,,,O,"$1,318.83 ",$0.00 ,5/31/2019,wbra,6/3/2019,wbra,830, - syringe/needle 3cc Blnt LL 18ga x 1 1/2, - syringe/needle 3cc Blnt LL 18ga x 1 1/2,305060,GENERAL ,459506,,100/BX,$16.85 ,3,0,0,,17,Total Tx Amt. $0.00
1, - MCKESSON,1421,,,O,"$1,318.83 ",$0.00 ,5/31/2019,wbra,6/3/2019,wbra,420, - SYRINGE LL 10ML, - SYRINGE LL 10ML,1031801,,1031801,,100/BX,$7.50 ,1,0,0,,17,Total Tx Amt. $0.00
1, - MCKESSON,1421,,,O,"$1,318.83 ",$0.00 ,5/31/2019,wbra,6/3/2019,wbra,416, - SYRINGE LL 30ML, - SYRINGE LL 30ML,BF302832,,16-S30C,,100/BX,$23.53 ,1,0,0,,17,Total Tx Amt. $0.00
1, - MCKESSON,1421,,,O,"$1,318.83 ",$0.00 ,5/31/2019,wbra,6/3/2019,wbra,418, - SYRINGE LL 60ML NS, - SYRINGE LL 60ML NS,102-S60C,,869662,,25/CT,$8.29 ,1,0,0,,17,Total Tx Amt. $0.00
1, - MCKESSON,1421,,,O,"$1,318.83 ",$0.00 ,5/31/2019,wbra,6/3/2019,wbra,192, - MED LIDOCAINE 2% 50ML, - MED LIDOCAINE 2% 50ML,300448,HSKPNG  ,300448,,25/BX,$80.96 ,1,0,0,,17,Total Tx Amt. $0.00
1, - MCKESSON,1421,,,O,"$1,318.83 ",$0.00 ,5/31/2019,wbra,6/3/2019,wbra,202, - MED NAROPIN 0.5% 30 ml vial, - MED NAROPIN 0.5% 30 ml vial,1107586,IVSUPPLY,698119,,5/CT,$33.56 ,2,0,0,,17,Total Tx Amt. $0.00
1, - MCKESSON,1421,,,O,"$1,318.83 ",$0.00 ,5/31/2019,wbra,6/3/2019,wbra,553, - MED METHYLPRED SDV 40MG/ML 1ML, - MED METHYLPRED SDV 40MG/ML 1ML,515116,MEDS    ,515116,,EA,$7.56 ,2,0,0,,17,Total Tx Amt. $0.00
1, - MCKESSON,1421,,,O,"$1,318.83 ",$0.00 ,5/31/2019,wbra,6/3/2019,wbra,849," - Lidocaine 1 % HCI Injection, USP 500mg/50ml Multi"," - Lidocaine 1 % HCI Injection, USP 500mg/50ml Multi",239936,,239936,,25/CT,$57.17 ,4,0,0,,17,Total Tx Amt. $0.00
1, - MCKESSON,1421,,,O,"$1,318.83 ",$0.00 ,5/31/2019,wbra,6/3/2019,wbra,229, - NDL HYPO 18X1.5, - NDL HYPO 18X1.5,1031789,IVS     ,1031789,,100/BX,$2.80 ,4,0,0,,17,Total Tx Amt. $0.00
3, - BOSTON SCIENTIFIC,1422,,,O,"$1,359.66 ",$0.00 ,5/31/2019,wbra,5/31/2019,wbra,851, - Navigator 11/13 x 36, - Navigator 11/13 x 36,M0062502220,GENERAL ,M0062502220,,EA,$197.65 ,2,0,0,,4,Total Tx Amt. $0.00
3, - BOSTON SCIENTIFIC,1422,,,O,"$1,359.66 ",$0.00 ,5/31/2019,wbra,5/31/2019,wbra,579," - BOSTON SCI, NAVIGATOR HD 11/13FR 46CM"," - BOSTON SCI, NAVIGATOR HD 11/13FR 46CM",M0062502230,GENERAL ,M0062502230,,EA,$197.65 ,2,0,0,,4,Total Tx Amt. $0.00
3, - BOSTON SCIENTIFIC,1422,,,O,"$1,359.66 ",$0.00 ,5/31/2019,wbra,5/31/2019,wbra,598, - 8/10 DILATOR/SHEATH SET, - 8/10 DILATOR/SHEATH SET,M0062601200,GENERAL ,M0062601200,,EA,$86.88 ,2,0,0,,4,Total Tx Amt. $0.00
3, - BOSTON SCIENTIFIC,1422,,,O,"$1,359.66 ",$0.00 ,5/31/2019,wbra,5/31/2019,wbra,578," - BOSTON SCI, NAVIGATOR HD 11/13FR 28CM"," - BOSTON SCI, NAVIGATOR HD 11/13FR 28CM",M0062502210,GENERAL ,M0062502210,,EA,$197.65 ,2,0,0,,4,Total Tx Amt. $0.00
17, - HEALTHTRONICS MOBILE SOLUTIONS,1423,,,O,"$1,750.00 ",$0.00 ,5/31/2019,wbra,5/31/2019,wbra,529, - LASER FIBER HO 200 SINGLE USE, - LASER FIBER HO 200 SINGLE USE,95193,GENERAL ,95193,,EA,$125.00 ,7,0,0,,3,Total Tx Amt. $0.00
17, - HEALTHTRONICS MOBILE SOLUTIONS,1423,,,O,"$1,750.00 ",$0.00 ,5/31/2019,wbra,5/31/2019,wbra,530, - LASER FIBER HO 272 SINGLE USE, - LASER FIBER HO 272 SINGLE USE,95448,GENERAL ,95448,,EA,$125.00 ,2,0,0,,3,Total Tx Amt. $0.00
17, - HEALTHTRONICS MOBILE SOLUTIONS,1423,,,O,"$1,750.00 ",$0.00 ,5/31/2019,wbra,5/31/2019,wbra,531, - LASER FIBER HO 365 SINGLE USE, - LASER FIBER HO 365 SINGLE USE,95612,GENERAL ,95612,,EA,$125.00 ,5,0,0,,3,Total Tx Amt. $0.00
21, - BK Medical,1424,,,O,$885.00 ,$0.00 ,5/31/2019,wbra,6/3/2019,wbra,723," - SUPP, ULTRASOUND GUIDE, BK"," - SUPP, ULTRASOUND GUIDE, BK",UA1322-S,GENERAL ,UA1322-S,,18/CS,$295.00 ,3,0,0,,1,Total Tx Amt. $0.00
26, - CUSTOM MEDICAL SPECILTIES,1425,,,O,$258.00 ,$0.00 ,6/3/2019,wbra,6/3/2019,wbra,637," - BAG, DRAIN SURGICAL TABLE"," - BAG, DRAIN SURGICAL TABLE",CMS-999,GENERAL ,CMS-999,,20/CS,$129.00 ,2,0,0,,1,Total Tx Amt. $0.00
4, - COOK MEDICAL,1426,,,O,$643.50 ,$0.00 ,6/3/2019,wbra,6/3/2019,wbra,459, - COOK URETERAL STENT FIRM UNIVERSA, - COOK URETERAL STENT FIRM UNIVERSA,G23406,GENERAL ,G23406,,EA,$49.50 ,6,0,0,,6,Total Tx Amt. $0.00
4, - COOK MEDICAL,1426,,,O,$643.50 ,$0.00 ,6/3/2019,wbra,6/3/2019,wbra,463, - COOK URETERAL STENT FIRM UNIVERSA, - COOK URETERAL STENT FIRM UNIVERSA,G23408,GENERAL ,G23408,,EA,$49.50 ,3,0,0,,6,Total Tx Amt. $0.00
4, - COOK MEDICAL,1426,,,O,$643.50 ,$0.00 ,6/3/2019,wbra,6/3/2019,wbra,985, - COOK STENT 7 x 22 Universal, - COOK STENT 7 x 22 Universal,G23413,,G23413,,EA,$49.50 ,1,0,0,,6,Total Tx Amt. $0.00
4, - COOK MEDICAL,1426,,,O,$643.50 ,$0.00 ,6/3/2019,wbra,6/3/2019,wbra,986, - COOK STENT 7 x 24 Universal Stent, - COOK STENT 7 x 24 Universal Stent,G23415,,D23415,,EA,$49.50 ,1,0,0,,6,Total Tx Amt. $0.00
4, - COOK MEDICAL,1426,,,O,$643.50 ,$0.00 ,6/3/2019,wbra,6/3/2019,wbra,987, - COOK STENT 7 X 26 Universal Stent, - COOK STENT 7 X 26 Universal Stent,G23416,,G23416,,EA,$49.50 ,1,0,0,,6,Total Tx Amt. $0.00
4, - COOK MEDICAL,1426,,,O,$643.50 ,$0.00 ,6/3/2019,wbra,6/3/2019,wbra,949, - Cook Ureteral Stent firm universal 7 fr x 28 cm, - Cook Ureteral Stent firm universal 7 fr x 28 cm,G23417,GENERAL ,G23417,,EA,$49.50 ,1,0,0,,6,Total Tx Amt. $0.00
24, - CIVCO,1427,,,O,$706.00 ,$0.00 ,6/3/2019,wbra,6/3/2019,wbra,611," - BRACHY, TEMPLATE GRID"," - BRACHY, TEMPLATE GRID",610-905,GENERAL ,610-905,,5/BX,$287.00 ,1,0,0,,2,Total Tx Amt. $0.00
24, - CIVCO,1427,,,O,$706.00 ,$0.00 ,6/3/2019,wbra,6/3/2019,wbra,610," - BRACHY, ENDOCAVITY BALLOON"," - BRACHY, ENDOCAVITY BALLOON",610-898,GENERAL ,610-898,,10/BX,$419.00 ,1,0,0,,2,Total Tx Amt. $0.00
8, - STERIS,1428,,,O,$76.14 ,$0.00 ,6/3/2019,wbra,6/3/2019,wbra,566, - SPD HPU CHEMICAL INDICATOR, - SPD HPU CHEMICAL INDICATOR,PCC061,STRL PRO,PCC061,,100/BX,$38.07 ,2,0,0,,1,Total Tx Amt. $0.00
14, - BARD,1429,,,O,"$1,080.00 ",$0.00 ,6/3/2019,wbra,6/3/2019,wbra,224, - NDL BIOPSY MAX CORE, - NDL BIOPSY MAX CORE,MC1825,IVSUPPLY,MC1825,,5/BX,$90.00 ,12,0,0,,1,Total Tx Amt. $0.00
1, - MCKESSON,1430,,,O,"$1,328.89 ",$0.00 ,6/3/2019,wbra,6/5/2019,wbra,136, - FLUID LR 1000ML, - FLUID LR 1000ML,515492,GENERAL ,515492,,14/CS,$31.21 ,2,0,0,,16,Total Tx Amt. $0.00
1, - MCKESSON,1430,,,O,"$1,328.89 ",$0.00 ,6/3/2019,wbra,6/5/2019,wbra,137, - FLUID LR 500ML, - FLUID LR 500ML,186663,GENERAL ,186663,,24/CS,$55.43 ,2,0,0,,16,Total Tx Amt. $0.00
1, - MCKESSON,1430,,,O,"$1,328.89 ",$0.00 ,6/3/2019,wbra,6/5/2019,wbra,559, - NDL HYPO 22GA X 7IN QUINCKE, - NDL HYPO 22GA X 7IN QUINCKE,405149,NEEDLES ,190450,,10/BX,$64.60 ,1,0,0,,16,Total Tx Amt. $0.00
1, - MCKESSON,1430,,,O,"$1,328.89 ",$0.00 ,6/3/2019,wbra,6/5/2019,wbra,330, - CATH URETERAL ADAPTER, - CATH URETERAL ADAPTER,140000,GENERAL ,927951,,100/BX,$50.56 ,1,0,0,,16,Total Tx Amt. $0.00
1, - MCKESSON,1430,,,O,"$1,328.89 ",$0.00 ,6/3/2019,wbra,6/5/2019,wbra,774," - Trash Bag Extra Heavy duty 60 gal 17mic, 38 x 58"," - Trash Bag Extra Heavy duty 60 gal 17mic, 38 x 58",980394,HSKPNG  ,980394,,2400/CS,$27.84 ,1,0,0,,16,Total Tx Amt. $0.00
1, - MCKESSON,1430,,,O,"$1,328.89 ",$0.00 ,6/3/2019,wbra,6/5/2019,wbra,123, - TOWEL PAPER C-FOLD, - TOWEL PAPER C-FOLD,1040599,GENERAL ,1040599,,1/CS,$18.08 ,2,0,0,,16,Total Tx Amt. $0.00
1, - MCKESSON,1430,,,O,"$1,328.89 ",$0.00 ,6/3/2019,wbra,6/5/2019,wbra,553, - MED METHYLPRED SDV 40MG/ML 1ML, - MED METHYLPRED SDV 40MG/ML 1ML,515116,MEDS    ,515116,,EA,$7.56 ,20,0,0,,16,Total Tx Amt. $0.00
1, - MCKESSON,1430,,,O,"$1,328.89 ",$0.00 ,6/3/2019,wbra,6/5/2019,wbra,127, - IV CATH INTROCAN 20X1, - IV CATH INTROCAN 20X1,629114,PACU    ,629114,,50/BX,$158.52 ,2,0,0,,16,Total Tx Amt. $0.00
1, - MCKESSON,1430,,,O,"$1,328.89 ",$0.00 ,6/3/2019,wbra,6/5/2019,wbra,132, - IV CATH INTROCAN 24X3/4, - IV CATH INTROCAN 24X3/4,425250002A,GENERAL ,762692,,50/BX,$125.09 ,1,0,0,,16,Total Tx Amt. $0.00
1, - MCKESSON,1430,,,O,"$1,328.89 ",$0.00 ,6/3/2019,wbra,6/5/2019,wbra,728," - MED, LEVOFLOXACIN PO 500MG TAB"," - MED, LEVOFLOXACIN PO 500MG TAB",65862053750,MEDS    ,776021,,1/BT,$10.01 ,2,0,0,,16,Total Tx Amt. $0.00
1, - MCKESSON,1430,,,O,"$1,328.89 ",$0.00 ,6/3/2019,wbra,6/5/2019,wbra,420, - SYRINGE LL 10ML, - SYRINGE LL 10ML,1031801,,1031801,,100/BX,$7.50 ,1,0,0,,16,Total Tx Amt. $0.00
1, - MCKESSON,1430,,,O,"$1,328.89 ",$0.00 ,6/3/2019,wbra,6/5/2019,wbra,901, - Coverall Bunny Suit, - Coverall Bunny Suit,293648,GENERAL ,293566,,25/BX,$39.64 ,1,0,0,,16,Total Tx Amt. $0.00
1, - MCKESSON,1430,,,O,"$1,328.89 ",$0.00 ,6/3/2019,wbra,6/5/2019,wbra,991, - Sterile Processing Universal Load Label, - Sterile Processing Universal Load Label,URL-012-G,STRL PRO,568596,,12/BX,$101.27 ,1,0,0,,16,Total Tx Amt. $0.00
1, - MCKESSON,1430,,,O,"$1,328.89 ",$0.00 ,6/3/2019,wbra,6/5/2019,wbra,992," - Tape, Indicator Verify VH202"," - Tape, Indicator Verify VH202",PCC071,STRL PRO,1114366,,6/BX,$59.15 ,1,0,0,,16,Total Tx Amt. $0.00
1, - MCKESSON,1430,,,O,"$1,328.89 ",$0.00 ,6/3/2019,wbra,6/5/2019,wbra,59," - TAPE SELF ADHERE (COBAN) 3IN STER 1"""," - TAPE SELF ADHERE (COBAN) 3IN STER 1""",CAH35LFS,DRESSING,481236,,5/BX,$2.68 ,4,0,0,,16,Total Tx Amt. $0.00
1, - MCKESSON,1430,,,O,"$1,328.89 ",$0.00 ,6/3/2019,wbra,6/5/2019,wbra,993, - Virex Plus Cleaner Disinfectant, - Virex Plus Cleaner Disinfectant,1002178,HSKPNG  ,1002178,,2/CS,$144.82 ,1,0,0,,16,Total Tx Amt. $0.00
13, - CARE FUSION,1431,,,O,$565.28 ,$0.00 ,6/3/2019,wbra,6/3/2019,wbra,983, - Potts Tenotomy Scissors STR  5 1/2, - Potts Tenotomy Scissors STR  5 1/2,CH5674-002,GENERAL ,CH5674-002,,EA,$282.64 ,1,0,0,,2,Total Tx Amt. $0.00
13, - CARE FUSION,1431,,,O,$565.28 ,$0.00 ,6/3/2019,wbra,6/3/2019,wbra,984, - Potts Tenotomy Scissors CVD  5 1/2, - Potts Tenotomy Scissors CVD  5 1/2,CH5674-001,GENERAL ,CH5674-001,,EA,$282.64 ,1,0,0,,2,Total Tx Amt. $0.00
27, - BESSE MEDICAL,1432,,,O,$381.06 ,$0.00 ,6/3/2019,wbra,12/26/2019,wbra,649," - MED, CAVERJECT 10MCG KIT 2PK"," - MED, CAVERJECT 10MCG KIT 2PK",00009-5181-01,,30097,,2/CS,$190.53 ,2,0,0,,1,Total Tx Amt. $0.00
2, - CARDINAL HEALTH,1433,,,O,$885.48 ,$0.00 ,6/4/2019,wbra,6/5/2019,wbra,99, - GLOVE PROTEXIS PI 6 LATEX FREE, - GLOVE PROTEXIS PI 6 LATEX FREE,2D72PT60X,GENERAL ,2D72PT60X,,50/BX,$89.45 ,1,0,0,,7,Total Tx Amt. $0.00
2, - CARDINAL HEALTH,1433,,,O,$885.48 ,$0.00 ,6/4/2019,wbra,6/5/2019,wbra,78, - GLOVE NEOPRENE 6.5, - GLOVE NEOPRENE 6.5,2D73DP65,GENERAL ,2D73DP65,,50/BX,$71.50 ,1,0,0,,7,Total Tx Amt. $0.00
2, - CARDINAL HEALTH,1433,,,O,$885.48 ,$0.00 ,6/4/2019,wbra,6/5/2019,wbra,103, - GLOVE PROTEXIS PI 8 LATEX FREE, - GLOVE PROTEXIS PI 8 LATEX FREE,2D72PT80X,GENERAL ,2D72PT80X,,50/BX,$89.45 ,1,0,0,,7,Total Tx Amt. $0.00
2, - CARDINAL HEALTH,1433,,,O,$885.48 ,$0.00 ,6/4/2019,wbra,6/5/2019,wbra,26," - DRAPE SHEET, THREE QUARTER"," - DRAPE SHEET, THREE QUARTER",9349,ANESTHE ,9349,,20/CS,$29.43 ,1,0,0,,7,Total Tx Amt. $0.00
2, - CARDINAL HEALTH,1433,,,O,$885.48 ,$0.00 ,6/4/2019,wbra,6/5/2019,wbra,294, - PREP CHLORAPREP 26ML TINT, - PREP CHLORAPREP 26ML TINT,260815,,260815,,25/CS,$328.63 ,1,0,0,,7,Total Tx Amt. $0.00
2, - CARDINAL HEALTH,1433,,,O,$885.48 ,$0.00 ,6/4/2019,wbra,6/5/2019,wbra,538, - SPD ATTEST SUPER RAPID READOUT STEAM PACK, - SPD ATTEST SUPER RAPID READOUT STEAM PACK,M1496V,STRL PRO,M1496V,,24/CS,$198.54 ,1,0,0,,7,Total Tx Amt. $0.00
2, - CARDINAL HEALTH,1433,,,O,$885.48 ,$0.00 ,6/4/2019,wbra,6/5/2019,wbra,317, - TEST TAPE STEAM, - TEST TAPE STEAM,T40311A,,T40311A,,EA,$13.08 ,6,0,0,,7,Total Tx Amt. $0.00
15, - TELEFLEX/ARROW,1434,,,O,$362.00 ,$0.00 ,6/5/2019,wbra,6/5/2019,wbra,989," - Instrument, Weck HZ Applier Small 6"" cvd"," - Instrument, Weck HZ Applier Small 6"" cvd",137061,GENERAL ,137061,,EA,$71.00 ,2,0,0,,2,Total Tx Amt. $0.00
15, - TELEFLEX/ARROW,1434,,,O,$362.00 ,$0.00 ,6/5/2019,wbra,6/5/2019,wbra,990, - Weck Horizon Ligating Clips T1 small 6/cart, - Weck Horizon Ligating Clips T1 small 6/cart,1200,GENERAL ,1200,,EA,$220.00 ,1,0,0,,2,Total Tx Amt. $0.00
4, - COOK MEDICAL,1435,,,O,$585.64 ,$0.00 ,6/5/2019,wbra,6/5/2019,wbra,458, - COOK URETERAL STENT FIRM UNIVERSA, - COOK URETERAL STENT FIRM UNIVERSA,G23405,GENERAL ,G23405,,EA,$49.50 ,6,0,0,,3,Total Tx Amt. $0.00
4, - COOK MEDICAL,1435,,,O,$585.64 ,$0.00 ,6/5/2019,wbra,6/5/2019,wbra,460, - COOK URETERAL STENT FIRM UNIVERSA, - COOK URETERAL STENT FIRM UNIVERSA,G23407,GENERAL ,G23407,,EA,$49.50 ,4,0,0,,3,Total Tx Amt. $0.00
4, - COOK MEDICAL,1435,,,O,$585.64 ,$0.00 ,6/5/2019,wbra,6/5/2019,wbra,465, - COOK OPEN-END URETERAL CATH 5Fr, - COOK OPEN-END URETERAL CATH 5Fr,G14274,GENERAL ,G14274,,10/BX,$90.64 ,1,0,0,,3,Total Tx Amt. $0.00
1, - MCKESSON,1436,,,O,"$4,165.32 ",$0.00 ,6/5/2019,wbra,6/7/2019,wbra,764," - Mask, Face Surg Light Blue pleated with ties"," - Mask, Face Surg Light Blue pleated with ties",48100,GENERAL ,206484,,60/BX,$23.81 ,1,0,0,,8,Total Tx Amt. $0.00
1, - MCKESSON,1436,,,O,"$4,165.32 ",$0.00 ,6/5/2019,wbra,6/7/2019,wbra,, - Digital Timer P/N 563626, - Digital Timer P/N 563626,,,,,EA,$9.90 ,3,0,0,,8,Total Tx Amt. $0.00
1, - MCKESSON,1436,,,O,"$4,165.32 ",$0.00 ,6/5/2019,wbra,6/7/2019,wbra,140, - FLUID NACL 3000ML, - FLUID NACL 3000ML,230132,GENERAL ,230132,,4/CS,$34.32 ,6,0,0,,8,Total Tx Amt. $0.00
1, - MCKESSON,1436,,,O,"$4,165.32 ",$0.00 ,6/5/2019,wbra,6/7/2019,wbra,726," - SUPP, Y TUBING"," - SUPP, Y TUBING",2C4005,GENERAL ,200390,,12/BX,$121.28 ,4,0,0,,8,Total Tx Amt. $0.00
1, - MCKESSON,1436,,,O,"$4,165.32 ",$0.00 ,6/5/2019,wbra,6/7/2019,wbra,699," - MED, SEVOFLURANE INHAL"," - MED, SEVOFLURANE INHAL",6679401525,MEDS    ,779244,,EA,$128.40 ,6,0,0,,8,Total Tx Amt. $0.00
1, - MCKESSON,1436,,,O,"$4,165.32 ",$0.00 ,6/5/2019,wbra,6/7/2019,wbra,1000," - PACU, Exergen Temporal Thermometer"," - PACU, Exergen Temporal Thermometer",124275-P,PACU    ,524331,,EA,$348.46 ,7,0,0,,8,Total Tx Amt. $0.00
1, - MCKESSON,1436,,,O,"$4,165.32 ",$0.00 ,6/5/2019,wbra,6/7/2019,wbra,1001," - Clock, Black, 12"" Qurartz Wall Clock"," - Clock, Black, 12"" Qurartz Wall Clock",600233,GENERAL ,600233,,EA,$18.83 ,2,0,0,,8,Total Tx Amt. $0.00
1, - MCKESSON,1436,,,O,"$4,165.32 ",$0.00 ,6/5/2019,wbra,6/7/2019,wbra,624," - MED, OMNIPAQUE 300"," - MED, OMNIPAQUE 300",407141361,MEDS    ,533382,,10/BX,$57.83 ,3,0,0,,8,Total Tx Amt. $0.00
11, - RICHARD WOLF,1437,,,O,"$1,498.09 ",$0.00 ,6/5/2019,wbra,6/6/2019,wbra,994," - Equipment, Adapter for Toomey Syringe, rreusable"," - Equipment, Adapter for Toomey Syringe, rreusable",845.11,STRL PRO,845.11,,EA,$89.84 ,3,0,0,,3,Total Tx Amt. $0.00
11, - RICHARD WOLF,1437,,,O,"$1,498.09 ",$0.00 ,6/5/2019,wbra,6/6/2019,wbra,995," - Equipment, Lamp Module Xenon 300 Watt"," - Equipment, Lamp Module Xenon 300 Watt",2431.121,STRL PRO,2431.121,,EA,"$1,026.64 ",1,0,0,,3,Total Tx Amt. $0.00
11, - RICHARD WOLF,1437,,,O,"$1,498.09 ",$0.00 ,6/5/2019,wbra,6/6/2019,wbra,996," - Equipment, Print Pack for towers in OR"," - Equipment, Print Pack for towers in OR",5365.8551,GENERAL ,5365.8551,,EA,$201.93 ,1,0,0,,3,Total Tx Amt. $0.00
3, - BOSTON SCIENTIFIC,1438,,,O,"$14,411.01 ",$0.00 ,6/6/2019,wbra,6/6/2019,wbra,997," - IMPL, SKW Seep ScrotalRetraction System"," - IMPL, SKW Seep ScrotalRetraction System",72403867,GENERAL ,72403867,,EA,$421.00 ,1,0,0,Serial/Lot/Batch 9268711053,5,Total Tx Amt. $0.00
3, - BOSTON SCIENTIFIC,1438,,,O,"$14,411.01 ",$0.00 ,6/6/2019,wbra,6/6/2019,wbra,948," - Impl, AMS 700 Accessary Kit"," - Impl, AMS 700 Accessary Kit",72401850,GENERAL ,72401850,,EA,$860.00 ,1,0,0,Serial/Lot/Batch 1000219374,5,Total Tx Amt. $0.00
3, - BOSTON SCIENTIFIC,1438,,,O,"$14,411.01 ",$0.00 ,6/6/2019,wbra,6/6/2019,wbra,998," - IMPL, AMS 700 Reservoir, IZ"," - IMPL, AMS 700 Reservoir, IZ",72404155,GENERAL ,72404155,,EA,"$2,630.00 ",1,0,0,Serial/lot/batch 1000236310,5,Total Tx Amt. $0.00
3, - BOSTON SCIENTIFIC,1438,,,O,"$14,411.01 ",$0.00 ,6/6/2019,wbra,6/6/2019,wbra,999," - IMPL, AMS 700 LGX, MS Pump, IZ"," - IMPL, AMS 700 LGX, MS Pump, IZ",72404252-10,GENERAL ,72404252-10,,EA,"$10,500.00 ",1,0,0,Serial/Lot/Batch 1000239523,5,Total Tx Amt. $0.00
3, - BOSTON SCIENTIFIC,1438,,,O,"$14,411.01 ",$0.00 ,6/6/2019,wbra,6/6/2019,wbra,946," - Impl, 1.5 Cm"," - Impl, 1.5 Cm",72404330,GENERAL ,72404156,,EA,$0.01 ,1,0,0,Serial/Lot/Batch 1000213114,5,Total Tx Amt. $0.00
2, - CARDINAL HEALTH,1439,,,O,"$3,793.27 ",$0.00 ,6/7/2019,wbra,6/10/2019,wbra,670," - ANES, AIRWAY, LMA IGEL 4"," - ANES, AIRWAY, LMA IGEL 4",8204000,ANESTHE ,I8204,,25/CS,$545.54 ,2,0,0,,22,Total Tx Amt. $0.00
2, - CARDINAL HEALTH,1439,,,O,"$3,793.27 ",$0.00 ,6/7/2019,wbra,6/10/2019,wbra,796," - King UltraFlex 72"" breathing circuit"," - King UltraFlex 72"" breathing circuit",,ANESTHE ,8753F6121Z,,30/BX,$199.55 ,2,0,0,,22,Total Tx Amt. $0.00
2, - CARDINAL HEALTH,1439,,,O,"$3,793.27 ",$0.00 ,6/7/2019,wbra,6/10/2019,wbra,619," - ANES, AIRWAY ORAL 90MM YELLOW"," - ANES, AIRWAY ORAL 90MM YELLOW",122790A,ANESTHE ,122790A,,10/BX,$9.82 ,2,0,0,,22,Total Tx Amt. $0.00
2, - CARDINAL HEALTH,1439,,,O,"$3,793.27 ",$0.00 ,6/7/2019,wbra,6/10/2019,wbra,564, - ANES AIRWAY ORAL 100MM RED, - ANES AIRWAY ORAL 100MM RED,16-2101G,ANESTHE ,1227100A,,10/BX,$9.82 ,2,0,0,,22,Total Tx Amt. $0.00
2, - CARDINAL HEALTH,1439,,,O,"$3,793.27 ",$0.00 ,6/7/2019,wbra,6/10/2019,wbra,281, - SOCK SLIPPER ADULT XL, - SOCK SLIPPER ADULT XL,68125-GRY,,68125-GRY,,48/BX,$33.01 ,2,0,0,,22,Total Tx Amt. $0.00
2, - CARDINAL HEALTH,1439,,,O,"$3,793.27 ",$0.00 ,6/7/2019,wbra,6/10/2019,wbra,134, - IV START KIT, - IV START KIT,01-9000A,GENERAL ,01-9000A,,100/CS,$100.00 ,1,0,0,,22,Total Tx Amt. $0.00
2, - CARDINAL HEALTH,1439,,,O,"$3,793.27 ",$0.00 ,6/7/2019,wbra,6/10/2019,wbra,739, - SafeDay IV Administration Set, - SafeDay IV Administration Set,352904,PACU    ,352899,,50/BX,$141.94 ,2,0,0,,22,Total Tx Amt. $0.00
2, - CARDINAL HEALTH,1439,,,O,"$3,793.27 ",$0.00 ,6/7/2019,wbra,6/10/2019,wbra,31, - DRAPE CYSTO PACK, - DRAPE CYSTO PACK,SPP99CY1AA,DRAPE   ,SPP99CY1AA,,6/CS,$118.62 ,4,0,0,,22,Total Tx Amt. $0.00
2, - CARDINAL HEALTH,1439,,,O,"$3,793.27 ",$0.00 ,6/7/2019,wbra,6/10/2019,wbra,35, - DRAPE UNDER BUTT W/ POUCH, - DRAPE UNDER BUTT W/ POUCH,8484,DRAPE   ,8484,,20/CS,$66.60 ,1,0,0,,22,Total Tx Amt. $0.00
2, - CARDINAL HEALTH,1439,,,O,"$3,793.27 ",$0.00 ,6/7/2019,wbra,6/10/2019,wbra,102, - GLOVE PROTEXIS PI 7.5 LATEX FREE, - GLOVE PROTEXIS PI 7.5 LATEX FREE,2D72PT75X,GENERAL ,2D72PT75X,,50/BX,$89.45 ,2,0,0,,22,Total Tx Amt. $0.00
2, - CARDINAL HEALTH,1439,,,O,"$3,793.27 ",$0.00 ,6/7/2019,wbra,6/10/2019,wbra,71, - GLOVE EXAM SMALL NITRILE, - GLOVE EXAM SMALL NITRILE,88TN02S,GENERAL ,88TN02S,,10/CS,$87.80 ,1,0,0,,22,Total Tx Amt. $0.00
2, - CARDINAL HEALTH,1439,,,O,"$3,793.27 ",$0.00 ,6/7/2019,wbra,6/10/2019,wbra,74, - GLOVE EXAM MEDIUM NITRILE, - GLOVE EXAM MEDIUM NITRILE,88TN03M,GENERAL ,88TN03M,,1/CS,$87.80 ,1,0,0,,22,Total Tx Amt. $0.00
2, - CARDINAL HEALTH,1439,,,O,"$3,793.27 ",$0.00 ,6/7/2019,wbra,6/10/2019,wbra,70, - GLOVE EXAM LARGE NITRILE, - GLOVE EXAM LARGE NITRILE,88TN04L,GENERAL ,88TN04L,,10/CS,$87.80 ,1,0,0,,22,Total Tx Amt. $0.00
2, - CARDINAL HEALTH,1439,,,O,"$3,793.27 ",$0.00 ,6/7/2019,wbra,6/10/2019,wbra,100, - GLOVE PROTEXIS PI 6.5 LATEX FREE, - GLOVE PROTEXIS PI 6.5 LATEX FREE,2D72PT65X,GENERAL ,2D72PT65X,,50/BX,$89.45 ,1,0,0,,22,Total Tx Amt. $0.00
2, - CARDINAL HEALTH,1439,,,O,"$3,793.27 ",$0.00 ,6/7/2019,wbra,6/10/2019,wbra,103, - GLOVE PROTEXIS PI 8 LATEX FREE, - GLOVE PROTEXIS PI 8 LATEX FREE,2D72PT80X,GENERAL ,2D72PT80X,,50/BX,$89.45 ,1,0,0,,22,Total Tx Amt. $0.00
2, - CARDINAL HEALTH,1439,,,O,"$3,793.27 ",$0.00 ,6/7/2019,wbra,6/10/2019,wbra,422, - DISINFECT CAVIWIPE 1MIN, - DISINFECT CAVIWIPE 1MIN,MX13-1150,HSKPNG  ,MX13-1150,,12/BX,$64.95 ,1,0,0,,22,Total Tx Amt. $0.00
2, - CARDINAL HEALTH,1439,,,O,"$3,793.27 ",$0.00 ,6/7/2019,wbra,6/10/2019,wbra,313, - WRAP TRAY LINER WHT, - WRAP TRAY LINER WHT,KM10502B,STRL PRO,KM10502B,,4000/CS,$55.13 ,2,0,0,,22,Total Tx Amt. $0.00
2, - CARDINAL HEALTH,1439,,,O,"$3,793.27 ",$0.00 ,6/7/2019,wbra,6/10/2019,wbra,372, - DRAPE TOWEL SURGICAL 4PK BLUE, - DRAPE TOWEL SURGICAL 4PK BLUE,28700-004,DRAPE   ,28700-004,,20/CS,$37.00 ,2,0,0,,22,Total Tx Amt. $0.00
2, - CARDINAL HEALTH,1439,,,O,"$3,793.27 ",$0.00 ,6/7/2019,wbra,6/10/2019,wbra,542, - DRP PACK MINOR PROCEDURE, - DRP PACK MINOR PROCEDURE,SPP99MN7AA,DRAPE   ,SPP99MN7AA,,4/CS,$92.00 ,2,0,0,,22,Total Tx Amt. $0.00
2, - CARDINAL HEALTH,1439,,,O,"$3,793.27 ",$0.00 ,6/7/2019,wbra,6/10/2019,wbra,1004," - Gloves, Nitrile Exam  XS"," - Gloves, Nitrile Exam  XS",88LC01XS,GENERAL ,88LC01XS,,10/CT,$108.80 ,1,0,0,,22,Total Tx Amt. $0.00
2, - CARDINAL HEALTH,1439,,,O,"$3,793.27 ",$0.00 ,6/7/2019,wbra,6/10/2019,wbra,684," - GOWN, LG AAMI 4 SMART SLEEVE (LEVINE)"," - GOWN, LG AAMI 4 SMART SLEEVE (LEVINE)",9011,GENERAL ,9011,,20/CS,$63.77 ,1,0,0,,22,Total Tx Amt. $0.00
2, - CARDINAL HEALTH,1439,,,O,"$3,793.27 ",$0.00 ,6/7/2019,wbra,6/10/2019,wbra,106, - GOWN XLARGE, - GOWN XLARGE,9545,GENERAL ,9545,,20/CS,$45.85 ,1,0,0,,22,Total Tx Amt. $0.00
4, - COOK MEDICAL,1440,,,O,"$2,226.00 ",$0.00 ,6/7/2019,wbra,6/7/2019,wbra,439, - COOK TIPLESS STONE EXTRACTOR 2.2 x 115, - COOK TIPLESS STONE EXTRACTOR 2.2 x 115,G18778,GENERAL ,G18778,,EA,$174.00 ,5,0,0,,4,Total Tx Amt. $0.00
4, - COOK MEDICAL,1440,,,O,"$2,226.00 ",$0.00 ,6/7/2019,wbra,6/7/2019,wbra,459, - COOK URETERAL STENT FIRM UNIVERSA, - COOK URETERAL STENT FIRM UNIVERSA,G23406,GENERAL ,G23406,,EA,$49.50 ,5,0,0,,4,Total Tx Amt. $0.00
4, - COOK MEDICAL,1440,,,O,"$2,226.00 ",$0.00 ,6/7/2019,wbra,6/7/2019,wbra,458, - COOK URETERAL STENT FIRM UNIVERSA, - COOK URETERAL STENT FIRM UNIVERSA,G23405,GENERAL ,G23405,,EA,$49.50 ,3,0,0,,4,Total Tx Amt. $0.00
4, - COOK MEDICAL,1440,,,O,"$2,226.00 ",$0.00 ,6/7/2019,wbra,6/7/2019,wbra,440, - COOK WIRE GUIDE MOTION .035 STRAIGHT, - COOK WIRE GUIDE MOTION .035 STRAIGHT,G44846,GENERAL ,G44846,,5/BX,$240.00 ,4,0,0,,4,Total Tx Amt. $0.00
8, - STERIS,1441,,,O,"$1,097.50 ",$0.00 ,6/7/2019,wbra,6/7/2019,wbra,524, - STERIS VAPROX STERILANT, - STERIS VAPROX STERILANT,PB028,STRL PRO,PB028,,4/BX,$237.50 ,2,0,0,,2,Total Tx Amt. $0.00
8, - STERIS,1441,,,O,"$1,097.50 ",$0.00 ,6/7/2019,wbra,6/7/2019,wbra,523, - STERIS CELERITY 20HP BI, - STERIS CELERITY 20HP BI,LCB044,STRL PRO,LCB044,,25/BX,$311.25 ,2,0,0,,2,Total Tx Amt. $0.00
4, - COOK MEDICAL,1442,6/7/2019,6/11/2019,O,"$1,041.84 ",$0.00 ,6/7/2019,wbra,6/10/2019,wbra,747, - S-Curved Uretheral Dilator Set, - S-Curved Uretheral Dilator Set,G32789,,G32789,,EA,$173.64 ,6,0,0,,1,Total Tx Amt. $0.00
13, - CARE FUSION,1443,,,O,$388.14 ,$0.00 ,6/10/2019,wbra,6/10/2019,wbra,1002," - Instrument, Tying Scissors Micro Tray"," - Instrument, Tying Scissors Micro Tray",OP3186,STRL PRO,OP3186,,EA,$194.07 ,2,0,0,,1,Total Tx Amt. $0.00
1, - MCKESSON,1444,,,O,"$2,881.52 ",$0.00 ,6/10/2019,wbra,6/10/2019,wbra,148, - FLUID WATER 500ML BOTTLE, - FLUID WATER 500ML BOTTLE,161730,GENERAL ,14045,,12/CS,$26.72 ,2,0,0,,13,Total Tx Amt. $0.00
1, - MCKESSON,1444,,,O,"$2,881.52 ",$0.00 ,6/10/2019,wbra,6/10/2019,wbra,228, - NDL CHIBA 20G, - NDL CHIBA 20G,CNM-2008,IVSUPPLY,629155,,10/BX,$81.23 ,6,0,0,,13,Total Tx Amt. $0.00
1, - MCKESSON,1444,,,O,"$2,881.52 ",$0.00 ,6/10/2019,wbra,6/10/2019,wbra,, - Freezer Bags 1 Gallon, - Freezer Bags 1 Gallon,,,,,6/CS,$71.87 ,1,0,0,,13,Total Tx Amt. $0.00
1, - MCKESSON,1444,,,O,"$2,881.52 ",$0.00 ,6/10/2019,wbra,6/10/2019,wbra,140, - FLUID NACL 3000ML, - FLUID NACL 3000ML,230132,GENERAL ,230132,,4/CS,$34.32 ,2,0,0,,13,Total Tx Amt. $0.00
1, - MCKESSON,1444,,,O,"$2,881.52 ",$0.00 ,6/10/2019,wbra,6/10/2019,wbra,827," - Botox, Therapeutic VL  100units, Allergan"," - Botox, Therapeutic VL  100units, Allergan",,MEDS    ,349702,,1/BT,$670.42 ,2,0,0,,13,Total Tx Amt. $0.00
1, - MCKESSON,1444,,,O,"$2,881.52 ",$0.00 ,6/10/2019,wbra,6/10/2019,wbra,1005," - Drape, Microscope, Zeiss"," - Drape, Microscope, Zeiss",10186,GENERAL ,740754,,10/BX,$142.04 ,1,0,0,items 6 thru 13 conf # 35426340,13,Total Tx Amt. $0.00
1, - MCKESSON,1444,,,O,"$2,881.52 ",$0.00 ,6/10/2019,wbra,6/10/2019,wbra,710," - SUPP, NASAL CAN GAS SAMPLE 7'"," - SUPP, NASAL CAN GAS SAMPLE 7'",999489,ANESTHE ,999489,,25/CS,$42.19 ,2,0,0,,13,Total Tx Amt. $0.00
1, - MCKESSON,1444,,,O,"$2,881.52 ",$0.00 ,6/10/2019,wbra,6/10/2019,wbra,211, - MED PROPOFOL 20ML, - MED PROPOFOL 20ML,989562,IVSUPPLY,989562,,25/BX,$56.86 ,4,0,0,,13,Total Tx Amt. $0.00
1, - MCKESSON,1444,,,O,"$2,881.52 ",$0.00 ,6/10/2019,wbra,6/10/2019,wbra,833," - Mask, Anes size 6 Adult Elongated"," - Mask, Anes size 6 Adult Elongated",854706,ANESTHE ,854706,,30/BX,$46.88 ,2,0,0,,13,Total Tx Amt. $0.00
1, - MCKESSON,1444,,,O,"$2,881.52 ",$0.00 ,6/10/2019,wbra,6/10/2019,wbra,162, - MED ANCEF 1G, - MED ANCEF 1G,1107414,GLV/MSK ,1107414,,25/BX,$25.94 ,1,0,0,,13,Total Tx Amt. $0.00
1, - MCKESSON,1444,,,O,"$2,881.52 ",$0.00 ,6/10/2019,wbra,6/10/2019,wbra,135, - FLUID LR 1000ML, - FLUID LR 1000ML,208829,GENERAL ,208829,,12/CS,$71.07 ,2,0,0,,13,Total Tx Amt. $0.00
1, - MCKESSON,1444,,,O,"$2,881.52 ",$0.00 ,6/10/2019,wbra,6/10/2019,wbra,137, - FLUID LR 500ML, - FLUID LR 500ML,186663,GENERAL ,186663,,24/CS,$55.43 ,2,0,0,,13,Total Tx Amt. $0.00
1, - MCKESSON,1444,,,O,"$2,881.52 ",$0.00 ,6/10/2019,wbra,6/10/2019,wbra,761, - Patien belong bags, - Patien belong bags,30421100,PACU    ,447753,,250/CS,$32.79 ,1,0,0,,13,Total Tx Amt. $0.00
19, - STRAND DX,1445,,,O,$0.04 ,$0.00 ,6/10/2019,wbra,6/10/2019,wbra,563," - BIOPSY KIT, KNOW ERROR"," - BIOPSY KIT, KNOW ERROR",KIT,GENERAL ,KIT,,12/BX,$0.01 ,4,0,0,,1,Total Tx Amt. $0.00
31, - NEOTRACT/ UROLIFT,1446,,,O,"$19,000.00 ",$0.00 ,6/10/2019,wbra,6/10/2019,wbra,665, - UROLIFT SYSTEM IMPLANT, - UROLIFT SYSTEM IMPLANT,UL400-4,GENERAL ,UL400-4,,4/CS,"$3,800.00 ",5,0,0,,1,Total Tx Amt. $0.00
27, - BESSE MEDICAL,1447,,,O,"$1,300.42 ",$0.00 ,6/10/2019,wbra,6/10/2019,wbra,648," - MED, RIFADIN IV 600MG 25ML"," - MED, RIFADIN IV 600MG 25ML",00068-0597-01,MEDS    ,10820,,EA,$194.63 ,6,0,0,,3,Total Tx Amt. $0.00
27, - BESSE MEDICAL,1447,,,O,"$1,300.42 ",$0.00 ,6/10/2019,wbra,6/10/2019,wbra,885," - Bacitracin, VL PDR 50,000 Units"," - Bacitracin, VL PDR 50,000 Units",255718,GENERAL ,14438,,1/BT,$7.57 ,12,0,0,,3,Total Tx Amt. $0.00
27, - BESSE MEDICAL,1447,,,O,"$1,300.42 ",$0.00 ,6/10/2019,wbra,6/10/2019,wbra,1003, - Amphotericin B 50 mg, - Amphotericin B 50 mg,39822105505,GENERAL ,11453,,EA,$41.80 ,1,0,0,,3,Total Tx Amt. $0.00
1, - MCKESSON,1448,,,O,$431.51 ,$0.00 ,6/11/2019,wbra,6/12/2019,wbra,1006, - Weck Spears, - Weck Spears,30-049,,725158,,10/BX,$22.13 ,1,0,0,,6,Total Tx Amt. $0.00
1, - MCKESSON,1448,,,O,$431.51 ,$0.00 ,6/11/2019,wbra,6/12/2019,wbra,1007," - Wipe, Micro Tip Instrument Wipe"," - Wipe, Micro Tip Instrument Wipe",184530,,184530,,25/BX,$24.99 ,1,0,0,,6,Total Tx Amt. $0.00
1, - MCKESSON,1448,,,O,$431.51 ,$0.00 ,6/11/2019,wbra,6/12/2019,wbra,866," - Doxycycline 100 mg, sdv 20 Ml"," - Doxycycline 100 mg, sdv 20 Ml",63323013011,GENERAL ,473826,,10/BX,$298.49 ,1,0,0,,6,Total Tx Amt. $0.00
1, - MCKESSON,1448,,,O,$431.51 ,$0.00 ,6/11/2019,wbra,6/12/2019,wbra,229, - NDL HYPO 18X1.5, - NDL HYPO 18X1.5,1031789,IVS     ,1031789,,100/BX,$2.80 ,3,0,0,,6,Total Tx Amt. $0.00
1, - MCKESSON,1448,,,O,$431.51 ,$0.00 ,6/11/2019,wbra,6/12/2019,wbra,414, - SYRINGE BULB 60ML, - SYRINGE BULB 60ML,67000,,143286,,50/CS,$32.12 ,1,0,0,,6,Total Tx Amt. $0.00
1, - MCKESSON,1448,,,O,$431.51 ,$0.00 ,6/11/2019,wbra,6/12/2019,wbra,829, - Knit pant unisex knit weave pants, - Knit pant unisex knit weave pants,884172,PACU    ,884172,,100/CS,$45.38 ,1,0,0,,6,Total Tx Amt. $0.00
2, - CARDINAL HEALTH,1449,,,O,"$1,412.53 ",$0.00 ,6/11/2019,wbra,6/12/2019,wbra,1008, - AngioCath 14 ga x 133mm, - AngioCath 14 ga x 133mm,382269,,382269,,10/BX,$202.16 ,1,0,0,,12,Total Tx Amt. $0.00
2, - CARDINAL HEALTH,1449,,,O,"$1,412.53 ",$0.00 ,6/11/2019,wbra,6/12/2019,wbra,64, - TAPE PLASTIC/TRANSPORE 1IN, - TAPE PLASTIC/TRANSPORE 1IN,M1527-1,DRESSING,M1527-1,,12/BX,$10.45 ,2,0,0,,12,Total Tx Amt. $0.00
2, - CARDINAL HEALTH,1449,,,O,"$1,412.53 ",$0.00 ,6/11/2019,wbra,6/12/2019,wbra,26," - DRAPE SHEET, THREE QUARTER"," - DRAPE SHEET, THREE QUARTER",9349,ANESTHE ,9349,,20/CS,$29.43 ,1,0,0,,12,Total Tx Amt. $0.00
2, - CARDINAL HEALTH,1449,,,O,"$1,412.53 ",$0.00 ,6/11/2019,wbra,6/12/2019,wbra,372, - DRAPE TOWEL SURGICAL 4PK BLUE, - DRAPE TOWEL SURGICAL 4PK BLUE,28700-004,DRAPE   ,28700-004,,20/CS,$37.00 ,1,0,0,,12,Total Tx Amt. $0.00
2, - CARDINAL HEALTH,1449,,,O,"$1,412.53 ",$0.00 ,6/11/2019,wbra,6/12/2019,wbra,298, - PREP TRAY IODINE STERILE, - PREP TRAY IODINE STERILE,Nov-08,,Nov-08,,20/CS,$77.40 ,3,0,0,,12,Total Tx Amt. $0.00
2, - CARDINAL HEALTH,1449,,,O,"$1,412.53 ",$0.00 ,6/11/2019,wbra,6/12/2019,wbra,32, - DRAPE SURGICAL LEGGINGS, - DRAPE SURGICAL LEGGINGS,8421,DRAPE   ,8421,,20/CS,$43.60 ,1,0,0,,12,Total Tx Amt. $0.00
2, - CARDINAL HEALTH,1449,,,O,"$1,412.53 ",$0.00 ,6/11/2019,wbra,6/12/2019,wbra,300, - PREP APPLICATOR SPONGE IODINE, - PREP APPLICATOR SPONGE IODINE,DYND70288,,DYND70288,,30/BX,$117.51 ,1,0,0,,12,Total Tx Amt. $0.00
2, - CARDINAL HEALTH,1449,,,O,"$1,412.53 ",$0.00 ,6/11/2019,wbra,6/12/2019,wbra,363, - CONTAINER SUCTION 3000ML, - CONTAINER SUCTION 3000ML,65651-230,GENERAL ,65651-230,,40/CS,$70.47 ,2,0,0,,12,Total Tx Amt. $0.00
2, - CARDINAL HEALTH,1449,,,O,"$1,412.53 ",$0.00 ,6/11/2019,wbra,6/12/2019,wbra,756," - Suture, 2-0 Perma-Hand Silk"," - Suture, 2-0 Perma-Hand Silk",685G,,685G,,12/BX,$19.47 ,3,0,0,,12,Total Tx Amt. $0.00
2, - CARDINAL HEALTH,1449,,,O,"$1,412.53 ",$0.00 ,6/11/2019,wbra,6/12/2019,wbra,53, - GAUZE 2X2 NS PKG, - GAUZE 2X2 NS PKG,C-NWS224,DRESSING,C-NWS224,,1/CS,$17.14 ,1,0,0,,12,Total Tx Amt. $0.00
2, - CARDINAL HEALTH,1449,,,O,"$1,412.53 ",$0.00 ,6/11/2019,wbra,6/12/2019,wbra,31, - DRAPE CYSTO PACK, - DRAPE CYSTO PACK,SPP99CY1AA,DRAPE   ,SPP99CY1AA,,6/CS,$118.62 ,2,0,0,,12,Total Tx Amt. $0.00
2, - CARDINAL HEALTH,1449,,,O,"$1,412.53 ",$0.00 ,6/11/2019,wbra,6/12/2019,wbra,542, - DRP PACK MINOR PROCEDURE, - DRP PACK MINOR PROCEDURE,SPP99MN7AA,DRAPE   ,SPP99MN7AA,,4/CS,$92.00 ,3,0,0,,12,Total Tx Amt. $0.00
3, - BOSTON SCIENTIFIC,1450,,,O,"$3,938.84 ",$0.00 ,6/12/2019,wbra,6/12/2019,wbra,446, - BOSTON SCI WIRE GUIDE SENSOR .035 STR, - BOSTON SCI WIRE GUIDE SENSOR .035 STR,M0066703081,GENERAL ,M0066703081,,5/BX,$374.66 ,4,0,0,,2,Total Tx Amt. $0.00
3, - BOSTON SCIENTIFIC,1450,,,O,"$3,938.84 ",$0.00 ,6/12/2019,wbra,6/12/2019,wbra,645," - BASKET, ZERO TIP 1.9FR X 120CM BOSTON"," - BASKET, ZERO TIP 1.9FR X 120CM BOSTON",M0063901050,GENERAL ,M0063901050,,EA,$348.60 ,7,0,0,,2,Total Tx Amt. $0.00
14, - BARD,1451,,,O,$900.00 ,$0.00 ,6/12/2019,wbra,6/12/2019,wbra,224, - NDL BIOPSY MAX CORE, - NDL BIOPSY MAX CORE,MC1825,IVSUPPLY,MC1825,,5/BX,$90.00 ,10,0,0,,1,Total Tx Amt. $0.00
11, - RICHARD WOLF,1452,,,O,$276.00 ,$0.00 ,6/12/2019,wbra,6/12/2019,wbra,724," - STOPCOCK, RICHARD WOLF LUES LOCK CONNECTION"," - STOPCOCK, RICHARD WOLF LUES LOCK CONNECTION",884,STRL PRO,884,,EA,$69.00 ,4,0,0,,1,Total Tx Amt. $0.00
3, - BOSTON SCIENTIFIC,1453,,,O,"$13,795.01 ",$0.00 ,6/12/2019,wbra,6/12/2019,wbra,948," - Impl, AMS 700 Accessary Kit"," - Impl, AMS 700 Accessary Kit",72401850,GENERAL ,72401850,,EA,$860.00 ,1,0,0,Serial/Lot/Batch # 1000273977,4,Total Tx Amt. $0.00
3, - BOSTON SCIENTIFIC,1453,,,O,"$13,795.01 ",$0.00 ,6/12/2019,wbra,6/12/2019,wbra,945," - AMS 700 Reservoir, IZ"," - AMS 700 Reservoir, IZ",72404156,GENERAL ,72404156,,EA,"$2,630.00 ",1,0,0,Serial/Lot/Batch # 1000219882,4,Total Tx Amt. $0.00
3, - BOSTON SCIENTIFIC,1453,,,O,"$13,795.01 ",$0.00 ,6/12/2019,wbra,6/12/2019,wbra,944," - Impl, AMS 700 CX MS Pump"," - Impl, AMS 700 CX MS Pump",72404231,GENERAL ,72404233-12,,EA,"$10,305.00 ",1,0,0,Serial/Lot/Batch # 1000253547,4,Total Tx Amt. $0.00
3, - BOSTON SCIENTIFIC,1453,,,O,"$13,795.01 ",$0.00 ,6/12/2019,wbra,6/12/2019,wbra,946," - Impl, 1.5 Cm"," - Impl, 1.5 Cm",72404330,GENERAL ,72404156,,EA,$0.01 ,1,0,0,Serial/Lot/Batch # 1000249428,4,Total Tx Amt. $0.00
1, - MCKESSON,1454,,,O,$229.79 ,$0.00 ,6/12/2019,wbra,6/12/2019,wbra,418, - SYRINGE LL 60ML NS, - SYRINGE LL 60ML NS,102-S60C,,869662,,25/CT,$8.29 ,2,0,0,,2,Total Tx Amt. $0.00
1, - MCKESSON,1454,,,O,$229.79 ,$0.00 ,6/12/2019,wbra,6/12/2019,wbra,135, - FLUID LR 1000ML, - FLUID LR 1000ML,208829,GENERAL ,208829,,12/CS,$71.07 ,3,0,0,,2,Total Tx Amt. $0.00
17, - HEALTHTRONICS MOBILE SOLUTIONS,1455,,,O,"$2,535.00 ",$0.00 ,6/13/2019,wbra,6/13/2019,wbra,529, - LASER FIBER HO 200 SINGLE USE, - LASER FIBER HO 200 SINGLE USE,95193,GENERAL ,95193,,EA,$125.00 ,3,0,0,,5,Total Tx Amt. $0.00
17, - HEALTHTRONICS MOBILE SOLUTIONS,1455,,,O,"$2,535.00 ",$0.00 ,6/13/2019,wbra,6/13/2019,wbra,530, - LASER FIBER HO 272 SINGLE USE, - LASER FIBER HO 272 SINGLE USE,95448,GENERAL ,95448,,EA,$125.00 ,3,0,0,,5,Total Tx Amt. $0.00
17, - HEALTHTRONICS MOBILE SOLUTIONS,1455,,,O,"$2,535.00 ",$0.00 ,6/13/2019,wbra,6/13/2019,wbra,531, - LASER FIBER HO 365 SINGLE USE, - LASER FIBER HO 365 SINGLE USE,95612,GENERAL ,95612,,EA,$125.00 ,6,0,0,,5,Total Tx Amt. $0.00
17, - HEALTHTRONICS MOBILE SOLUTIONS,1455,,,O,"$2,535.00 ",$0.00 ,6/13/2019,wbra,6/13/2019,wbra,532, - LASER FIBER HO 550 SINGLE USE, - LASER FIBER HO 550 SINGLE USE,550,GENERAL ,550,,EA,$185.00 ,3,0,0,,5,Total Tx Amt. $0.00
17, - HEALTHTRONICS MOBILE SOLUTIONS,1455,,,O,"$2,535.00 ",$0.00 ,6/13/2019,wbra,6/13/2019,wbra,533, - LASER FIBER HO 940 SINGLE USE, - LASER FIBER HO 940 SINGLE USE,95196,GENERAL ,95196,,EA,$240.00 ,2,0,0,,5,Total Tx Amt. $0.00
14, - BARD,1456,,,O,$152.00 ,$0.00 ,6/13/2019,wbra,6/13/2019,wbra,749, - Foley Catheter 16 Fr 5cc Lubricious Coated, - Foley Catheter 16 Fr 5cc Lubricious Coated,0165L16,,0165L16,,12/BX,$38.40 ,1,0,0,,3,Total Tx Amt. $0.00
14, - BARD,1456,,,O,$152.00 ,$0.00 ,6/13/2019,wbra,6/13/2019,wbra,332, - CATH FOLEY 18FR 2WAY 5ML, - CATH FOLEY 18FR 2WAY 5ML,0165L18,,0165L18,,12/BX,$38.40 ,1,0,0,,3,Total Tx Amt. $0.00
14, - BARD,1456,,,O,$152.00 ,$0.00 ,6/13/2019,wbra,6/13/2019,wbra,567," - ELLIK EVAC, DISPOSABLE, BARD"," - ELLIK EVAC, DISPOSABLE, BARD",451,GENERAL ,451,,10/BX,$75.20 ,1,0,0,,3,Total Tx Amt. $0.00
2, - CARDINAL HEALTH,1457,,,O,$889.14 ,$0.00 ,6/13/2019,wbra,6/17/2019,wbra,1009," - Vessel Loop, MINI BLUE"," - Vessel Loop, MINI BLUE",31145702,GENERAL ,31145702,,10/BX,$20.54 ,1,0,0,,10,Total Tx Amt. $0.00
2, - CARDINAL HEALTH,1457,,,O,$889.14 ,$0.00 ,6/13/2019,wbra,6/17/2019,wbra,31, - DRAPE CYSTO PACK, - DRAPE CYSTO PACK,SPP99CY1AA,DRAPE   ,SPP99CY1AA,,6/CS,$118.62 ,2,0,0,,10,Total Tx Amt. $0.00
2, - CARDINAL HEALTH,1457,,,O,$889.14 ,$0.00 ,6/13/2019,wbra,6/17/2019,wbra,58, - TAPE SELF ADHERE (COBAN) 2IN, - TAPE SELF ADHERE (COBAN) 2IN,CAH25,DRESSING,CAH25,,36/CS,$0.72 ,1,0,0,,10,Total Tx Amt. $0.00
2, - CARDINAL HEALTH,1457,,,O,$889.14 ,$0.00 ,6/13/2019,wbra,6/17/2019,wbra,414, - SYRINGE BULB 60ML, - SYRINGE BULB 60ML,67000,,67000,,50/BX,$23.44 ,1,0,0,,10,Total Tx Amt. $0.00
2, - CARDINAL HEALTH,1457,,,O,$889.14 ,$0.00 ,6/13/2019,wbra,6/17/2019,wbra,1025, - Hydrox Isopropyll Rubbing Alcohol  16 oz, - Hydrox Isopropyll Rubbing Alcohol  16 oz,HDX22CMC,STRL PRO,HDX22CMC,,EA,$1.85 ,3,0,0,,10,Total Tx Amt. $0.00
2, - CARDINAL HEALTH,1457,,,O,$889.14 ,$0.00 ,6/13/2019,wbra,6/17/2019,wbra,99, - GLOVE PROTEXIS PI 6 LATEX FREE, - GLOVE PROTEXIS PI 6 LATEX FREE,2D72PT60X,GENERAL ,2D72PT60X,,50/BX,$89.45 ,2,0,0,,10,Total Tx Amt. $0.00
2, - CARDINAL HEALTH,1457,,,O,$889.14 ,$0.00 ,6/13/2019,wbra,6/17/2019,wbra,100, - GLOVE PROTEXIS PI 6.5 LATEX FREE, - GLOVE PROTEXIS PI 6.5 LATEX FREE,2D72PT65X,GENERAL ,2D72PT65X,,50/BX,$89.45 ,1,0,0,,10,Total Tx Amt. $0.00
2, - CARDINAL HEALTH,1457,,,O,$889.14 ,$0.00 ,6/13/2019,wbra,6/17/2019,wbra,105, - GLOVE PROTEXIS PI 9 LATEX FREE, - GLOVE PROTEXIS PI 9 LATEX FREE,2D72PT90X,GENERAL ,2D72PT90X,,50/BX,$89.45 ,1,0,0,,10,Total Tx Amt. $0.00
2, - CARDINAL HEALTH,1457,,,O,$889.14 ,$0.00 ,6/13/2019,wbra,6/17/2019,wbra,102, - GLOVE PROTEXIS PI 7.5 LATEX FREE, - GLOVE PROTEXIS PI 7.5 LATEX FREE,2D72PT75X,GENERAL ,2D72PT75X,,50/BX,$89.45 ,2,0,0,,10,Total Tx Amt. $0.00
2, - CARDINAL HEALTH,1457,,,O,$889.14 ,$0.00 ,6/13/2019,wbra,6/17/2019,wbra,422, - DISINFECT CAVIWIPE 1MIN, - DISINFECT CAVIWIPE 1MIN,MX13-1150,HSKPNG  ,MX13-1150,,12/BX,$64.95 ,1,0,0,,10,Total Tx Amt. $0.00
15, - TELEFLEX/ARROW,1458,,,O,$270.00 ,$0.00 ,6/13/2019,wbra,6/13/2019,wbra,520, - ANES LMA 5 UNIQUE, - ANES LMA 5 UNIQUE,105200-000050,ANESTHE ,105200-000050,,10/BX,$135.00 ,2,0,0,,1,Total Tx Amt. $0.00
4, - COOK MEDICAL,1459,,,O,"$1,581.00 ",$0.00 ,6/13/2019,wbra,6/13/2019,wbra,433, - COOK ACCESS SHEATH URETERAL 12FR 35CM, - COOK ACCESS SHEATH URETERAL 12FR 35CM,G19168,GENERAL ,G19168,,EA,$113.55 ,5,0,0,,5,Total Tx Amt. $0.00
4, - COOK MEDICAL,1459,,,O,"$1,581.00 ",$0.00 ,6/13/2019,wbra,6/13/2019,wbra,689, - COOK ACCESS SHEATH URETERAL, - COOK ACCESS SHEATH URETERAL,G46168,GENERAL ,G46168,,EA,$113.55 ,3,0,0,,5,Total Tx Amt. $0.00
4, - COOK MEDICAL,1459,,,O,"$1,581.00 ",$0.00 ,6/13/2019,wbra,6/13/2019,wbra,431, - COOK ACCESS SHEATH URETERAL 14FR 45CM, - COOK ACCESS SHEATH URETERAL 14FR 45CM,G46169,GENERAL ,G46169,,EA,$113.55 ,2,0,0,,5,Total Tx Amt. $0.00
4, - COOK MEDICAL,1459,,,O,"$1,581.00 ",$0.00 ,6/13/2019,wbra,6/13/2019,wbra,459, - COOK URETERAL STENT FIRM UNIVERSA, - COOK URETERAL STENT FIRM UNIVERSA,G23406,GENERAL ,G23406,,EA,$49.50 ,8,0,0,,5,Total Tx Amt. $0.00
4, - COOK MEDICAL,1459,,,O,"$1,581.00 ",$0.00 ,6/13/2019,wbra,6/13/2019,wbra,458, - COOK URETERAL STENT FIRM UNIVERSA, - COOK URETERAL STENT FIRM UNIVERSA,G23405,GENERAL ,G23405,,EA,$49.50 ,1,0,0,,5,Total Tx Amt. $0.00
1, - MCKESSON,1460,,,O,$295.84 ,$0.00 ,6/13/2019,wbra,6/13/2019,wbra,420, - SYRINGE LL 10ML, - SYRINGE LL 10ML,1031801,,1031801,,100/BX,$7.50 ,1,0,0,,8,Total Tx Amt. $0.00
1, - MCKESSON,1460,,,O,$295.84 ,$0.00 ,6/13/2019,wbra,6/13/2019,wbra,421, - SYRINGE LL 20ML, - SYRINGE LL 20ML,1031802,,1031802,,100/BX,$19.80 ,1,0,0,,8,Total Tx Amt. $0.00
1, - MCKESSON,1460,,,O,$295.84 ,$0.00 ,6/13/2019,wbra,6/13/2019,wbra,284, - SUPPORTER ADULT LRG, - SUPPORTER ADULT LRG,452706,DRESSING,452706,,EA,$6.04 ,5,0,0,,8,Total Tx Amt. $0.00
1, - MCKESSON,1460,,,O,$295.84 ,$0.00 ,6/13/2019,wbra,6/13/2019,wbra,351, - CAUTERY PAD GROUND ADULT 10FT CONMED, - CAUTERY PAD GROUND ADULT 10FT CONMED,22-ESREC,,1018818,,50/BX,$132.19 ,1,0,0,,8,Total Tx Amt. $0.00
1, - MCKESSON,1460,,,O,$295.84 ,$0.00 ,6/13/2019,wbra,6/13/2019,wbra,64, - TAPE PLASTIC/TRANSPORE 1IN, - TAPE PLASTIC/TRANSPORE 1IN,M1527-1,DRESSING,5762,,12/BX,$7.42 ,2,0,0,,8,Total Tx Amt. $0.00
1, - MCKESSON,1460,,,O,$295.84 ,$0.00 ,6/13/2019,wbra,6/13/2019,wbra,162, - MED ANCEF 1G, - MED ANCEF 1G,1107414,GLV/MSK ,1107414,,25/BX,$25.94 ,2,0,0,,8,Total Tx Amt. $0.00
1, - MCKESSON,1460,,,O,$295.84 ,$0.00 ,6/13/2019,wbra,6/13/2019,wbra,1010," - Tape, Durapore 1"""," - Tape, Durapore 1""",1538-1,GENERAL ,5775,,12/BX,$6.41 ,1,0,0,,8,Total Tx Amt. $0.00
1, - MCKESSON,1460,,,O,$295.84 ,$0.00 ,6/13/2019,wbra,6/13/2019,wbra,236, - NDL SPINAL 22X3.5 QUINCKE, - NDL SPINAL 22X3.5 QUINCKE,797482,MEDS    ,797482,,25/BX,$33.02 ,1,0,0,,8,Total Tx Amt. $0.00
13, - CARE FUSION,1461,,,O,"$2,849.95 ",$0.00 ,6/13/2019,wbra,6/13/2019,wbra,1012," - Instrument, Jaffee-Castroveijo .5mm suture forcep"," - Instrument, Jaffee-Castroveijo .5mm suture forcep",OP0910-653,,OP0910-653,,EA,$225.75 ,1,0,0,,10,Total Tx Amt. $0.00
13, - CARE FUSION,1461,,,O,"$2,849.95 ",$0.00 ,6/13/2019,wbra,6/13/2019,wbra,1013," - Instrument, Webster NDL Holder serr jaw 4 3/4"," - Instrument, Webster NDL Holder serr jaw 4 3/4",RH2562,GENERAL ,RH2562,,EA,$118.43 ,4,0,0,,10,Total Tx Amt. $0.00
13, - CARE FUSION,1461,,,O,"$2,849.95 ",$0.00 ,6/13/2019,wbra,6/13/2019,wbra,1014," - Instrument, Adson Dressing Forceps, SERR 4 3/4"," - Instrument, Adson Dressing Forceps, SERR 4 3/4",NL1410,GENERAL ,NL1410,,EA,$11.50 ,8,0,0,,10,Total Tx Amt. $0.00
13, - CARE FUSION,1461,,,O,"$2,849.95 ",$0.00 ,6/13/2019,wbra,6/13/2019,wbra,769," - Instrument, Halsted Mosquito Forceps CVD"," - Instrument, Halsted Mosquito Forceps CVD",SU2702,GENERAL ,SU2702,,EA,$19.69 ,10,0,0,,10,Total Tx Amt. $0.00
13, - CARE FUSION,1461,,,O,"$2,849.95 ",$0.00 ,6/13/2019,wbra,6/13/2019,wbra,1015," - Instrument, Halsted Mosquito Forceps STR"," - Instrument, Halsted Mosquito Forceps STR",SU2700,GENERAL ,SU2700,,EA,$18.77 ,12,0,0,,10,Total Tx Amt. $0.00
13, - CARE FUSION,1461,,,O,"$2,849.95 ",$0.00 ,6/13/2019,wbra,6/13/2019,wbra,1016," - Jackobson Mosq Forcep DEL CVD Jaw 4"""," - Jackobson Mosq Forcep DEL CVD Jaw 4""",VM25-2332,GENERAL ,VM25-2332,,EA,$62.76 ,16,0,0,,10,Total Tx Amt. $0.00
13, - CARE FUSION,1461,,,O,"$2,849.95 ",$0.00 ,6/13/2019,wbra,6/13/2019,wbra,1017," - Instrument, Knapp Iris Scissors CVD Lite Pattern"," - Instrument, Knapp Iris Scissors CVD Lite Pattern",OP5551,GENERAL ,OP5551,,EA,$29.52 ,4,0,0,,10,Total Tx Amt. $0.00
13, - CARE FUSION,1461,,,O,"$2,849.95 ",$0.00 ,6/13/2019,wbra,6/13/2019,wbra,1018," - Instrument, Knapp Iris Scissors Str Lite Pattern"," - Instrument, Knapp Iris Scissors Str Lite Pattern",OP5550,GENERAL ,OP5550,,EA,$29.90 ,4,0,0,,10,Total Tx Amt. $0.00
13, - CARE FUSION,1461,,,O,"$2,849.95 ",$0.00 ,6/13/2019,wbra,6/13/2019,wbra,1019," - Instrument, Jeweler Type Bipolar Forceps"," - Instrument, Jeweler Type Bipolar Forceps",OP0914-001,GENERAL ,OP5550,,EA,$327.90 ,1,0,0,,10,Total Tx Amt. $0.00
13, - CARE FUSION,1461,,,O,"$2,849.95 ",$0.00 ,6/13/2019,wbra,6/13/2019,wbra,820," - Buckhaus Towel Forceps 3 1/2 """," - Buckhaus Towel Forceps 3 1/2 """,SU2900,,SU2900,,EA,$11.10 ,6,0,0,,10,Total Tx Amt. $0.00
26, - CUSTOM MEDICAL SPECILTIES,1462,,,O,$258.00 ,$0.00 ,6/13/2019,wbra,6/14/2019,wbra,637," - BAG, DRAIN SURGICAL TABLE"," - BAG, DRAIN SURGICAL TABLE",CMS-999,GENERAL ,CMS-999,,20/CS,$129.00 ,2,0,0,,1,Total Tx Amt. $0.00
2, - CARDINAL HEALTH,1463,,,O,$76.48 ,$0.00 ,6/14/2019,wbra,6/17/2019,wbra,1020," - Drain, Penrose 3/4 Sterile"," - Drain, Penrose 3/4 Sterile",30414-075,GENERAL ,30414-075,,10/CS,$76.48 ,1,0,0,,1,Total Tx Amt. $0.00
24, - CIVCO,1464,,,O,$574.00 ,$0.00 ,6/14/2019,wbra,6/14/2019,wbra,611," - BRACHY, TEMPLATE GRID"," - BRACHY, TEMPLATE GRID",610-905,GENERAL ,610-905,,5/BX,$287.00 ,2,0,0,,1,Total Tx Amt. $0.00
21, - BK Medical,1465,,,O,"$1,180.00 ",$0.00 ,6/14/2019,wbra,6/14/2019,wbra,723," - SUPP, ULTRASOUND GUIDE, BK"," - SUPP, ULTRASOUND GUIDE, BK",UA1322-S,GENERAL ,UA1322-S,,18/CS,$295.00 ,4,0,0,,1,Total Tx Amt. $0.00
1, - MCKESSON,1466,,,O,"$2,182.04 ",$0.00 ,6/14/2019,wbra,6/14/2019,wbra,162, - MED ANCEF 1G, - MED ANCEF 1G,1107414,GLV/MSK ,1107414,,25/BX,$25.94 ,2,0,0,,5,Total Tx Amt. $0.00
1, - MCKESSON,1466,,,O,"$2,182.04 ",$0.00 ,6/14/2019,wbra,6/14/2019,wbra,632," - SHARPS, 18 GAL RED CONTAINER"," - SHARPS, 18 GAL RED CONTAINER",862336,HSKPNG  ,862336,,EA,$16.26 ,4,0,0,,5,Total Tx Amt. $0.00
1, - MCKESSON,1466,,,O,"$2,182.04 ",$0.00 ,6/14/2019,wbra,6/14/2019,wbra,870," - GENTAMICIN SULFATE, MDV 40MG/ML 2ML"," - GENTAMICIN SULFATE, MDV 40MG/ML 2ML",401954,MEDS    ,401954,,25/BX,$99.50 ,2,0,0,,5,Total Tx Amt. $0.00
1, - MCKESSON,1466,,,O,"$2,182.04 ",$0.00 ,6/14/2019,wbra,6/14/2019,wbra,207, - MED ZOFRAN 2ML, - MED ZOFRAN 2ML,1113028,IVSUPPLY,1113028,,25/CT,$13.91 ,4,0,0,,5,Total Tx Amt. $0.00
1, - MCKESSON,1466,,,O,"$2,182.04 ",$0.00 ,6/14/2019,wbra,6/14/2019,wbra,907," - Meds, Ephedrine, AMP 50Mg/ml 1ml"," - Meds, Ephedrine, AMP 50Mg/ml 1ml",17478041510,ANESTHE ,1092978,,10/BX,$452.62 ,4,0,0,,5,Total Tx Amt. $0.00
3, - BOSTON SCIENTIFIC,1467,,,O,"$16,685.00 ",$0.00 ,6/14/2019,wbra,6/14/2019,wbra,1021," - Implant, AMS 800 Accessory Kit"," - Implant, AMS 800 Accessory Kit",720066-01,GENERAL ,720066-01,,EA,"$1,280.00 ",1,0,0,Serial/Lot/Batch #  1000271368,4,Total Tx Amt. $0.00
3, - BOSTON SCIENTIFIC,1467,,,O,"$16,685.00 ",$0.00 ,6/14/2019,wbra,6/14/2019,wbra,1022," - Implant, AMS Pressure Regulating Balloon"," - Implant, AMS Pressure Regulating Balloon",72400024,GENERAL ,72400024,,EA,"$2,910.00 ",1,0,0,Serial/Lot/Batch # 1000258741,4,Total Tx Amt. $0.00
3, - BOSTON SCIENTIFIC,1467,,,O,"$16,685.00 ",$0.00 ,6/14/2019,wbra,6/14/2019,wbra,1023," - Implant, AMS 800 Control Pump with IZ"," - Implant, AMS 800 Control Pump with IZ",72404127,GENERAL ,72404127,,EA,"$6,130.00 ",1,0,0,Serial/Lot/Batch # 1000269428,4,Total Tx Amt. $0.00
3, - BOSTON SCIENTIFIC,1467,,,O,"$16,685.00 ",$0.00 ,6/14/2019,wbra,6/14/2019,wbra,1024," - Implant, AMS 800 Cuff with IZ"," - Implant, AMS 800 Cuff with IZ",72404130,GENERAL ,72404130,,EA,"$6,365.00 ",1,0,0,Serial/Lot/Batch # 1000230818,4,Total Tx Amt. $0.00
33, - MEDTRONIC,1468,,,O,"$5,581.00 ",$0.00 ,6/14/2019,wbra,6/14/2019,wbra,837, - Interstim Lead Introducer Kit, - Interstim Lead Introducer Kit,355018,GENERAL ,355018,,EA,$280.00 ,1,0,0,,4,Total Tx Amt. $0.00
33, - MEDTRONIC,1468,,,O,"$5,581.00 ",$0.00 ,6/14/2019,wbra,6/14/2019,wbra,843, - Interstim Quadripolar Lead Kit for Sacral Nerve St, - Interstim Quadripolar Lead Kit for Sacral Nerve St,3889-28,GENERAL ,3889-28,,EA,"$3,360.00 ",1,0,0,,4,Total Tx Amt. $0.00
33, - MEDTRONIC,1468,,,O,"$5,581.00 ",$0.00 ,6/14/2019,wbra,6/14/2019,wbra,839, - Interstim Test Stimulation Cable, - Interstim Test Stimulation Cable,357501,GENERAL ,357501,,EA,$40.00 ,1,0,0,,4,Total Tx Amt. $0.00
33, - MEDTRONIC,1468,,,O,"$5,581.00 ",$0.00 ,6/14/2019,wbra,6/14/2019,wbra,835, - Interstim Hand Set With Communicator, - Interstim Hand Set With Communicator,TH90G01,GENERAL ,TH90G01,,EA,"$1,901.00 ",1,0,0,,4,Total Tx Amt. $0.00
1, - MCKESSON,1469,,,O,"$1,380.78 ",$0.00 ,6/17/2019,wbra,6/18/2019,wbra,868," - Solidifier, Canister Express Maetrex"," - Solidifier, Canister Express Maetrex",50-5058,GENERAL ,444816,,20/BX,$333.28 ,1,0,0,,10,Total Tx Amt. $0.00
1, - MCKESSON,1469,,,O,"$1,380.78 ",$0.00 ,6/17/2019,wbra,6/18/2019,wbra,633," - TUBING, SUCTION NS BUBBLE"," - TUBING, SUCTION NS BUBBLE",8888280412,GLV/MSK ,774642,,1/CS,$13.84 ,4,0,0,,10,Total Tx Amt. $0.00
1, - MCKESSON,1469,,,O,"$1,380.78 ",$0.00 ,6/17/2019,wbra,6/18/2019,wbra,345, - FLUID BAG DECANTER, - FLUID BAG DECANTER,2C4014,,206324,,50/CS,$105.73 ,1,0,0,,10,Total Tx Amt. $0.00
1, - MCKESSON,1469,,,O,"$1,380.78 ",$0.00 ,6/17/2019,wbra,6/18/2019,wbra,140, - FLUID NACL 3000ML, - FLUID NACL 3000ML,230132,GENERAL ,230132,,4/CS,$34.32 ,6,0,0,,10,Total Tx Amt. $0.00
1, - MCKESSON,1469,,,O,"$1,380.78 ",$0.00 ,6/17/2019,wbra,6/18/2019,wbra,148, - FLUID WATER 500ML BOTTLE, - FLUID WATER 500ML BOTTLE,161730,GENERAL ,14045,,12/CS,$26.72 ,4,0,0,,10,Total Tx Amt. $0.00
1, - MCKESSON,1469,,,O,"$1,380.78 ",$0.00 ,6/17/2019,wbra,6/18/2019,wbra,136, - FLUID LR 1000ML, - FLUID LR 1000ML,515492,GENERAL ,515492,,14/CS,$31.21 ,2,0,0,,10,Total Tx Amt. $0.00
1, - MCKESSON,1469,,,O,"$1,380.78 ",$0.00 ,6/17/2019,wbra,6/18/2019,wbra,137, - FLUID LR 500ML, - FLUID LR 500ML,186663,GENERAL ,186663,,24/CS,$55.43 ,1,0,0,,10,Total Tx Amt. $0.00
1, - MCKESSON,1469,,,O,"$1,380.78 ",$0.00 ,6/17/2019,wbra,6/18/2019,wbra,141, - FLUID NACL 500ML, - FLUID NACL 500ML,467132,GENERAL ,467132,,18/CS,$39.48 ,2,0,0,,10,Total Tx Amt. $0.00
1, - MCKESSON,1469,,,O,"$1,380.78 ",$0.00 ,6/17/2019,wbra,6/18/2019,wbra,127, - IV CATH INTROCAN 20X1, - IV CATH INTROCAN 20X1,629114,PACU    ,629114,,50/BX,$158.52 ,2,0,0,,10,Total Tx Amt. $0.00
1, - MCKESSON,1469,,,O,"$1,380.78 ",$0.00 ,6/17/2019,wbra,6/18/2019,wbra,, - Fluid NACL 500Ml bottle, - Fluid NACL 500Ml bottle,,,,,18/CS,$29.88 ,2,0,0,,10,Total Tx Amt. $0.00
8, - STERIS,1470,,,O,$343.88 ,$0.00 ,6/17/2019,wbra,6/17/2019,wbra,759, - Steris Printer Rolls, - Steris Printer Rolls,93929-020,STRL PRO,P093929-020,,1/BX,$13.18 ,3,0,0,,2,Total Tx Amt. $0.00
8, - STERIS,1470,,,O,$343.88 ,$0.00 ,6/17/2019,wbra,6/17/2019,wbra,813, - Revital-Ox Restart High-level disinfectant liquid, - Revital-Ox Restart High-level disinfectant liquid,4455AW,STRL PRO,4455AW,,4/BX,$152.17 ,2,0,0,,2,Total Tx Amt. $0.00
23, - COLOPLAST,1471,,,O,$0.00 ,$0.00 ,6/17/2019,wbra,6/17/2019,wbra,1026," - IMPLt, Access Dermis 4cm x 7 cm"," - IMPLt, Access Dermis 4cm x 7 cm",93-9247,GENERAL ,93-9247,,EA,$0.00 ,2,0,0,,1,Total Tx Amt. $0.00
23, - COLOPLAST,1472,,,O,"$10,321.00 ",$0.00 ,6/17/2019,wbra,6/17/2019,wbra,899," - Impl, Assembly Kit"," - Impl, Assembly Kit",91-9480SC,,91-9480SC,,EA,$486.00 ,1,0,0,Batch Code 6709457,3,Total Tx Amt. $0.00
23, - COLOPLAST,1472,,,O,"$10,321.00 ",$0.00 ,6/17/2019,wbra,6/17/2019,wbra,808," - IMP, TITAN RESERVOIR ECLD 125CC"," - IMP, TITAN RESERVOIR ECLD 125CC",ER8125,GENERAL ,ER8125,,EA,"$1,771.00 ",1,0,0,Batch Code 6751688,3,Total Tx Amt. $0.00
23, - COLOPLAST,1472,,,O,"$10,321.00 ",$0.00 ,6/17/2019,wbra,6/17/2019,wbra,916," - Impl, Touch Scrotal Zero Degree Angle C;ylinder wi"," - Impl, Touch Scrotal Zero Degree Angle C;ylinder wi",ES2922,,ES2922,,EA,"$8,064.00 ",1,0,0,Batch Code 6741645,3,Total Tx Amt. $0.00
4, - COOK MEDICAL,1473,,,O,"$3,378.03 ",$0.00 ,6/17/2019,wbra,6/20/2019,wbra,1027," - Pusher, 6 Fr  Stent Pusher"," - Pusher, 6 Fr  Stent Pusher",G17551,,G17551,,EA,$14.04 ,2,0,0,,9,Total Tx Amt. $0.00
4, - COOK MEDICAL,1473,,,O,"$3,378.03 ",$0.00 ,6/17/2019,wbra,6/20/2019,wbra,1028," - Pusher, 7 Fr Stent Pusher"," - Pusher, 7 Fr Stent Pusher",G53758,,G53758,,EA,$14.04 ,2,0,0,,9,Total Tx Amt. $0.00
4, - COOK MEDICAL,1473,,,O,"$3,378.03 ",$0.00 ,6/17/2019,wbra,6/20/2019,wbra,458, - COOK URETERAL STENT FIRM UNIVERSA, - COOK URETERAL STENT FIRM UNIVERSA,G23405,GENERAL ,G23405,,EA,$49.50 ,16,0,0,,9,Total Tx Amt. $0.00
4, - COOK MEDICAL,1473,,,O,"$3,378.03 ",$0.00 ,6/17/2019,wbra,6/20/2019,wbra,459, - COOK URETERAL STENT FIRM UNIVERSA, - COOK URETERAL STENT FIRM UNIVERSA,G23406,GENERAL ,G23406,,EA,$49.50 ,16,0,0,,9,Total Tx Amt. $0.00
4, - COOK MEDICAL,1473,,,O,"$3,378.03 ",$0.00 ,6/17/2019,wbra,6/20/2019,wbra,465, - COOK OPEN-END URETERAL CATH 5Fr, - COOK OPEN-END URETERAL CATH 5Fr,G14274,GENERAL ,G14274,,10/BX,$90.64 ,3,0,0,,9,Total Tx Amt. $0.00
4, - COOK MEDICAL,1473,,,O,"$3,378.03 ",$0.00 ,6/17/2019,wbra,6/20/2019,wbra,433, - COOK ACCESS SHEATH URETERAL 12FR 35CM, - COOK ACCESS SHEATH URETERAL 12FR 35CM,G19168,GENERAL ,G19168,,EA,$113.55 ,3,0,0,,9,Total Tx Amt. $0.00
4, - COOK MEDICAL,1473,,,O,"$3,378.03 ",$0.00 ,6/17/2019,wbra,6/20/2019,wbra,941, - COOK KWART RETRO-INJECT URETERAL STENT 6 x 24, - COOK KWART RETRO-INJECT URETERAL STENT 6 x 24,G14886,GENERAL ,G14886,,EA,$99.45 ,4,0,0,,9,Total Tx Amt. $0.00
4, - COOK MEDICAL,1473,,,O,"$3,378.03 ",$0.00 ,6/17/2019,wbra,6/20/2019,wbra,440, - COOK WIRE GUIDE MOTION .035 STRAIGHT, - COOK WIRE GUIDE MOTION .035 STRAIGHT,G44846,GENERAL ,G44846,,5/BX,$240.00 ,2,0,0,,9,Total Tx Amt. $0.00
4, - COOK MEDICAL,1473,,,O,"$3,378.03 ",$0.00 ,6/17/2019,wbra,6/20/2019,wbra,460, - COOK URETERAL STENT FIRM UNIVERSA, - COOK URETERAL STENT FIRM UNIVERSA,G23407,GENERAL ,G23407,,EA,$49.50 ,5,0,0,,9,Total Tx Amt. $0.00
23, - COLOPLAST,1474,,,O,"$1,060.00 ",$0.00 ,6/17/2019,wbra,6/18/2019,wbra,1026," - IMPLt, Access Dermis 4cm x 7 cm"," - IMPLt, Access Dermis 4cm x 7 cm",93-9247,GENERAL ,93-9247,,EA,"$1,060.00 ",1,0,0,,1,Total Tx Amt. $0.00
1, - MCKESSON,1475,,,O,"$4,176.95 ",$0.00 ,6/18/2019,wbra,6/18/2019,wbra,229, - NDL HYPO 18X1.5, - NDL HYPO 18X1.5,1031789,IVS     ,1031789,,100/BX,$2.80 ,3,0,0,,21,Total Tx Amt. $0.00
1, - MCKESSON,1475,,,O,"$4,176.95 ",$0.00 ,6/18/2019,wbra,6/18/2019,wbra,211, - MED PROPOFOL 20ML, - MED PROPOFOL 20ML,989562,IVSUPPLY,989562,,25/BX,$56.86 ,3,0,0,,21,Total Tx Amt. $0.00
1, - MCKESSON,1475,,,O,"$4,176.95 ",$0.00 ,6/18/2019,wbra,6/18/2019,wbra,833," - Mask, Anes size 6 Adult Elongated"," - Mask, Anes size 6 Adult Elongated",854706,ANESTHE ,854706,,30/BX,$46.88 ,1,0,0,,21,Total Tx Amt. $0.00
1, - MCKESSON,1475,,,O,"$4,176.95 ",$0.00 ,6/18/2019,wbra,6/18/2019,wbra,709," - SUT, LIQUIBAND"," - SUT, LIQUIBAND",122-LBX,SUTURE  ,948660,,10/BX,$186.84 ,4,0,0,,21,Total Tx Amt. $0.00
1, - MCKESSON,1475,,,O,"$4,176.95 ",$0.00 ,6/18/2019,wbra,6/18/2019,wbra,790, - hcg Urine Test Cassette, - hcg Urine Test Cassette,5001,PACU    ,949871,,25/BX,$20.31 ,2,0,0,,21,Total Tx Amt. $0.00
1, - MCKESSON,1475,,,O,"$4,176.95 ",$0.00 ,6/18/2019,wbra,6/18/2019,wbra,202, - MED NAROPIN 0.5% 30 ml vial, - MED NAROPIN 0.5% 30 ml vial,1107586,IVSUPPLY,698119,,5/CT,$33.56 ,3,0,0,,21,Total Tx Amt. $0.00
1, - MCKESSON,1475,,,O,"$4,176.95 ",$0.00 ,6/18/2019,wbra,6/18/2019,wbra,624," - MED, OMNIPAQUE 300"," - MED, OMNIPAQUE 300",407141361,MEDS    ,533382,,10/BX,$57.83 ,4,0,0,,21,Total Tx Amt. $0.00
1, - MCKESSON,1475,,,O,"$4,176.95 ",$0.00 ,6/18/2019,wbra,6/18/2019,wbra,228, - NDL CHIBA 20G, - NDL CHIBA 20G,CNM-2008,IVSUPPLY,629155,,10/BX,$81.23 ,6,0,0,,21,Total Tx Amt. $0.00
1, - MCKESSON,1475,,,O,"$4,176.95 ",$0.00 ,6/18/2019,wbra,6/18/2019,wbra,420, - SYRINGE LL 10ML, - SYRINGE LL 10ML,1031801,,1031801,,100/BX,$7.50 ,3,0,0,,21,Total Tx Amt. $0.00
1, - MCKESSON,1475,,,O,"$4,176.95 ",$0.00 ,6/18/2019,wbra,6/18/2019,wbra,417, - SYRINGE LL 5ML, - SYRINGE LL 5ML,BF309646A,,1031805,,100/BX,$6.10 ,2,0,0,,21,Total Tx Amt. $0.00
1, - MCKESSON,1475,,,O,"$4,176.95 ",$0.00 ,6/18/2019,wbra,6/18/2019,wbra,108, - HAND SCRUB SURGICAL BRUSH CHG 4%, - HAND SCRUB SURGICAL BRUSH CHG 4%,371073,GENERAL ,436489,,30/BX,$38.40 ,3,0,0,,21,Total Tx Amt. $0.00
1, - MCKESSON,1475,,,O,"$4,176.95 ",$0.00 ,6/18/2019,wbra,6/18/2019,wbra,770," - liner, trash can 60 gal roll"," - liner, trash can 60 gal roll",980394,HSKPNG  ,980394,,20/CS,$27.84 ,2,0,0,,21,Total Tx Amt. $0.00
1, - MCKESSON,1475,,,O,"$4,176.95 ",$0.00 ,6/18/2019,wbra,6/18/2019,wbra,783," - Sponge, Gauze 4x4 12 Ply"," - Sponge, Gauze 4x4 12 Ply",44122000,GENERAL ,440343,,10/CT,$40.38 ,2,0,0,,21,Total Tx Amt. $0.00
1, - MCKESSON,1475,,,O,"$4,176.95 ",$0.00 ,6/18/2019,wbra,6/18/2019,wbra,726," - SUPP, Y TUBING"," - SUPP, Y TUBING",2C4005,GENERAL ,200390,,12/BX,$121.28 ,3,0,0,,21,Total Tx Amt. $0.00
1, - MCKESSON,1475,,,O,"$4,176.95 ",$0.00 ,6/18/2019,wbra,6/18/2019,wbra,6, - LABEL FENTANYL, - LABEL FENTANYL,173551,ANESTHE ,173551,,1/RL,$3.38 ,3,0,0,,21,Total Tx Amt. $0.00
1, - MCKESSON,1475,,,O,"$4,176.95 ",$0.00 ,6/18/2019,wbra,6/18/2019,wbra,221, - MED SUPRANE 240ML, - MED SUPRANE 240ML,988492,IVSUPPLY,988492,,6/BX,"$1,177.29 ",1,0,0,,21,Total Tx Amt. $0.00
1, - MCKESSON,1475,,,O,"$4,176.95 ",$0.00 ,6/18/2019,wbra,6/18/2019,wbra,743, - EKG Monitor Button Red Dot, - EKG Monitor Button Red Dot,2560,ANESTHE ,199314,,50/CS,$8.23 ,1,0,0,,21,Total Tx Amt. $0.00
1, - MCKESSON,1475,,,O,"$4,176.95 ",$0.00 ,6/18/2019,wbra,6/18/2019,wbra,937," - fluid, Sod Chl, 0.9 % 250Ml bag"," - fluid, Sod Chl, 0.9 % 250Ml bag",467263,GENERAL ,467263,,36/BX,$61.56 ,2,0,0,,21,Total Tx Amt. $0.00
1, - MCKESSON,1475,,,O,"$4,176.95 ",$0.00 ,6/18/2019,wbra,6/18/2019,wbra,142, - FLUID NACL 1000ML, - FLUID NACL 1000ML,515490,GENERAL ,515490,,14/CS,$29.99 ,2,0,0,,21,Total Tx Amt. $0.00
1, - MCKESSON,1475,,,O,"$4,176.95 ",$0.00 ,6/18/2019,wbra,6/18/2019,wbra,135, - FLUID LR 1000ML, - FLUID LR 1000ML,208829,GENERAL ,208829,,12/CS,$71.07 ,3,0,0,,21,Total Tx Amt. $0.00
1, - MCKESSON,1475,,,O,"$4,176.95 ",$0.00 ,6/18/2019,wbra,6/18/2019,wbra,936," - fluid, Sod Chl, 0.9 % 100Ml bag"," - fluid, Sod Chl, 0.9 % 100Ml bag",161938,GENERAL ,161938,,1/CS,$101.58 ,1,0,0,,21,Total Tx Amt. $0.00
2, - CARDINAL HEALTH,1476,,,O,$515.10 ,$0.00 ,6/18/2019,wbra,6/18/2019,wbra,1029," - Suture, Vicryl #1 27"" Braide 1/2 Circle"," - Suture, Vicryl #1 27"" Braide 1/2 Circle",J261H,GENERAL ,J261H,,36/BX,$57.23 ,1,0,0,,6,Total Tx Amt. $0.00
2, - CARDINAL HEALTH,1476,,,O,$515.10 ,$0.00 ,6/18/2019,wbra,6/18/2019,wbra,1030," - Suture, Vicryl 2-0  27"" Braide CT-3"," - Suture, Vicryl 2-0  27"" Braide CT-3",J328H,GENERAL ,J328H,,36/BX,$57.47 ,1,0,0,,6,Total Tx Amt. $0.00
2, - CARDINAL HEALTH,1476,,,O,$515.10 ,$0.00 ,6/18/2019,wbra,6/18/2019,wbra,409, - SUTURE MONOCRYL 4-0 18IN, - SUTURE MONOCRYL 4-0 18IN,Y496G,,Y496G,,12/BX,$69.64 ,2,0,0,,6,Total Tx Amt. $0.00
2, - CARDINAL HEALTH,1476,,,O,$515.10 ,$0.00 ,6/18/2019,wbra,6/18/2019,wbra,701," - SUT, PDS 4-0 VIOLET RB-1"," - SUT, PDS 4-0 VIOLET RB-1",Z304H,SUTURE  ,Z304H,,12/BX,$31.16 ,1,0,0,,6,Total Tx Amt. $0.00
2, - CARDINAL HEALTH,1476,,,O,$515.10 ,$0.00 ,6/18/2019,wbra,6/18/2019,wbra,681," - SUT, 4-0 CHROMIC 27IN RB-1"," - SUT, 4-0 CHROMIC 27IN RB-1",U203H,SUTURE  ,U203H,,36/BX,$115.66 ,1,0,0,,6,Total Tx Amt. $0.00
2, - CARDINAL HEALTH,1476,,,O,$515.10 ,$0.00 ,6/18/2019,wbra,6/18/2019,wbra,660," - SUT, CHROMIC, 4-0 SH 27IN"," - SUT, CHROMIC, 4-0 SH 27IN",G121H,SUTURE  ,G121H,,36/BX,$114.30 ,1,0,0,,6,Total Tx Amt. $0.00
2, - CARDINAL HEALTH,1477,,,O,"$2,158.23 ",$0.00 ,6/18/2019,wbra,6/19/2019,wbra,422, - DISINFECT CAVIWIPE 1MIN, - DISINFECT CAVIWIPE 1MIN,MX13-1150,HSKPNG  ,MX13-1150,,12/BX,$64.95 ,2,0,0,,20,Total Tx Amt. $0.00
2, - CARDINAL HEALTH,1477,,,O,"$2,158.23 ",$0.00 ,6/18/2019,wbra,6/19/2019,wbra,134, - IV START KIT, - IV START KIT,01-9000A,GENERAL ,01-9000A,,100/CS,$100.00 ,1,0,0,,20,Total Tx Amt. $0.00
2, - CARDINAL HEALTH,1477,,,O,"$2,158.23 ",$0.00 ,6/18/2019,wbra,6/19/2019,wbra,739, - SafeDay IV Administration Set, - SafeDay IV Administration Set,352904,PACU    ,352899,,50/BX,$141.94 ,2,0,0,,20,Total Tx Amt. $0.00
2, - CARDINAL HEALTH,1477,,,O,"$2,158.23 ",$0.00 ,6/18/2019,wbra,6/19/2019,wbra,281, - SOCK SLIPPER ADULT XL, - SOCK SLIPPER ADULT XL,68125-GRY,,68125-GRY,,48/BX,$33.01 ,2,0,0,,20,Total Tx Amt. $0.00
2, - CARDINAL HEALTH,1477,,,O,"$2,158.23 ",$0.00 ,6/18/2019,wbra,6/19/2019,wbra,358, - MARKER SKIN WITH LABELS STER, - MARKER SKIN WITH LABELS STER,250GPRL-V,GENERAL ,250GPRL-V,,50/BX,$32.68 ,2,0,0,,20,Total Tx Amt. $0.00
2, - CARDINAL HEALTH,1477,,,O,"$2,158.23 ",$0.00 ,6/18/2019,wbra,6/19/2019,wbra,604," - SURGICAL CAP, BOUFANT"," - SURGICAL CAP, BOUFANT",3274,GLV/MSK ,3274,,10/CS,$62.15 ,1,0,0,,20,Total Tx Amt. $0.00
2, - CARDINAL HEALTH,1477,,,O,"$2,158.23 ",$0.00 ,6/18/2019,wbra,6/19/2019,wbra,96, - SHOE COVER DURAFIT NON-SKID X-LARGE, - SHOE COVER DURAFIT NON-SKID X-LARGE,4854,GENERAL ,4854,,4/CS,$44.52 ,1,0,0,,20,Total Tx Amt. $0.00
2, - CARDINAL HEALTH,1477,,,O,"$2,158.23 ",$0.00 ,6/18/2019,wbra,6/19/2019,wbra,106, - GOWN XLARGE, - GOWN XLARGE,9545,GENERAL ,9545,,20/CS,$45.85 ,2,0,0,,20,Total Tx Amt. $0.00
2, - CARDINAL HEALTH,1477,,,O,"$2,158.23 ",$0.00 ,6/18/2019,wbra,6/19/2019,wbra,910," - Surgical Gown, Large Reinforced"," - Surgical Gown, Large Reinforced",9511,GENERAL ,9511,,1/BX,$55.01 ,1,0,0,,20,Total Tx Amt. $0.00
2, - CARDINAL HEALTH,1477,,,O,"$2,158.23 ",$0.00 ,6/18/2019,wbra,6/19/2019,wbra,684," - GOWN, LG AAMI 4 SMART SLEEVE (LEVINE)"," - GOWN, LG AAMI 4 SMART SLEEVE (LEVINE)",9011,GENERAL ,9011,,20/CS,$63.77 ,1,0,0,,20,Total Tx Amt. $0.00
2, - CARDINAL HEALTH,1477,,,O,"$2,158.23 ",$0.00 ,6/18/2019,wbra,6/19/2019,wbra,369, - DRAIN PENROSE 1/4IN STERILE, - DRAIN PENROSE 1/4IN STERILE,DC91201,GENERAL ,DC91201,,50/BX,$102.79 ,1,0,0,,20,Total Tx Amt. $0.00
2, - CARDINAL HEALTH,1477,,,O,"$2,158.23 ",$0.00 ,6/18/2019,wbra,6/19/2019,wbra,880," - MARKER, Sterile Skin Marker, Black"," - MARKER, Sterile Skin Marker, Black",250PRL,GENERAL ,250PRL,,50/BX,$135.00 ,1,0,0,,20,Total Tx Amt. $0.00
2, - CARDINAL HEALTH,1477,,,O,"$2,158.23 ",$0.00 ,6/18/2019,wbra,6/19/2019,wbra,928," - Suture, 2-0 Vicryl"," - Suture, 2-0 Vicryl",J269H,SUTURE  ,J269H,,36/BX,$58.62 ,1,0,0,,20,Total Tx Amt. $0.00
2, - CARDINAL HEALTH,1477,,,O,"$2,158.23 ",$0.00 ,6/18/2019,wbra,6/19/2019,wbra,405, - SUTURE CHROMIC 3-0 SH 27IN, - SUTURE CHROMIC 3-0 SH 27IN,G122H,,G122H,,36/BX,$110.19 ,1,0,0,,20,Total Tx Amt. $0.00
2, - CARDINAL HEALTH,1477,,,O,"$2,158.23 ",$0.00 ,6/18/2019,wbra,6/19/2019,wbra,680," - SUT, 4-0 PDS SH 27IN"," - SUT, 4-0 PDS SH 27IN",Z315H,SUTURE  ,Z315H,,36/BX,$104.26 ,1,0,0,,20,Total Tx Amt. $0.00
2, - CARDINAL HEALTH,1477,,,O,"$2,158.23 ",$0.00 ,6/18/2019,wbra,6/19/2019,wbra,704," - SUT, PDS 2-0 SH"," - SUT, PDS 2-0 SH",Z317H,SUTURE  ,Z317H,,36/BX,$31.33 ,1,0,0,,20,Total Tx Amt. $0.00
2, - CARDINAL HEALTH,1477,,,O,"$2,158.23 ",$0.00 ,6/18/2019,wbra,6/19/2019,wbra,703," - SUT, PDS 3-0 SH 27"""," - SUT, PDS 3-0 SH 27""",Z316H,SUTURE  ,Z316H,,12/BX,$32.03 ,1,0,0,,20,Total Tx Amt. $0.00
2, - CARDINAL HEALTH,1477,,,O,"$2,158.23 ",$0.00 ,6/18/2019,wbra,6/19/2019,wbra,, - Surgical Mask with anti-fog foam and eyeshield, - Surgical Mask with anti-fog foam and eyeshield,,,,,25/BX,$27.28 ,3,0,0,,20,Total Tx Amt. $0.00
2, - CARDINAL HEALTH,1477,,,O,"$2,158.23 ",$0.00 ,6/18/2019,wbra,6/19/2019,wbra,31, - DRAPE CYSTO PACK, - DRAPE CYSTO PACK,SPP99CY1AA,DRAPE   ,SPP99CY1AA,,6/CS,$118.62 ,3,0,0,,20,Total Tx Amt. $0.00
2, - CARDINAL HEALTH,1477,,,O,"$2,158.23 ",$0.00 ,6/18/2019,wbra,6/19/2019,wbra,542, - DRP PACK MINOR PROCEDURE, - DRP PACK MINOR PROCEDURE,SPP99MN7AA,DRAPE   ,SPP99MN7AA,,4/CS,$92.00 ,2,0,0,,20,Total Tx Amt. $0.00
23, - COLOPLAST,1478,,,O,$711.00 ,$0.00 ,6/18/2019,wbra,6/18/2019,wbra,601," - SLING, FEMALE ARIS TRANSOBTURATOR KIT"," - SLING, FEMALE ARIS TRANSOBTURATOR KIT",93-4400,GENERAL ,93-4400,,EA,$711.00 ,1,0,0,,1,Total Tx Amt. $0.00
2, - CARDINAL HEALTH,1479,,,O,"$1,186.07 ",$0.00 ,6/18/2019,wbra,6/19/2019,wbra,261, - BAND ID PATIENT WHT, - BAND ID PATIENT WHT,10154-011,MEDS    ,10154-011,,1/CS,$62.20 ,2,0,0,,9,Total Tx Amt. $0.00
2, - CARDINAL HEALTH,1479,,,O,"$1,186.07 ",$0.00 ,6/18/2019,wbra,6/19/2019,wbra,343, - CONTAINER SPECIMEN 120ML NS, - CONTAINER SPECIMEN 120ML NS,870203,PACU    ,CHB13904,,75/PK,$15.58 ,3,0,0,,9,Total Tx Amt. $0.00
2, - CARDINAL HEALTH,1479,,,O,"$1,186.07 ",$0.00 ,6/18/2019,wbra,6/19/2019,wbra,361, - BASIN URINE STRAINER, - BASIN URINE STRAINER,25-460,PACU    ,bw460,,100/BX,$119.37 ,2,0,0,,9,Total Tx Amt. $0.00
2, - CARDINAL HEALTH,1479,,,O,"$1,186.07 ",$0.00 ,6/18/2019,wbra,6/19/2019,wbra,745, - 3M Sterilization Indicator Strip comply Steam Chem, - 3M Sterilization Indicator Strip comply Steam Chem,1243ac,STRL PRO,1243AC,,2/CS,$39.00 ,3,0,0,,9,Total Tx Amt. $0.00
2, - CARDINAL HEALTH,1479,,,O,"$1,186.07 ",$0.00 ,6/18/2019,wbra,6/19/2019,wbra,323, - WRAP DOUBLE LAYER 36X36, - WRAP DOUBLE LAYER 36X36,CH5G0036,,CH5G0036,,75/PK,$121.13 ,1,0,0,,9,Total Tx Amt. $0.00
2, - CARDINAL HEALTH,1479,,,O,"$1,186.07 ",$0.00 ,6/18/2019,wbra,6/19/2019,wbra,324, - WRAP DOUBLE LAYER 48X48, - WRAP DOUBLE LAYER 48X48,CH3G0048,,CH3G0048,,96/CS,$142.77 ,2,0,0,,9,Total Tx Amt. $0.00
2, - CARDINAL HEALTH,1479,,,O,"$1,186.07 ",$0.00 ,6/18/2019,wbra,6/19/2019,wbra,53, - GAUZE 2X2 NS PKG, - GAUZE 2X2 NS PKG,C-NWS224,DRESSING,C-NWS224,,1/CS,$17.14 ,2,0,0,,9,Total Tx Amt. $0.00
2, - CARDINAL HEALTH,1479,,,O,"$1,186.07 ",$0.00 ,6/18/2019,wbra,6/19/2019,wbra,127, - IV CATH INTROCAN 20X1, - IV CATH INTROCAN 20X1,629114,PACU    ,425254302A,,50/BX,$86.94 ,2,0,0,,9,Total Tx Amt. $0.00
2, - CARDINAL HEALTH,1479,,,O,"$1,186.07 ",$0.00 ,6/18/2019,wbra,6/19/2019,wbra,396, - CATH KIT SILICONE FOLEY, - CATH KIT SILICONE FOLEY,3532,,3532,,10/BX,$44.36 ,1,0,0,,9,Total Tx Amt. $0.00
1, - MCKESSON,1480,,,O,"$2,663.00 ",$0.00 ,6/18/2019,wbra,6/20/2019,wbra,123, - TOWEL PAPER C-FOLD, - TOWEL PAPER C-FOLD,1040599,GENERAL ,1040599,,1/CS,$18.08 ,3,0,0,,11,Total Tx Amt. $0.00
1, - MCKESSON,1480,,,O,"$2,663.00 ",$0.00 ,6/18/2019,wbra,6/20/2019,wbra,129, - IV CATH INTROCAN 18X1, - IV CATH INTROCAN 18X1,629262,GENERAL ,629262,,50/BX,$87.88 ,1,0,0,,11,Total Tx Amt. $0.00
1, - MCKESSON,1480,,,O,"$2,663.00 ",$0.00 ,6/18/2019,wbra,6/20/2019,wbra,140, - FLUID NACL 3000ML, - FLUID NACL 3000ML,230132,GENERAL ,230132,,4/CS,$34.32 ,6,0,0,,11,Total Tx Amt. $0.00
1, - MCKESSON,1480,,,O,"$2,663.00 ",$0.00 ,6/18/2019,wbra,6/20/2019,wbra,152, - FLUID WATER 1000ML, - FLUID WATER 1000ML,513059,GENERAL ,513059,,14/CS,$56.50 ,3,0,0,,11,Total Tx Amt. $0.00
1, - MCKESSON,1480,,,O,"$2,663.00 ",$0.00 ,6/18/2019,wbra,6/20/2019,wbra,151, - FLUID WATER 3000ML, - FLUID WATER 3000ML,200388,GLV/MSK ,200388,,4/CS,$33.79 ,3,0,0,,11,Total Tx Amt. $0.00
1, - MCKESSON,1480,,,O,"$2,663.00 ",$0.00 ,6/18/2019,wbra,6/20/2019,wbra,136, - FLUID LR 1000ML, - FLUID LR 1000ML,515492,GENERAL ,515492,,14/CS,$31.21 ,6,0,0,,11,Total Tx Amt. $0.00
1, - MCKESSON,1480,,,O,"$2,663.00 ",$0.00 ,6/18/2019,wbra,6/20/2019,wbra,827," - Botox, Therapeutic VL  100units, Allergan"," - Botox, Therapeutic VL  100units, Allergan",,MEDS    ,349702,,1/BT,$670.42 ,2,0,0,,11,Total Tx Amt. $0.00
1, - MCKESSON,1480,,,O,"$2,663.00 ",$0.00 ,6/18/2019,wbra,6/20/2019,wbra,165, - MED CIPRO 400MG/200ML, - MED CIPRO 400MG/200ML,916163,ANESTHE ,806731,,24/CS,$83.36 ,1,0,0,,11,Total Tx Amt. $0.00
1, - MCKESSON,1480,,,O,"$2,663.00 ",$0.00 ,6/18/2019,wbra,6/20/2019,wbra,830, - syringe/needle 3cc Blnt LL 18ga x 1 1/2, - syringe/needle 3cc Blnt LL 18ga x 1 1/2,305060,GENERAL ,459506,,100/BX,$10.79 ,5,0,0,,11,Total Tx Amt. $0.00
1, - MCKESSON,1480,,,O,"$2,663.00 ",$0.00 ,6/18/2019,wbra,6/20/2019,wbra,957," - Meds, Levofloxacin 500mg in 100ml 5% dextrose"," - Meds, Levofloxacin 500mg in 100ml 5% dextrose",1142007,ANESTHE ,941815,,24/CS,$296.94 ,1,0,0,,11,Total Tx Amt. $0.00
1, - MCKESSON,1480,,,O,"$2,663.00 ",$0.00 ,6/18/2019,wbra,6/20/2019,wbra,927," - IV Admin Set, Secondary 15 drp"," - IV Admin Set, Secondary 15 drp",sc9001,PACU    ,685495,,50/BX,$40.87 ,2,0,0,,11,Total Tx Amt. $0.00
14, - BARD,1481,,,O,"$1,218.00 ",$0.00 ,6/19/2019,wbra,6/19/2019,wbra,749, - Foley Catheter 16 Fr 5cc Lubricious Coated, - Foley Catheter 16 Fr 5cc Lubricious Coated,0165L16,,0165L16,,12/BX,$38.40 ,1,0,0,,5,Total Tx Amt. $0.00
14, - BARD,1481,,,O,"$1,218.00 ",$0.00 ,6/19/2019,wbra,6/19/2019,wbra,332, - CATH FOLEY 18FR 2WAY 5ML, - CATH FOLEY 18FR 2WAY 5ML,0165L18,,0165L18,,12/BX,$38.40 ,1,0,0,,5,Total Tx Amt. $0.00
14, - BARD,1481,,,O,"$1,218.00 ",$0.00 ,6/19/2019,wbra,6/19/2019,wbra,551, - CATH FOLEY 2WAY COUDE 16FR 5CC, - CATH FOLEY 2WAY COUDE 16FR 5CC,0102L16,GENERAL ,0102L16,,12/BX,$120.60 ,1,0,0,,5,Total Tx Amt. $0.00
14, - BARD,1481,,,O,"$1,218.00 ",$0.00 ,6/19/2019,wbra,6/19/2019,wbra,1031, - CATH FOLEY 2WAY COUDE 18FR 5CC, - CATH FOLEY 2WAY COUDE 18FR 5CC,0102L18,,0165L18,,12/BX,$120.60 ,1,0,0,,5,Total Tx Amt. $0.00
14, - BARD,1481,,,O,"$1,218.00 ",$0.00 ,6/19/2019,wbra,6/19/2019,wbra,224, - NDL BIOPSY MAX CORE, - NDL BIOPSY MAX CORE,MC1825,IVSUPPLY,MC1825,,5/BX,$90.00 ,10,0,0,,5,Total Tx Amt. $0.00
19, - STRAND DX,1482,,,O,$0.03 ,$0.00 ,6/19/2019,wbra,6/19/2019,wbra,563," - BIOPSY KIT, KNOW ERROR"," - BIOPSY KIT, KNOW ERROR",KIT,GENERAL ,KIT,,12/BX,$0.01 ,3,0,0,,1,Total Tx Amt. $0.00
28, - COOPER SURGICAL,1483,,,O,$999.88 ,$0.00 ,6/19/2019,wbra,6/19/2019,wbra,652," - RETRACTOR, LONE STAR, RING WITH CLIPS"," - RETRACTOR, LONE STAR, RING WITH CLIPS",3304G,GENERAL ,3304G,,EA,$75.07 ,5,0,0,,3,Total Tx Amt. $0.00
28, - COOPER SURGICAL,1483,,,O,$999.88 ,$0.00 ,6/19/2019,wbra,6/19/2019,wbra,776, - Elastic Stays 3 Finger 20 mm x 20mm, - Elastic Stays 3 Finger 20 mm x 20mm,3335-4G,GENERAL ,3335-4G,,4/BX,$64.85 ,5,0,0,,3,Total Tx Amt. $0.00
28, - COOPER SURGICAL,1483,,,O,$999.88 ,$0.00 ,6/19/2019,wbra,6/19/2019,wbra,775," - Hook, Blunt End Elastic"," - Hook, Blunt End Elastic",3350-8G,GENERAL ,3350-8G,,1/BX,$75.07 ,4,0,0,,3,Total Tx Amt. $0.00
16, - OLYMPUS,1484,,,O,"$1,550.00 ",$0.00 ,6/19/2019,wbra,6/19/2019,wbra,528, - GLIDEWIRE 0.035 STR TIP STIFF OLYMPUS, - GLIDEWIRE 0.035 STR TIP STIFF OLYMPUS,UWS1035,GENERAL ,UWS1035,,5/BX,$405.00 ,3,0,0,,2,Total Tx Amt. $0.00
16, - OLYMPUS,1484,,,O,"$1,550.00 ",$0.00 ,6/19/2019,wbra,6/19/2019,wbra,526, - GLIDEWIRE 0.035 ANG TIP STIFF OLYMPUS, - GLIDEWIRE 0.035 ANG TIP STIFF OLYMPUS,UWS6035,GENERAL ,UWS6035,,5/BX,$335.00 ,1,0,0,,2,Total Tx Amt. $0.00
24, - CIVCO,1485,,,O,$419.00 ,$0.00 ,6/19/2019,wbra,6/19/2019,wbra,610," - BRACHY, ENDOCAVITY BALLOON"," - BRACHY, ENDOCAVITY BALLOON",610-898,GENERAL ,610-898,,10/BX,$419.00 ,1,0,0,,1,Total Tx Amt. $0.00
3, - BOSTON SCIENTIFIC,1486,,,O,"$6,700.50 ",$0.00 ,6/19/2019,wbra,6/20/2019,wbra,645," - BASKET, ZERO TIP 1.9FR X 120CM BOSTON"," - BASKET, ZERO TIP 1.9FR X 120CM BOSTON",M0063901050,GENERAL ,M0063901050,,EA,$348.60 ,15,0,0,,3,Total Tx Amt. $0.00
3, - BOSTON SCIENTIFIC,1486,,,O,"$6,700.50 ",$0.00 ,6/19/2019,wbra,6/20/2019,wbra,446, - BOSTON SCI WIRE GUIDE SENSOR .035 STR, - BOSTON SCI WIRE GUIDE SENSOR .035 STR,M0066703081,GENERAL ,M0066703081,,5/BX,$374.66 ,3,0,0,,3,Total Tx Amt. $0.00
3, - BOSTON SCIENTIFIC,1486,,,O,"$6,700.50 ",$0.00 ,6/19/2019,wbra,6/20/2019,wbra,598, - 8/10 DILATOR/SHEATH SET, - 8/10 DILATOR/SHEATH SET,M0062601200,GENERAL ,M0062601200,,EA,$86.88 ,4,0,0,,3,Total Tx Amt. $0.00
2, - CARDINAL HEALTH,1487,,,O,"$4,449.23 ",$0.00 ,6/20/2019,wbra,6/20/2019,wbra,739, - SafeDay IV Administration Set, - SafeDay IV Administration Set,352904,PACU    ,352899,,50/BX,$141.94 ,2,0,0,,20,Total Tx Amt. $0.00
2, - CARDINAL HEALTH,1487,,,O,"$4,449.23 ",$0.00 ,6/20/2019,wbra,6/20/2019,wbra,134, - IV START KIT, - IV START KIT,01-9000A,GENERAL ,01-9000A,,100/CS,$100.00 ,1,0,0,,20,Total Tx Amt. $0.00
2, - CARDINAL HEALTH,1487,,,O,"$4,449.23 ",$0.00 ,6/20/2019,wbra,6/20/2019,wbra,281, - SOCK SLIPPER ADULT XL, - SOCK SLIPPER ADULT XL,68125-GRY,,68125-GRY,,48/BX,$33.01 ,2,0,0,,20,Total Tx Amt. $0.00
2, - CARDINAL HEALTH,1487,,,O,"$4,449.23 ",$0.00 ,6/20/2019,wbra,6/20/2019,wbra,796," - King UltraFlex 72"" breathing circuit"," - King UltraFlex 72"" breathing circuit",,ANESTHE ,8753F6121Z,,30/BX,$199.55 ,2,0,0,,20,Total Tx Amt. $0.00
2, - CARDINAL HEALTH,1487,,,O,"$4,449.23 ",$0.00 ,6/20/2019,wbra,6/20/2019,wbra,670," - ANES, AIRWAY, LMA IGEL 4"," - ANES, AIRWAY, LMA IGEL 4",8204000,ANESTHE ,I8204,,25/CS,$545.54 ,2,0,0,,20,Total Tx Amt. $0.00
2, - CARDINAL HEALTH,1487,,,O,"$4,449.23 ",$0.00 ,6/20/2019,wbra,6/20/2019,wbra,619," - ANES, AIRWAY ORAL 90MM YELLOW"," - ANES, AIRWAY ORAL 90MM YELLOW",122790A,ANESTHE ,122790A,,10/BX,$9.82 ,2,0,0,,20,Total Tx Amt. $0.00
2, - CARDINAL HEALTH,1487,,,O,"$4,449.23 ",$0.00 ,6/20/2019,wbra,6/20/2019,wbra,564, - ANES AIRWAY ORAL 100MM RED, - ANES AIRWAY ORAL 100MM RED,16-2101G,ANESTHE ,1227100A,,10/BX,$9.82 ,2,0,0,,20,Total Tx Amt. $0.00
2, - CARDINAL HEALTH,1487,,,O,"$4,449.23 ",$0.00 ,6/20/2019,wbra,6/20/2019,wbra,31, - DRAPE CYSTO PACK, - DRAPE CYSTO PACK,SPP99CY1AA,DRAPE   ,SPP99CY1AA,,6/CS,$118.62 ,4,0,0,,20,Total Tx Amt. $0.00
2, - CARDINAL HEALTH,1487,,,O,"$4,449.23 ",$0.00 ,6/20/2019,wbra,6/20/2019,wbra,422, - DISINFECT CAVIWIPE 1MIN, - DISINFECT CAVIWIPE 1MIN,MX13-1150,HSKPNG  ,MX13-1150,,12/BX,$64.95 ,1,0,0,,20,Total Tx Amt. $0.00
2, - CARDINAL HEALTH,1487,,,O,"$4,449.23 ",$0.00 ,6/20/2019,wbra,6/20/2019,wbra,106, - GOWN XLARGE, - GOWN XLARGE,9545,GENERAL ,9545,,20/CS,$45.85 ,4,0,0,,20,Total Tx Amt. $0.00
2, - CARDINAL HEALTH,1487,,,O,"$4,449.23 ",$0.00 ,6/20/2019,wbra,6/20/2019,wbra,542, - DRP PACK MINOR PROCEDURE, - DRP PACK MINOR PROCEDURE,SPP99MN7AA,DRAPE   ,SPP99MN7AA,,4/CS,$92.00 ,1,0,0,,20,Total Tx Amt. $0.00
2, - CARDINAL HEALTH,1487,,,O,"$4,449.23 ",$0.00 ,6/20/2019,wbra,6/20/2019,wbra,99, - GLOVE PROTEXIS PI 6 LATEX FREE, - GLOVE PROTEXIS PI 6 LATEX FREE,2D72PT60X,GENERAL ,2D72PT60X,,50/BX,$89.45 ,2,0,0,,20,Total Tx Amt. $0.00
2, - CARDINAL HEALTH,1487,,,O,"$4,449.23 ",$0.00 ,6/20/2019,wbra,6/20/2019,wbra,100, - GLOVE PROTEXIS PI 6.5 LATEX FREE, - GLOVE PROTEXIS PI 6.5 LATEX FREE,2D72PT65X,GENERAL ,2D72PT65X,,50/BX,$89.45 ,2,0,0,,20,Total Tx Amt. $0.00
2, - CARDINAL HEALTH,1487,,,O,"$4,449.23 ",$0.00 ,6/20/2019,wbra,6/20/2019,wbra,101, - GLOVE PROTEXIS PI 7 LATEX FREE, - GLOVE PROTEXIS PI 7 LATEX FREE,2D72PT70X,GENERAL ,2D72PT70X,,50/BX,$89.45 ,2,0,0,,20,Total Tx Amt. $0.00
2, - CARDINAL HEALTH,1487,,,O,"$4,449.23 ",$0.00 ,6/20/2019,wbra,6/20/2019,wbra,684," - GOWN, LG AAMI 4 SMART SLEEVE (LEVINE)"," - GOWN, LG AAMI 4 SMART SLEEVE (LEVINE)",9011,GENERAL ,9011,,20/CS,$63.77 ,2,0,0,,20,Total Tx Amt. $0.00
2, - CARDINAL HEALTH,1487,,,O,"$4,449.23 ",$0.00 ,6/20/2019,wbra,6/20/2019,wbra,910," - Surgical Gown, Large Reinforced"," - Surgical Gown, Large Reinforced",9511,GENERAL ,9511,,20/BX,$55.01 ,2,0,0,,20,Total Tx Amt. $0.00
2, - CARDINAL HEALTH,1487,,,O,"$4,449.23 ",$0.00 ,6/20/2019,wbra,6/20/2019,wbra,104, - GLOVE PROTEXIS PI 8.5 LATEX FREE, - GLOVE PROTEXIS PI 8.5 LATEX FREE,2D72PT85X,GENERAL ,2D72PT85X,,50/BX,$89.45 ,2,0,0,,20,Total Tx Amt. $0.00
2, - CARDINAL HEALTH,1487,,,O,"$4,449.23 ",$0.00 ,6/20/2019,wbra,6/20/2019,wbra,304, - TEST PACK BIOLOGICAL INDICATOR, - TEST PACK BIOLOGICAL INDICATOR,M1496V,,M1496V,,24/CS,$198.54 ,2,0,0,,20,Total Tx Amt. $0.00
2, - CARDINAL HEALTH,1487,,,O,"$4,449.23 ",$0.00 ,6/20/2019,wbra,6/20/2019,wbra,305, - TEST PACK BOWIE DICK, - TEST PACK BOWIE DICK,00135ls,STRL PRO,M00135LF,,30/CS,$108.50 ,2,0,0,,20,Total Tx Amt. $0.00
2, - CARDINAL HEALTH,1487,,,O,"$4,449.23 ",$0.00 ,6/20/2019,wbra,6/20/2019,wbra,71, - GLOVE EXAM SMALL NITRILE, - GLOVE EXAM SMALL NITRILE,88TN02S,GENERAL ,88TN02S,,10/CS,$87.80 ,1,0,0,,20,Total Tx Amt. $0.00
1, - MCKESSON,1488,,,O,"$1,933.25 ",$0.00 ,6/20/2019,wbra,6/20/2019,wbra,162, - MED ANCEF 1G, - MED ANCEF 1G,1107414,GLV/MSK ,1107414,,25/BX,$25.94 ,5,0,0,,22,Total Tx Amt. $0.00
1, - MCKESSON,1488,,,O,"$1,933.25 ",$0.00 ,6/20/2019,wbra,6/20/2019,wbra,710," - SUPP, NASAL CAN GAS SAMPLE 7'"," - SUPP, NASAL CAN GAS SAMPLE 7'",999489,ANESTHE ,999489,,25/CS,$42.19 ,2,0,0,,22,Total Tx Amt. $0.00
1, - MCKESSON,1488,,,O,"$1,933.25 ",$0.00 ,6/20/2019,wbra,6/20/2019,wbra,211, - MED PROPOFOL 20ML, - MED PROPOFOL 20ML,989562,IVSUPPLY,989562,,25/BX,$56.86 ,4,0,0,,22,Total Tx Amt. $0.00
1, - MCKESSON,1488,,,O,"$1,933.25 ",$0.00 ,6/20/2019,wbra,6/20/2019,wbra,833," - Mask, Anes size 6 Adult Elongated"," - Mask, Anes size 6 Adult Elongated",854706,ANESTHE ,854706,,30/BX,$46.88 ,1,0,0,,22,Total Tx Amt. $0.00
1, - MCKESSON,1488,,,O,"$1,933.25 ",$0.00 ,6/20/2019,wbra,6/20/2019,wbra,135, - FLUID LR 1000ML, - FLUID LR 1000ML,208829,GENERAL ,208829,,12/CS,$71.07 ,4,0,0,,22,Total Tx Amt. $0.00
1, - MCKESSON,1488,,,O,"$1,933.25 ",$0.00 ,6/20/2019,wbra,6/20/2019,wbra,137, - FLUID LR 500ML, - FLUID LR 500ML,186663,GENERAL ,186663,,24/CS,$55.43 ,2,0,0,,22,Total Tx Amt. $0.00
1, - MCKESSON,1488,,,O,"$1,933.25 ",$0.00 ,6/20/2019,wbra,6/20/2019,wbra,726," - SUPP, Y TUBING"," - SUPP, Y TUBING",2C4005,GENERAL ,200390,,12/BX,$121.28 ,2,0,0,,22,Total Tx Amt. $0.00
1, - MCKESSON,1488,,,O,"$1,933.25 ",$0.00 ,6/20/2019,wbra,6/20/2019,wbra,633," - TUBING, SUCTION NS BUBBLE"," - TUBING, SUCTION NS BUBBLE",8888280412,GLV/MSK ,774642,,1/CS,$13.84 ,3,0,0,,22,Total Tx Amt. $0.00
1, - MCKESSON,1488,,,O,"$1,933.25 ",$0.00 ,6/20/2019,wbra,6/20/2019,wbra,229, - NDL HYPO 18X1.5, - NDL HYPO 18X1.5,1031789,IVS     ,1031789,,100/BX,$2.80 ,2,0,0,,22,Total Tx Amt. $0.00
1, - MCKESSON,1488,,,O,"$1,933.25 ",$0.00 ,6/20/2019,wbra,6/20/2019,wbra,419, - SYRINGE LL 3ML, - SYRINGE LL 3ML,1031804,,1031804,,100/BX,$4.40 ,2,0,0,,22,Total Tx Amt. $0.00
1, - MCKESSON,1488,,,O,"$1,933.25 ",$0.00 ,6/20/2019,wbra,6/20/2019,wbra,417, - SYRINGE LL 5ML, - SYRINGE LL 5ML,BF309646A,,1031805,,100/BX,$6.10 ,2,0,0,,22,Total Tx Amt. $0.00
1, - MCKESSON,1488,,,O,"$1,933.25 ",$0.00 ,6/20/2019,wbra,6/20/2019,wbra,420, - SYRINGE LL 10ML, - SYRINGE LL 10ML,1031801,,1031801,,100/BX,$7.50 ,3,0,0,,22,Total Tx Amt. $0.00
1, - MCKESSON,1488,,,O,"$1,933.25 ",$0.00 ,6/20/2019,wbra,6/20/2019,wbra,421, - SYRINGE LL 20ML, - SYRINGE LL 20ML,1031802,,1031802,,100/BX,$19.80 ,2,0,0,,22,Total Tx Amt. $0.00
1, - MCKESSON,1488,,,O,"$1,933.25 ",$0.00 ,6/20/2019,wbra,6/20/2019,wbra,1032," - syringe, 3 ml with 1 1/2' needle"," - syringe, 3 ml with 1 1/2' needle",1031810,ANESTHE ,1031810,,100/BX,$5.44 ,2,0,0,,22,Total Tx Amt. $0.00
1, - MCKESSON,1488,,,O,"$1,933.25 ",$0.00 ,6/20/2019,wbra,6/20/2019,wbra,927," - IV Admin Set, Secondary 15 drp"," - IV Admin Set, Secondary 15 drp",sc9001,PACU    ,685495,,50/BX,$40.87 ,2,0,0,,22,Total Tx Amt. $0.00
1, - MCKESSON,1488,,,O,"$1,933.25 ",$0.00 ,6/20/2019,wbra,6/20/2019,wbra,957," - Meds, Levofloxacin 500mg in 100ml 5% dextrose"," - Meds, Levofloxacin 500mg in 100ml 5% dextrose",1142007,ANESTHE ,941815,,24/CS,$326.30 ,1,0,0,,22,Total Tx Amt. $0.00
1, - MCKESSON,1488,,,O,"$1,933.25 ",$0.00 ,6/20/2019,wbra,6/20/2019,wbra,303, - GOWN APRON 38X46 WHT NS, - GOWN APRON 38X46 WHT NS,688686,GENERAL ,688686,,100/BX,$16.13 ,2,0,0,,22,Total Tx Amt. $0.00
1, - MCKESSON,1488,,,O,"$1,933.25 ",$0.00 ,6/20/2019,wbra,6/20/2019,wbra,850," - Soap, Antimicrobial Soap[ Provon"," - Soap, Antimicrobial Soap[ Provon",,HSKPNG  ,877253,,2/CS,$38.20 ,1,0,0,,22,Total Tx Amt. $0.00
1, - MCKESSON,1488,,,O,"$1,933.25 ",$0.00 ,6/20/2019,wbra,6/20/2019,wbra,64, - TAPE PLASTIC/TRANSPORE 1IN, - TAPE PLASTIC/TRANSPORE 1IN,M1527-1,DRESSING,5762,,12/BX,$7.42 ,2,0,0,,22,Total Tx Amt. $0.00
1, - MCKESSON,1488,,,O,"$1,933.25 ",$0.00 ,6/20/2019,wbra,6/20/2019,wbra,268, - MARKER SKIN MINI NS, - MARKER SKIN MINI NS,1042455,MEDS    ,1042455,,100/BX,$33.13 ,2,0,0,,22,Total Tx Amt. $0.00
1, - MCKESSON,1488,,,O,"$1,933.25 ",$0.00 ,6/20/2019,wbra,6/20/2019,wbra,754," - Nasal Canula, Flared tip"," - Nasal Canula, Flared tip",1104,PACU    ,37358,,50/CS,$18.57 ,1,0,0,,22,Total Tx Amt. $0.00
1, - MCKESSON,1488,,,O,"$1,933.25 ",$0.00 ,6/20/2019,wbra,6/20/2019,wbra,128, - IV CATH INTROCAN 22X1, - IV CATH INTROCAN 22X1,629338,GENERAL ,629338,,50/BX,$87.88 ,1,0,0,,22,Total Tx Amt. $0.00
17, - HEALTHTRONICS MOBILE SOLUTIONS,1489,,,O,"$1,250.00 ",$0.00 ,6/20/2019,wbra,6/20/2019,wbra,529, - LASER FIBER HO 200 SINGLE USE, - LASER FIBER HO 200 SINGLE USE,95193,GENERAL ,95193,,EA,$125.00 ,5,0,0,,2,Total Tx Amt. $0.00
17, - HEALTHTRONICS MOBILE SOLUTIONS,1489,,,O,"$1,250.00 ",$0.00 ,6/20/2019,wbra,6/20/2019,wbra,531, - LASER FIBER HO 365 SINGLE USE, - LASER FIBER HO 365 SINGLE USE,95612,GENERAL ,95612,,EA,$125.00 ,5,0,0,,2,Total Tx Amt. $0.00
14, - BARD,1490,,,O,$98.00 ,$0.00 ,6/20/2019,wbra,6/20/2019,wbra,492, - BARD URETERAL STENT 6 X 28, - BARD URETERAL STENT 6 X 28,778628,GENERAL ,778628,,EA,$49.00 ,2,0,0,,1,Total Tx Amt. $0.00
1, - MCKESSON,1492,,,O,"$1,556.71 ",$0.00 ,7/1/2019,wbra,7/1/2019,wbra,21, - ANES AMBU BAG ADULT MED, - ANES AMBU BAG ADULT MED,520211000,ANESTHE ,533718,,EA,$8.47 ,1,0,0,,13,Total Tx Amt. $0.00
1, - MCKESSON,1492,,,O,"$1,556.71 ",$0.00 ,7/1/2019,wbra,7/1/2019,wbra,140, - FLUID NACL 3000ML, - FLUID NACL 3000ML,230132,GENERAL ,230132,,4/CS,$34.32 ,4,0,0,,13,Total Tx Amt. $0.00
1, - MCKESSON,1492,,,O,"$1,556.71 ",$0.00 ,7/1/2019,wbra,7/1/2019,wbra,120, - TISSUE TOLIET WHT, - TISSUE TOLIET WHT,165-tp500p,GENERAL ,1045390,,96/CS,$41.56 ,1,0,0,,13,Total Tx Amt. $0.00
1, - MCKESSON,1492,,,O,"$1,556.71 ",$0.00 ,7/1/2019,wbra,7/1/2019,wbra,148, - FLUID WATER 500ML BOTTLE, - FLUID WATER 500ML BOTTLE,161730,GENERAL ,14045,,12/CS,$26.72 ,2,0,0,,13,Total Tx Amt. $0.00
1, - MCKESSON,1492,,,O,"$1,556.71 ",$0.00 ,7/1/2019,wbra,7/1/2019,wbra,189, - MED TORADOL 1ML, - MED TORADOL 1ML,333340,HSKPNG  ,1081340,,25/BX,$36.47 ,1,0,0,,13,Total Tx Amt. $0.00
1, - MCKESSON,1492,,,O,"$1,556.71 ",$0.00 ,7/1/2019,wbra,7/1/2019,wbra,162, - MED ANCEF 1G, - MED ANCEF 1G,1107414,GLV/MSK ,1107414,,25/BX,$25.94 ,1,0,0,,13,Total Tx Amt. $0.00
1, - MCKESSON,1492,,,O,"$1,556.71 ",$0.00 ,7/1/2019,wbra,7/1/2019,wbra,168, - MED DECADRON 4MG/ML 1ML, - MED DECADRON 4MG/ML 1ML,63323016501,ANESTHE ,550541,,25/BX,$73.85 ,4,0,0,,13,Total Tx Amt. $0.00
1, - MCKESSON,1492,,,O,"$1,556.71 ",$0.00 ,7/1/2019,wbra,7/1/2019,wbra,846," - Albuterol, INH Proair HFA W/Counter 90 MCG"," - Albuterol, INH Proair HFA W/Counter 90 MCG",59310057922,ANESTHE ,830603,,EA,$77.84 ,10,0,0,,13,Total Tx Amt. $0.00
1, - MCKESSON,1492,,,O,"$1,556.71 ",$0.00 ,7/1/2019,wbra,7/1/2019,wbra,1034," - Bandage, Sterile conforming 2"""," - Bandage, Sterile conforming 2""",999367,GENERAL ,999367,,12/BX,$1.65 ,1,0,0,,13,Total Tx Amt. $0.00
1, - MCKESSON,1492,,,O,"$1,556.71 ",$0.00 ,7/1/2019,wbra,7/1/2019,wbra,1035, - Nebulizer Kit W Face Mask, - Nebulizer Kit W Face Mask,448326,PACU    ,448326,,50/BX,$41.76 ,1,0,0,,13,Total Tx Amt. $0.00
1, - MCKESSON,1492,,,O,"$1,556.71 ",$0.00 ,7/1/2019,wbra,7/1/2019,wbra,933," - Container, Specimen Container sterile"," - Container, Specimen Container sterile",1053,GENERAL ,337711,,100/BX,$48.65 ,1,0,0,,13,Total Tx Amt. $0.00
1, - MCKESSON,1492,,,O,"$1,556.71 ",$0.00 ,7/1/2019,wbra,7/1/2019,wbra,1036," - MEDS, Nebulizer, Albuterol Sulfate, .083mg/ML 3Ml"," - MEDS, Nebulizer, Albuterol Sulfate, .083mg/ML 3Ml",570560,PACU    ,570560,,25/BX,$3.31 ,1,0,0,,13,Total Tx Amt. $0.00
1, - MCKESSON,1492,,,O,"$1,556.71 ",$0.00 ,7/1/2019,wbra,7/1/2019,wbra,710," - SUPP, NASAL CAN GAS SAMPLE 7'"," - SUPP, NASAL CAN GAS SAMPLE 7'",999489,ANESTHE ,999489,,25/CS,$42.19 ,2,0,0,,13,Total Tx Amt. $0.00
2, - CARDINAL HEALTH,1493,,,O,"$1,031.03 ",$0.00 ,7/1/2019,wbra,7/1/2019,wbra,298, - PREP TRAY IODINE STERILE, - PREP TRAY IODINE STERILE,Nov-08,,Nov-08,,20/CS,$77.40 ,1,0,0,,6,Total Tx Amt. $0.00
2, - CARDINAL HEALTH,1493,,,O,"$1,031.03 ",$0.00 ,7/1/2019,wbra,7/1/2019,wbra,566, - SPD HPU CHEMICAL INDICATOR, - SPD HPU CHEMICAL INDICATOR,PCC061,STRL PRO,pcc061,,1/BX,$46.30 ,2,0,0,,6,Total Tx Amt. $0.00
2, - CARDINAL HEALTH,1493,,,O,"$1,031.03 ",$0.00 ,7/1/2019,wbra,7/1/2019,wbra,524, - STERIS VAPROX STERILANT, - STERIS VAPROX STERILANT,PB028,STRL PRO,PB028-SC,,4/BX,$248.78 ,2,0,0,,6,Total Tx Amt. $0.00
2, - CARDINAL HEALTH,1493,,,O,"$1,031.03 ",$0.00 ,7/1/2019,wbra,7/1/2019,wbra,313, - WRAP TRAY LINER WHT, - WRAP TRAY LINER WHT,KM10502B,STRL PRO,KM10502B,,4000/CS,$55.13 ,1,0,0,,6,Total Tx Amt. $0.00
2, - CARDINAL HEALTH,1493,,,O,"$1,031.03 ",$0.00 ,7/1/2019,wbra,7/1/2019,wbra,31, - DRAPE CYSTO PACK, - DRAPE CYSTO PACK,SPP99CY1AA,DRAPE   ,SPP99CY1AA,,6/CS,$118.62 ,1,0,0,,6,Total Tx Amt. $0.00
2, - CARDINAL HEALTH,1493,,,O,"$1,031.03 ",$0.00 ,7/1/2019,wbra,7/1/2019,wbra,1033," - Sterilization Pouch, 4 x 22 self seal, steam/EO"," - Sterilization Pouch, 4 x 22 self seal, steam/EO",570719,STRL PRO,92322,,1/BX,$94.86 ,2,0,0,,6,Total Tx Amt. $0.00
26, - CUSTOM MEDICAL SPECILTIES,1494,,,O,$129.00 ,$0.00 ,7/1/2019,wbra,7/1/2019,wbra,637," - BAG, DRAIN SURGICAL TABLE"," - BAG, DRAIN SURGICAL TABLE",CMS-999,GENERAL ,CMS-999,,20/CS,$129.00 ,1,0,0,,1,Total Tx Amt. $0.00
15, - TELEFLEX/ARROW,1495,,,O,$238.68 ,$0.00 ,7/1/2019,wbra,7/1/2019,wbra,727, - Central Venous Catheterization Kit, - Central Venous Catheterization Kit,ak-04400,GENERAL ,AK-04400,,10/BX,$238.68 ,1,0,0,B/O W/O 7/22,1,Total Tx Amt. $0.00
15, - TELEFLEX/ARROW,1496,,,O,$405.00 ,$0.00 ,7/1/2019,wbra,7/1/2019,wbra,518, - ANES LMA 4 UNIQUE, - ANES LMA 4 UNIQUE,105200-000040,ANESTHE ,105200-000040,,10/BX,$135.00 ,3,0,0,,1,Total Tx Amt. $0.00
23, - COLOPLAST,1497,,,O,$732.00 ,$0.00 ,7/2/2019,wbra,7/2/2019,wbra,601," - SLING, FEMALE ARIS TRANSOBTURATOR KIT"," - SLING, FEMALE ARIS TRANSOBTURATOR KIT",93-4400,GENERAL ,93-4400,,EA,$732.00 ,1,0,0,,1,Total Tx Amt. $0.00
33, - MEDTRONIC,1498,,,O,$390.00 ,$0.00 ,7/2/2019,wbra,7/2/2019,wbra,733," - IMP, LEAD 305901 PNE TEST STIM"," - IMP, LEAD 305901 PNE TEST STIM",305901,GENERAL ,305901,,EA,$40.00 ,1,0,0,,2,Total Tx Amt. $0.00
33, - MEDTRONIC,1498,,,O,$390.00 ,$0.00 ,7/2/2019,wbra,7/2/2019,wbra,736," - IMP, INTERSTIM TEST STIM 353101"," - IMP, INTERSTIM TEST STIM 353101",353101,GENERAL ,353101,,EA,$350.00 ,1,0,0,,2,Total Tx Amt. $0.00
1, - MCKESSON,1499,,,O,"$1,159.52 ",$0.00 ,7/2/2019,wbra,7/8/2019,wbra,253, - CUFF BP ADULT LARGE, - CUFF BP ADULT LARGE,626464,PACU    ,626464,,EA,$23.13 ,4,0,0,,14,Total Tx Amt. $0.00
1, - MCKESSON,1499,,,O,"$1,159.52 ",$0.00 ,7/2/2019,wbra,7/8/2019,wbra,1040," - CUFF BP ADULT, Regular"," - CUFF BP ADULT, Regular",682576,PACU    ,682576,,EA,$24.67 ,4,0,0,,14,Total Tx Amt. $0.00
1, - MCKESSON,1499,,,O,"$1,159.52 ",$0.00 ,7/2/2019,wbra,7/8/2019,wbra,1041, - Cuff BP Adult XL, - Cuff BP Adult XL,1105648,PACU    ,1105648,,5/BX,$84.79 ,1,0,0,,14,Total Tx Amt. $0.00
1, - MCKESSON,1499,,,O,"$1,159.52 ",$0.00 ,7/2/2019,wbra,7/8/2019,wbra,284, - SUPPORTER ADULT LRG, - SUPPORTER ADULT LRG,452706,DRESSING,452706,,EA,$6.04 ,5,0,0,,14,Total Tx Amt. $0.00
1, - MCKESSON,1499,,,O,"$1,159.52 ",$0.00 ,7/2/2019,wbra,7/8/2019,wbra,379, - FLUID GEL ULTRASOUND 5000ML, - FLUID GEL ULTRASOUND 5000ML,227102,,227102,,EA,$15.11 ,1,0,0,,14,Total Tx Amt. $0.00
1, - MCKESSON,1499,,,O,"$1,159.52 ",$0.00 ,7/2/2019,wbra,7/8/2019,wbra,1039," - Spray Bottle, 32 oz leak proof commercial grade"," - Spray Bottle, 32 oz leak proof commercial grade",1063406,GENERAL ,1063406,,EA,$5.72 ,1,0,0,,14,Total Tx Amt. $0.00
1, - MCKESSON,1499,,,O,"$1,159.52 ",$0.00 ,7/2/2019,wbra,7/8/2019,wbra,211, - MED PROPOFOL 20ML, - MED PROPOFOL 20ML,989562,IVSUPPLY,989562,,25/BX,$56.86 ,2,0,0,,14,Total Tx Amt. $0.00
1, - MCKESSON,1499,,,O,"$1,159.52 ",$0.00 ,7/2/2019,wbra,7/8/2019,wbra,162, - MED ANCEF 1G, - MED ANCEF 1G,1107414,GLV/MSK ,1107414,,25/BX,$25.94 ,1,0,0,,14,Total Tx Amt. $0.00
1, - MCKESSON,1499,,,O,"$1,159.52 ",$0.00 ,7/2/2019,wbra,7/8/2019,wbra,761, - Patien belong bags, - Patien belong bags,30421100,PACU    ,447753,,250/CS,$32.79 ,1,0,0,,14,Total Tx Amt. $0.00
1, - MCKESSON,1499,,,O,"$1,159.52 ",$0.00 ,7/2/2019,wbra,7/8/2019,wbra,901, - Coverall Bunny Suit, - Coverall Bunny Suit,293648,GENERAL ,293566,,25/BX,$43.81 ,2,0,0,,14,Total Tx Amt. $0.00
1, - MCKESSON,1499,,,O,"$1,159.52 ",$0.00 ,7/2/2019,wbra,7/8/2019,wbra,1042," - Meds, Methylprednisolone 40mg/ml"," - Meds, Methylprednisolone 40mg/ml",514379,IVSUPPLY,514379,,25/BX,$182.96 ,1,0,0,,14,Total Tx Amt. $0.00
1, - MCKESSON,1499,,,O,"$1,159.52 ",$0.00 ,7/2/2019,wbra,7/8/2019,wbra,624," - MED, OMNIPAQUE 300"," - MED, OMNIPAQUE 300",407141361,MEDS    ,533382,,10/BX,$57.83 ,1,0,0,,14,Total Tx Amt. $0.00
1, - MCKESSON,1499,,,O,"$1,159.52 ",$0.00 ,7/2/2019,wbra,7/8/2019,wbra,140, - FLUID NACL 3000ML, - FLUID NACL 3000ML,230132,GENERAL ,230132,,4/CS,$34.32 ,3,0,0,,14,Total Tx Amt. $0.00
1, - MCKESSON,1499,,,O,"$1,159.52 ",$0.00 ,7/2/2019,wbra,7/8/2019,wbra,849," - Lidocaine 1 % HCI Injection, USP 500mg/50ml Multi"," - Lidocaine 1 % HCI Injection, USP 500mg/50ml Multi",239936,,239936,,25/CT,$57.17 ,4,0,0,,14,Total Tx Amt. $0.00
29, - ALLERGAN,1500,,,O,$144.00 ,$0.00 ,7/3/2019,wbra,7/8/2019,wbra,1037," - Needle, injeTAK DIS 199, 35 cm"," - Needle, injeTAK DIS 199, 35 cm",96031,,96031,,2/CS,$72.00 ,2,0,0,,1,Total Tx Amt. $0.00
2, - CARDINAL HEALTH,1501,,,O,$877.89 ,$0.00 ,7/8/2019,wbra,7/8/2019,wbra,134, - IV START KIT, - IV START KIT,01-9000A,GENERAL ,01-9000A,,100/CS,$100.00 ,1,0,0,,7,Total Tx Amt. $0.00
2, - CARDINAL HEALTH,1501,,,O,$877.89 ,$0.00 ,7/8/2019,wbra,7/8/2019,wbra,739, - SafeDay IV Administration Set, - SafeDay IV Administration Set,352904,PACU    ,352899,,50/BX,$141.94 ,2,0,0,,7,Total Tx Amt. $0.00
2, - CARDINAL HEALTH,1501,,,O,$877.89 ,$0.00 ,7/8/2019,wbra,7/8/2019,wbra,281, - SOCK SLIPPER ADULT XL, - SOCK SLIPPER ADULT XL,68125-GRY,,68125-GRY,,48/BX,$33.01 ,1,0,0,,7,Total Tx Amt. $0.00
2, - CARDINAL HEALTH,1501,,,O,$877.89 ,$0.00 ,7/8/2019,wbra,7/8/2019,wbra,31, - DRAPE CYSTO PACK, - DRAPE CYSTO PACK,SPP99CY1AA,DRAPE   ,SPP99CY1AA,,6/CS,$118.62 ,1,0,0,,7,Total Tx Amt. $0.00
2, - CARDINAL HEALTH,1501,,,O,$877.89 ,$0.00 ,7/8/2019,wbra,7/8/2019,wbra,317, - TEST TAPE STEAM, - TEST TAPE STEAM,T40311A,,T40311A,,1/RL,$13.08 ,6,0,0,,7,Total Tx Amt. $0.00
2, - CARDINAL HEALTH,1501,,,O,$877.89 ,$0.00 ,7/8/2019,wbra,7/8/2019,wbra,324, - WRAP DOUBLE LAYER 48X48, - WRAP DOUBLE LAYER 48X48,CH3G0048,,CH3G0048,,96/CS,$142.77 ,1,0,0,,7,Total Tx Amt. $0.00
2, - CARDINAL HEALTH,1501,,,O,$877.89 ,$0.00 ,7/8/2019,wbra,7/8/2019,wbra,323, - WRAP DOUBLE LAYER 36X36, - WRAP DOUBLE LAYER 36X36,CH5G0036,,CH5G0036,,75/PK,$121.13 ,1,0,0,,7,Total Tx Amt. $0.00
8, - STERIS,1502,,,O,"$2,706.90 ",$0.00 ,7/8/2019,wbra,7/8/2019,wbra,523, - STERIS CELERITY 20HP BI, - STERIS CELERITY 20HP BI,LCB044,STRL PRO,LCB044,,25/BX,$311.25 ,2,0,0,,2,Total Tx Amt. $0.00
8, - STERIS,1502,,,O,"$2,706.90 ",$0.00 ,7/8/2019,wbra,7/8/2019,wbra,1043, - Steric Vaprox HC, - Steric Vaprox HC,PB007,STRL PRO,PB007,,1/CS,$521.10 ,4,0,0,,2,Total Tx Amt. $0.00
37, - ProPharma Distribution,1503,,,O,$219.17 ,$0.00 ,7/8/2019,wbra,7/8/2019,wbra,730," - MED, BUPIVACAINE, 0.25% FOR CAUDALS"," - MED, BUPIVACAINE, 0.25% FOR CAUDALS",Bupivacaine,MEDS    ,Bupivacaine,,25/BX,$219.17 ,1,0,0,,1,Total Tx Amt. $0.00
1, - MCKESSON,1504,,,O,"$1,814.32 ",$0.00 ,7/9/2019,wbra,7/10/2019,wbra,190, - MED LIDOCAINE 1% EPI 20ML, - MED LIDOCAINE 1% EPI 20ML,763949,HSKPNG  ,747065,,25/BX,$49.44 ,1,0,0,,9,Total Tx Amt. $0.00
1, - MCKESSON,1504,,,O,"$1,814.32 ",$0.00 ,7/9/2019,wbra,7/10/2019,wbra,202, - MED NAROPIN 0.5% 30 ml vial, - MED NAROPIN 0.5% 30 ml vial,1107586,IVSUPPLY,698119,,5/CT,$33.56 ,5,0,0,,9,Total Tx Amt. $0.00
1, - MCKESSON,1504,,,O,"$1,814.32 ",$0.00 ,7/9/2019,wbra,7/10/2019,wbra,140, - FLUID NACL 3000ML, - FLUID NACL 3000ML,230132,GENERAL ,230132,,4/CS,$34.32 ,4,0,0,,9,Total Tx Amt. $0.00
1, - MCKESSON,1504,,,O,"$1,814.32 ",$0.00 ,7/9/2019,wbra,7/10/2019,wbra,1048," - Miltex instrument lube, 8oz bottle"," - Miltex instrument lube, 8oz bottle",206395,STRL PRO,206395,,EA,$8.58 ,1,0,0,,9,Total Tx Amt. $0.00
1, - MCKESSON,1504,,,O,"$1,814.32 ",$0.00 ,7/9/2019,wbra,7/10/2019,wbra,1033," - Sterilization Pouch, 4 x 22 self seal, steam/EO"," - Sterilization Pouch, 4 x 22 self seal, steam/EO",570719,STRL PRO,570719,,1/CS,$257.04 ,1,0,0,,9,Total Tx Amt. $0.00
1, - MCKESSON,1504,,,O,"$1,814.32 ",$0.00 ,7/9/2019,wbra,7/10/2019,wbra,1000," - PACU, Exergen Temporal Thermometer"," - PACU, Exergen Temporal Thermometer",124275-P,PACU    ,524331,,EA,$348.46 ,3,0,0,,9,Total Tx Amt. $0.00
1, - MCKESSON,1504,,,O,"$1,814.32 ",$0.00 ,7/9/2019,wbra,7/10/2019,wbra,148, - FLUID WATER 500ML BOTTLE, - FLUID WATER 500ML BOTTLE,161730,GENERAL ,14045,,12/CS,$26.72 ,2,0,0,,9,Total Tx Amt. $0.00
1, - MCKESSON,1504,,,O,"$1,814.32 ",$0.00 ,7/9/2019,wbra,7/10/2019,wbra,140, - FLUID NACL 3000ML, - FLUID NACL 3000ML,230132,GENERAL ,230132,,4/CS,$34.32 ,2,0,0,,9,Total Tx Amt. $0.00
1, - MCKESSON,1504,,,O,"$1,814.32 ",$0.00 ,7/9/2019,wbra,7/10/2019,wbra,148, - FLUID WATER 500ML BOTTLE, - FLUID WATER 500ML BOTTLE,161730,GENERAL ,14045,,12/CS,$26.72 ,1,0,0,,9,Total Tx Amt. $0.00
2, - CARDINAL HEALTH,1505,,,O,$211.23 ,$0.00 ,7/9/2019,wbra,7/9/2019,wbra,298, - PREP TRAY IODINE STERILE, - PREP TRAY IODINE STERILE,Nov-08,,Nov-08,,20/CS,$77.40 ,1,0,0,,2,Total Tx Amt. $0.00
2, - CARDINAL HEALTH,1505,,,O,$211.23 ,$0.00 ,7/9/2019,wbra,7/9/2019,wbra,1046," - Suture, Prolene  30 SH  1/2 circle"," - Suture, Prolene  30 SH  1/2 circle",8832H,SUTURE  ,8834H,,36/BX,$133.83 ,1,0,0,,2,Total Tx Amt. $0.00
13, - CARE FUSION,1506,,,O,$0.00 ,$0.00 ,7/9/2019,wbra,7/9/2019,wbra,1047," - Instrument, Adson Blunt Dissecting Hook"," - Instrument, Adson Blunt Dissecting Hook",NL2410,GENERAL ,NL2410,,EA,$0.00 ,1,0,0,,1,Total Tx Amt. $0.00
27, - BESSE MEDICAL,1507,,,O,"$1,507.28 ",$0.00 ,7/9/2019,wbra,7/9/2019,wbra,648," - MED, RIFADIN IV 600MG 25ML"," - MED, RIFADIN IV 600MG 25ML",00068-0597-01,MEDS    ,10820,,EA,$196.42 ,5,0,0,,4,Total Tx Amt. $0.00
27, - BESSE MEDICAL,1507,,,O,"$1,507.28 ",$0.00 ,7/9/2019,wbra,7/9/2019,wbra,178, - MED LASIX 4ML, - MED LASIX 4ML,00409-6102-04,GLV/MSK ,26110,,25/BX,$75.63 ,1,0,0,,4,Total Tx Amt. $0.00
27, - BESSE MEDICAL,1507,,,O,"$1,507.28 ",$0.00 ,7/9/2019,wbra,7/9/2019,wbra,1044," - meds, Succinylcholine /chloride mg/ml  10 ml vial"," - meds, Succinylcholine /chloride mg/ml  10 ml vial",364606,MEDS    ,54496,,25/BX,$396.75 ,1,0,0,,4,Total Tx Amt. $0.00
27, - BESSE MEDICAL,1507,,,O,"$1,507.28 ",$0.00 ,7/9/2019,wbra,7/9/2019,wbra,1045," - Meds, Piperacillin and Tazzobactam 3.375gm"," - Meds, Piperacillin and Tazzobactam 3.375gm",993658,MEDS    ,42571,,10/BX,$52.80 ,1,0,0,,4,Total Tx Amt. $0.00
3, - BOSTON SCIENTIFIC,1508,,,O,"$1,700.65 ",$0.00 ,7/9/2019,wbra,7/24/2019,wbra,966," - Basket, Gemini 4wire, 5cm tip"," - Basket, Gemini 4wire, 5cm tip",m0063301110,,m0063301110,,EA,$317.11 ,3,0,0,,2,Total Tx Amt. $0.00
3, - BOSTON SCIENTIFIC,1508,,,O,"$1,700.65 ",$0.00 ,7/9/2019,wbra,7/24/2019,wbra,446, - BOSTON SCI WIRE GUIDE SENSOR .035 STR, - BOSTON SCI WIRE GUIDE SENSOR .035 STR,M0066703081,GENERAL ,M0066703081,,5/BX,$374.66 ,2,0,0,,2,Total Tx Amt. $0.00
2, - CARDINAL HEALTH,1509,,,O,$806.49 ,$0.00 ,7/9/2019,wbra,7/10/2019,wbra,614," - SPD, PEEL POUCH 9.125X25.5"," - SPD, PEEL POUCH 9.125X25.5",92923,STRL PRO,92923,,100/BX,$114.62 ,1,0,0,,5,Total Tx Amt. $0.00
2, - CARDINAL HEALTH,1509,,,O,$806.49 ,$0.00 ,7/9/2019,wbra,7/10/2019,wbra,79, - GLOVE NEOPRENE SIZE 7, - GLOVE NEOPRENE SIZE 7,2D73DP70,GENERAL ,2D73DP70,,50/BX,$71.50 ,2,0,0,,5,Total Tx Amt. $0.00
2, - CARDINAL HEALTH,1509,,,O,$806.49 ,$0.00 ,7/9/2019,wbra,7/10/2019,wbra,31, - DRAPE CYSTO PACK, - DRAPE CYSTO PACK,SPP99CY1AA,DRAPE   ,SPP99CY1AA,,6/CS,$118.62 ,2,0,0,,5,Total Tx Amt. $0.00
2, - CARDINAL HEALTH,1509,,,O,$806.49 ,$0.00 ,7/9/2019,wbra,7/10/2019,wbra,785, - Sheaths Ultra sound Probe cover, - Sheaths Ultra sound Probe cover,25001,GENERAL ,25001,,100/BX,$91.48 ,2,0,0,,5,Total Tx Amt. $0.00
2, - CARDINAL HEALTH,1509,,,O,$806.49 ,$0.00 ,7/9/2019,wbra,7/10/2019,wbra,1046," - Suture, Prolene  30 SH  1/2 circle"," - Suture, Prolene  30 SH  1/2 circle",8832H,SUTURE  ,8832H,,36/BX,$128.67 ,1,0,0,,5,Total Tx Amt. $0.00
31, - NEOTRACT/ UROLIFT,1510,,,O,"$7,600.00 ",$0.00 ,7/9/2019,wbra,7/9/2019,wbra,665, - UROLIFT SYSTEM IMPLANT, - UROLIFT SYSTEM IMPLANT,UL400-4,GENERAL ,UL400-4,,4/CS,"$3,800.00 ",2,0,0,,1,Total Tx Amt. $0.00
26, - CUSTOM MEDICAL SPECILTIES,1511,,,O,$258.00 ,$0.00 ,7/10/2019,wbra,7/10/2019,wbra,637," - BAG, DRAIN SURGICAL TABLE"," - BAG, DRAIN SURGICAL TABLE",CMS-999,GENERAL ,CMS-999,,20/CS,$129.00 ,2,0,0,,1,Total Tx Amt. $0.00
3, - BOSTON SCIENTIFIC,1512,,,O,"$4,183.20 ",$0.00 ,7/10/2019,wbra,7/10/2019,wbra,645," - BASKET, ZERO TIP 1.9FR X 120CM BOSTON"," - BASKET, ZERO TIP 1.9FR X 120CM BOSTON",M0063901050,GENERAL ,M0063901050,,EA,$348.60 ,12,0,0,,1,Total Tx Amt. $0.00
1, - MCKESSON,1513,,,O,$134.79 ,$0.00 ,7/10/2019,wbra,7/10/2019,wbra,, - Suction Canister Hi-Flow 3000 ML, - Suction Canister Hi-Flow 3000 ML,,,,,36/BX,$134.79 ,1,0,0,,1,Total Tx Amt. $0.00
1, - MCKESSON,1514,,,O,$371.35 ,$0.00 ,7/11/2019,wbra,7/11/2019,wbra,874," - Kitchen, Coffee Cups"," - Kitchen, Coffee Cups",1002351,GENERAL ,1002351,,1/CS,$61.83 ,1,0,0,,7,Total Tx Amt. $0.00
1, - MCKESSON,1514,,,O,$371.35 ,$0.00 ,7/11/2019,wbra,7/11/2019,wbra,421, - SYRINGE LL 20ML, - SYRINGE LL 20ML,1031802,,1031802,,100/BX,$19.80 ,1,0,0,,7,Total Tx Amt. $0.00
1, - MCKESSON,1514,,,O,$371.35 ,$0.00 ,7/11/2019,wbra,7/11/2019,wbra,142, - FLUID NACL 1000ML, - FLUID NACL 1000ML,515490,GENERAL ,515490,,14/CS,$29.99 ,2,0,0,,7,Total Tx Amt. $0.00
1, - MCKESSON,1514,,,O,$371.35 ,$0.00 ,7/11/2019,wbra,7/11/2019,wbra,140, - FLUID NACL 3000ML, - FLUID NACL 3000ML,230132,GENERAL ,230132,,4/CS,$34.32 ,4,0,0,,7,Total Tx Amt. $0.00
1, - MCKESSON,1514,,,O,$371.35 ,$0.00 ,7/11/2019,wbra,7/11/2019,wbra,905, - Instrument Tip Protector 1 x 3/8 Disposable, - Instrument Tip Protector 1 x 3/8 Disposable,3/6/2007,STRL PRO,680025,,50/BX,$26.41 ,1,0,0,,7,Total Tx Amt. $0.00
1, - MCKESSON,1514,,,O,$371.35 ,$0.00 ,7/11/2019,wbra,7/11/2019,wbra,303, - GOWN APRON 38X46 WHT NS, - GOWN APRON 38X46 WHT NS,688686,GENERAL ,688686,,100/BX,$16.13 ,2,0,0,,7,Total Tx Amt. $0.00
1, - MCKESSON,1514,,,O,$371.35 ,$0.00 ,7/11/2019,wbra,7/11/2019,wbra,151, - FLUID WATER 3000ML, - FLUID WATER 3000ML,200388,GLV/MSK ,200388,,4/CS,$33.79 ,1,0,0,,7,Total Tx Amt. $0.00
2, - CARDINAL HEALTH,1515,,,O,$248.89 ,$0.00 ,7/11/2019,wbra,7/11/2019,wbra,26," - DRAPE SHEET, THREE QUARTER"," - DRAPE SHEET, THREE QUARTER",9349,ANESTHE ,9349,,20/CS,$29.43 ,1,0,0,,4,Total Tx Amt. $0.00
2, - CARDINAL HEALTH,1515,,,O,$248.89 ,$0.00 ,7/11/2019,wbra,7/11/2019,wbra,372, - DRAPE TOWEL SURGICAL 4PK BLUE, - DRAPE TOWEL SURGICAL 4PK BLUE,28700-004,DRAPE   ,28700-004,,20/CS,$37.00 ,1,0,0,,4,Total Tx Amt. $0.00
2, - CARDINAL HEALTH,1515,,,O,$248.89 ,$0.00 ,7/11/2019,wbra,7/11/2019,wbra,300, - PREP APPLICATOR SPONGE IODINE, - PREP APPLICATOR SPONGE IODINE,DYND70288,,DYND70288,,30/BX,$117.51 ,1,0,0,,4,Total Tx Amt. $0.00
2, - CARDINAL HEALTH,1515,,,O,$248.89 ,$0.00 ,7/11/2019,wbra,7/11/2019,wbra,422, - DISINFECT CAVIWIPE 1MIN, - DISINFECT CAVIWIPE 1MIN,MX13-1150,HSKPNG  ,MX13-1150,,12/CS,$64.95 ,1,0,0,,4,Total Tx Amt. $0.00
2, - CARDINAL HEALTH,1516,,,O,"$1,957.04 ",$0.00 ,7/11/2019,wbra,7/15/2019,wbra,294, - PREP CHLORAPREP 26ML TINT, - PREP CHLORAPREP 26ML TINT,260815,,260815,,25/CS,$328.63 ,1,0,0,,13,Total Tx Amt. $0.00
2, - CARDINAL HEALTH,1516,,,O,"$1,957.04 ",$0.00 ,7/11/2019,wbra,7/15/2019,wbra,31, - DRAPE CYSTO PACK, - DRAPE CYSTO PACK,SPP99CY1AA,DRAPE   ,SPP99CY1AA,,6/CS,$118.62 ,4,0,0,,13,Total Tx Amt. $0.00
2, - CARDINAL HEALTH,1516,,,O,"$1,957.04 ",$0.00 ,7/11/2019,wbra,7/15/2019,wbra,102, - GLOVE PROTEXIS PI 7.5 LATEX FREE, - GLOVE PROTEXIS PI 7.5 LATEX FREE,2D72PT75X,GENERAL ,2D72PT75X,,50/BX,$89.45 ,1,0,0,,13,Total Tx Amt. $0.00
2, - CARDINAL HEALTH,1516,,,O,"$1,957.04 ",$0.00 ,7/11/2019,wbra,7/15/2019,wbra,372, - DRAPE TOWEL SURGICAL 4PK BLUE, - DRAPE TOWEL SURGICAL 4PK BLUE,28700-004,DRAPE   ,28700-004,,20/CS,$37.00 ,1,0,0,,13,Total Tx Amt. $0.00
2, - CARDINAL HEALTH,1516,,,O,"$1,957.04 ",$0.00 ,7/11/2019,wbra,7/15/2019,wbra,26," - DRAPE SHEET, THREE QUARTER"," - DRAPE SHEET, THREE QUARTER",9349,ANESTHE ,9349,,20/CS,$29.43 ,1,0,0,,13,Total Tx Amt. $0.00
2, - CARDINAL HEALTH,1516,,,O,"$1,957.04 ",$0.00 ,7/11/2019,wbra,7/15/2019,wbra,298, - PREP TRAY IODINE STERILE, - PREP TRAY IODINE STERILE,Nov-08,,Nov-08,,20/CS,$77.40 ,2,0,0,,13,Total Tx Amt. $0.00
2, - CARDINAL HEALTH,1516,,,O,"$1,957.04 ",$0.00 ,7/11/2019,wbra,7/15/2019,wbra,103, - GLOVE PROTEXIS PI 8 LATEX FREE, - GLOVE PROTEXIS PI 8 LATEX FREE,2D72PT80X,GENERAL ,2D72PT80X,,50/BX,$89.45 ,1,0,0,,13,Total Tx Amt. $0.00
2, - CARDINAL HEALTH,1516,,,O,"$1,957.04 ",$0.00 ,7/11/2019,wbra,7/15/2019,wbra,669," - PREP, CLIPPER SURGICAL HEAD"," - PREP, CLIPPER SURGICAL HEAD",CAH4406D,PREP    ,CAH4406D,,25/BX,$126.48 ,1,0,0,,13,Total Tx Amt. $0.00
2, - CARDINAL HEALTH,1516,,,O,"$1,957.04 ",$0.00 ,7/11/2019,wbra,7/15/2019,wbra,74, - GLOVE EXAM MEDIUM NITRILE, - GLOVE EXAM MEDIUM NITRILE,88TN03M,GENERAL ,88TN03M,,1/CS,$87.80 ,1,0,0,,13,Total Tx Amt. $0.00
2, - CARDINAL HEALTH,1516,,,O,"$1,957.04 ",$0.00 ,7/11/2019,wbra,7/15/2019,wbra,796," - King UltraFlex 72"" breathing circuit"," - King UltraFlex 72"" breathing circuit",,ANESTHE ,8753F6121Z,,30/BX,$199.55 ,2,0,0,,13,Total Tx Amt. $0.00
2, - CARDINAL HEALTH,1516,,,O,"$1,957.04 ",$0.00 ,7/11/2019,wbra,7/15/2019,wbra,619," - ANES, AIRWAY ORAL 90MM YELLOW"," - ANES, AIRWAY ORAL 90MM YELLOW",122790A,ANESTHE ,122790A,,10/BX,$9.82 ,2,0,0,,13,Total Tx Amt. $0.00
2, - CARDINAL HEALTH,1516,,,O,"$1,957.04 ",$0.00 ,7/11/2019,wbra,7/15/2019,wbra,281, - SOCK SLIPPER ADULT XL, - SOCK SLIPPER ADULT XL,68125-GRY,,68125-GRY,,48/BX,$33.01 ,1,0,0,,13,Total Tx Amt. $0.00
2, - CARDINAL HEALTH,1516,,,O,"$1,957.04 ",$0.00 ,7/11/2019,wbra,7/15/2019,wbra,132, - IV CATH INTROCAN 24X3/4, - IV CATH INTROCAN 24X3/4,425250002A,GENERAL ,425250002A,,50/BX,$87.77 ,1,0,0,,13,Total Tx Amt. $0.00
17, - HEALTHTRONICS MOBILE SOLUTIONS,1517,,,O,"$4,470.00 ",$0.00 ,7/11/2019,wbra,7/11/2019,wbra,529, - LASER FIBER HO 200 SINGLE USE, - LASER FIBER HO 200 SINGLE USE,95193,GENERAL ,95193,,EA,$125.00 ,10,0,0,,5,Total Tx Amt. $0.00
17, - HEALTHTRONICS MOBILE SOLUTIONS,1517,,,O,"$4,470.00 ",$0.00 ,7/11/2019,wbra,7/11/2019,wbra,530, - LASER FIBER HO 272 SINGLE USE, - LASER FIBER HO 272 SINGLE USE,95448,GENERAL ,95448,,EA,$125.00 ,9,0,0,,5,Total Tx Amt. $0.00
17, - HEALTHTRONICS MOBILE SOLUTIONS,1517,,,O,"$4,470.00 ",$0.00 ,7/11/2019,wbra,7/11/2019,wbra,531, - LASER FIBER HO 365 SINGLE USE, - LASER FIBER HO 365 SINGLE USE,95612,GENERAL ,95612,,EA,$125.00 ,7,0,0,,5,Total Tx Amt. $0.00
17, - HEALTHTRONICS MOBILE SOLUTIONS,1517,,,O,"$4,470.00 ",$0.00 ,7/11/2019,wbra,7/11/2019,wbra,532, - LASER FIBER HO 550 SINGLE USE, - LASER FIBER HO 550 SINGLE USE,550,GENERAL ,550,,EA,$185.00 ,4,0,0,,5,Total Tx Amt. $0.00
17, - HEALTHTRONICS MOBILE SOLUTIONS,1517,,,O,"$4,470.00 ",$0.00 ,7/11/2019,wbra,7/11/2019,wbra,533, - LASER FIBER HO 940 SINGLE USE, - LASER FIBER HO 940 SINGLE USE,95196,GENERAL ,95196,,EA,$240.00 ,2,0,0,,5,Total Tx Amt. $0.00
19, - STRAND DX,1518,,,O,$0.05 ,$0.00 ,7/11/2019,wbra,7/11/2019,wbra,563," - BIOPSY KIT, KNOW ERROR"," - BIOPSY KIT, KNOW ERROR",KIT,GENERAL ,KIT,,12/BX,$0.01 ,5,0,0,,1,Total Tx Amt. $0.00
1, - MCKESSON,1519,,,O,$666.78 ,$0.00 ,7/12/2019,wbra,7/12/2019,wbra,165, - MED CIPRO 400MG/200ML, - MED CIPRO 400MG/200ML,916163,ANESTHE ,806731,,24/CS,$83.36 ,1,0,0,,7,Total Tx Amt. $0.00
1, - MCKESSON,1519,,,O,$666.78 ,$0.00 ,7/12/2019,wbra,7/12/2019,wbra,, - Light Handle p/n 869623, - Light Handle p/n 869623,,,,,30/BX,$14.62 ,1,0,0,,7,Total Tx Amt. $0.00
1, - MCKESSON,1519,,,O,$666.78 ,$0.00 ,7/12/2019,wbra,7/12/2019,wbra,710," - SUPP, NASAL CAN GAS SAMPLE 7'"," - SUPP, NASAL CAN GAS SAMPLE 7'",999489,ANESTHE ,999489,,25/CS,$42.19 ,2,0,0,,7,Total Tx Amt. $0.00
1, - MCKESSON,1519,,,O,$666.78 ,$0.00 ,7/12/2019,wbra,7/12/2019,wbra,211, - MED PROPOFOL 20ML, - MED PROPOFOL 20ML,989562,IVSUPPLY,989562,,25/BX,$56.86 ,4,0,0,,7,Total Tx Amt. $0.00
1, - MCKESSON,1519,,,O,$666.78 ,$0.00 ,7/12/2019,wbra,7/12/2019,wbra,833," - Mask, Anes size 6 Adult Elongated"," - Mask, Anes size 6 Adult Elongated",854706,ANESTHE ,854706,,30/BX,$46.88 ,2,0,0,,7,Total Tx Amt. $0.00
1, - MCKESSON,1519,,,O,$666.78 ,$0.00 ,7/12/2019,wbra,7/12/2019,wbra,162, - MED ANCEF 1G, - MED ANCEF 1G,1107414,GLV/MSK ,1107414,,25/BX,$25.94 ,1,0,0,,7,Total Tx Amt. $0.00
1, - MCKESSON,1519,,,O,$666.78 ,$0.00 ,7/12/2019,wbra,7/12/2019,wbra,140, - FLUID NACL 3000ML, - FLUID NACL 3000ML,230132,GENERAL ,230132,,4/CS,$34.32 ,4,0,0,,7,Total Tx Amt. $0.00
8, - STERIS,1520,,,O,$172.98 ,$0.00 ,7/12/2019,wbra,7/12/2019,wbra,503," - SUPP, STERIS LIGHT HANDLE COVER"," - SUPP, STERIS LIGHT HANDLE COVER",LB53,GENERAL ,LB53,,125/CS,$172.98 ,1,0,0,,1,Total Tx Amt. $0.00
2, - CARDINAL HEALTH,1521,,,O,$203.85 ,$0.00 ,7/12/2019,wbra,7/12/2019,wbra,298, - PREP TRAY IODINE STERILE, - PREP TRAY IODINE STERILE,Nov-08,,Nov-08,,20/CS,$77.40 ,1,0,0,,3,Total Tx Amt. $0.00
2, - CARDINAL HEALTH,1521,,,O,$203.85 ,$0.00 ,7/12/2019,wbra,7/12/2019,wbra,372, - DRAPE TOWEL SURGICAL 4PK BLUE, - DRAPE TOWEL SURGICAL 4PK BLUE,28700-004,DRAPE   ,28700-004,,20/CS,$37.00 ,1,0,0,,3,Total Tx Amt. $0.00
2, - CARDINAL HEALTH,1521,,,O,$203.85 ,$0.00 ,7/12/2019,wbra,7/12/2019,wbra,103, - GLOVE PROTEXIS PI 8 LATEX FREE, - GLOVE PROTEXIS PI 8 LATEX FREE,2D72PT80X,GENERAL ,2D72PT80X,,50/BX,$89.45 ,1,0,0,,3,Total Tx Amt. $0.00
3, - BOSTON SCIENTIFIC,1522,,,O,"$13,925.00 ",$0.00 ,7/15/2019,wbra,7/15/2019,wbra,1049," - Implant, Ambicor Penile Prothesis"," - Implant, Ambicor Penile Prothesis",72401452,,72401452,,EA,"$13,925.00 ",1,0,0,,1,Total Tx Amt. $0.00
1, - MCKESSON,1523,,,O,$695.43 ,$0.00 ,7/15/2019,wbra,7/15/2019,wbra,289, - BASIN URINAL 1QT, - BASIN URINAL 1QT,1020361,,1020361,,48/CS,$26.68 ,1,0,0,,16,Total Tx Amt. $0.00
1, - MCKESSON,1523,,,O,$695.43 ,$0.00 ,7/15/2019,wbra,7/15/2019,wbra,938," - Bedpan, Fracture Bedpan Graphite"," - Bedpan, Fracture Bedpan Graphite",56-8522,PACU    ,1028132,,24/CS,$23.63 ,1,0,0,,16,Total Tx Amt. $0.00
1, - MCKESSON,1523,,,O,$695.43 ,$0.00 ,7/15/2019,wbra,7/15/2019,wbra,1050, - Bowl. Utility 32 ox sterile, - Bowl. Utility 32 ox sterile,234181,GENERAL ,234181,,50/BX,$36.92 ,1,0,0,,16,Total Tx Amt. $0.00
1, - MCKESSON,1523,,,O,$695.43 ,$0.00 ,7/15/2019,wbra,7/15/2019,wbra,348, - CAUTERY TIP NDL, - CAUTERY TIP NDL,ES02,GENERAL ,275608,,25/BX,$46.79 ,1,0,0,,16,Total Tx Amt. $0.00
1, - MCKESSON,1523,,,O,$695.43 ,$0.00 ,7/15/2019,wbra,7/15/2019,wbra,632," - SHARPS, 18 GAL RED CONTAINER"," - SHARPS, 18 GAL RED CONTAINER",862336,HSKPNG  ,862336,,EA,$16.26 ,5,0,0,,16,Total Tx Amt. $0.00
1, - MCKESSON,1523,,,O,$695.43 ,$0.00 ,7/15/2019,wbra,7/15/2019,wbra,148, - FLUID WATER 500ML BOTTLE, - FLUID WATER 500ML BOTTLE,161730,GENERAL ,14045,,12/CS,$26.72 ,2,0,0,,16,Total Tx Amt. $0.00
1, - MCKESSON,1523,,,O,$695.43 ,$0.00 ,7/15/2019,wbra,7/15/2019,wbra,764," - Mask, Face Surg Light Blue pleated with ties"," - Mask, Face Surg Light Blue pleated with ties",48100,GENERAL ,206484,,6/BX,$23.81 ,1,0,0,,16,Total Tx Amt. $0.00
1, - MCKESSON,1523,,,O,$695.43 ,$0.00 ,7/15/2019,wbra,7/15/2019,wbra,421, - SYRINGE LL 20ML, - SYRINGE LL 20ML,1031802,,1031802,,100/BX,$19.80 ,1,0,0,,16,Total Tx Amt. $0.00
1, - MCKESSON,1523,,,O,$695.43 ,$0.00 ,7/15/2019,wbra,7/15/2019,wbra,284, - SUPPORTER ADULT LRG, - SUPPORTER ADULT LRG,452706,DRESSING,452706,,EA,$6.04 ,10,0,0,,16,Total Tx Amt. $0.00
1, - MCKESSON,1523,,,O,$695.43 ,$0.00 ,7/15/2019,wbra,7/15/2019,wbra,830, - syringe/needle 3cc Blnt LL 18ga x 1 1/2, - syringe/needle 3cc Blnt LL 18ga x 1 1/2,305060,GENERAL ,459506,,100/BX,$10.79 ,2,0,0,,16,Total Tx Amt. $0.00
1, - MCKESSON,1523,,,O,$695.43 ,$0.00 ,7/15/2019,wbra,7/15/2019,wbra,377, - FLUID GEL ULTRASOUND 250ML NS, - FLUID GEL ULTRASOUND 250ML NS,16-8919,,1066700,,12/BX,$11.54 ,4,0,0,,16,Total Tx Amt. $0.00
1, - MCKESSON,1523,,,O,$695.43 ,$0.00 ,7/15/2019,wbra,7/15/2019,wbra,633," - TUBING, SUCTION NS BUBBLE"," - TUBING, SUCTION NS BUBBLE",8888280412,GLV/MSK ,774642,,1/CS,$13.84 ,3,0,0,,16,Total Tx Amt. $0.00
1, - MCKESSON,1523,,,O,$695.43 ,$0.00 ,7/15/2019,wbra,7/15/2019,wbra,121, - TOWEL PAPER C-FOLD, - TOWEL PAPER C-FOLD,456141,HSKPNG  ,456141,,4000/CS,$18.43 ,2,0,0,,16,Total Tx Amt. $0.00
1, - MCKESSON,1523,,,O,$695.43 ,$0.00 ,7/15/2019,wbra,7/15/2019,wbra,1032," - syringe, 3 ml with 1 1/2' needle"," - syringe, 3 ml with 1 1/2' needle",1031810,ANESTHE ,1031810,,100/BX,$16.85 ,2,0,0,,16,Total Tx Amt. $0.00
1, - MCKESSON,1523,,,O,$695.43 ,$0.00 ,7/15/2019,wbra,7/15/2019,wbra,627," - DETERGENT, LOW SUDS INSTRUMENT"," - DETERGENT, LOW SUDS INSTRUMENT",53-28551,STRL PRO,484481,,4/BX,$83.61 ,1,0,0,,16,Total Tx Amt. $0.00
1, - MCKESSON,1523,,,O,$695.43 ,$0.00 ,7/15/2019,wbra,7/15/2019,wbra,40, - DRAPE CARM FULL, - DRAPE CARM FULL,10132,DRAPE   ,,,20/CS,$59.23 ,1,0,0,,16,Total Tx Amt. $0.00
28, - COOPER SURGICAL,1524,,,O,$699.55 ,$0.00 ,7/16/2019,wbra,7/16/2019,wbra,651," - RETRACTOR, LONE STAR, 3 FINGER STAYS 4/PK"," - RETRACTOR, LONE STAR, 3 FINGER STAYS 4/PK",3335-4G,GENERAL ,3335-4G,,EA,$64.84 ,5,0,0,,2,Total Tx Amt. $0.00
28, - COOPER SURGICAL,1524,,,O,$699.55 ,$0.00 ,7/16/2019,wbra,7/16/2019,wbra,775," - Hook, Blunt End Elastic"," - Hook, Blunt End Elastic",3350-8G,GENERAL ,3350-8G,,1/BX,$75.07 ,5,0,0,,2,Total Tx Amt. $0.00
26, - CUSTOM MEDICAL SPECILTIES,1525,,,O,$181.41 ,$0.00 ,7/16/2019,wbra,7/16/2019,wbra,638," - BAG, DRAIN ADAPTER"," - BAG, DRAIN ADAPTER",CMS-610,GENERAL ,CMS-610,,50/CS,$60.47 ,3,0,0,,1,Total Tx Amt. $0.00
15, - TELEFLEX/ARROW,1526,,,O,$270.00 ,$0.00 ,7/16/2019,wbra,7/16/2019,wbra,518, - ANES LMA 4 UNIQUE, - ANES LMA 4 UNIQUE,105200-000040,ANESTHE ,105200-000040,,10/BX,$135.00 ,2,0,0,,1,Total Tx Amt. $0.00
2, - CARDINAL HEALTH,1527,,,O,"$1,116.03 ",$0.00 ,7/16/2019,wbra,7/17/2019,wbra,313, - WRAP TRAY LINER WHT, - WRAP TRAY LINER WHT,KM10502B,STRL PRO,KM10502B,,4000/CS,$55.13 ,1,0,0,,9,Total Tx Amt. $0.00
2, - CARDINAL HEALTH,1527,,,O,"$1,116.03 ",$0.00 ,7/16/2019,wbra,7/17/2019,wbra,404, - SUTURE CHROMIC 4-0 18IN P-3, - SUTURE CHROMIC 4-0 18IN P-3,1654G,,1654G,,12/BX,$72.97 ,1,0,0,,9,Total Tx Amt. $0.00
2, - CARDINAL HEALTH,1527,,,O,"$1,116.03 ",$0.00 ,7/16/2019,wbra,7/17/2019,wbra,305, - TEST PACK BOWIE DICK, - TEST PACK BOWIE DICK,00135ls,STRL PRO,M00135LF,,30/CS,$107.47 ,2,0,0,,9,Total Tx Amt. $0.00
2, - CARDINAL HEALTH,1527,,,O,"$1,116.03 ",$0.00 ,7/16/2019,wbra,7/17/2019,wbra,127, - IV CATH INTROCAN 20X1, - IV CATH INTROCAN 20X1,629114,PACU    ,425254302A,,50/BX,$86.94 ,2,0,0,,9,Total Tx Amt. $0.00
2, - CARDINAL HEALTH,1527,,,O,"$1,116.03 ",$0.00 ,7/16/2019,wbra,7/17/2019,wbra,128, - IV CATH INTROCAN 22X1, - IV CATH INTROCAN 22X1,629338,GENERAL ,425251902A,,50/BX,$88.00 ,2,0,0,,9,Total Tx Amt. $0.00
2, - CARDINAL HEALTH,1527,,,O,"$1,116.03 ",$0.00 ,7/16/2019,wbra,7/17/2019,wbra,31, - DRAPE CYSTO PACK, - DRAPE CYSTO PACK,SPP99CY1AA,DRAPE   ,SPP99CY1AA,,6/CS,$118.62 ,2,0,0,,9,Total Tx Amt. $0.00
2, - CARDINAL HEALTH,1527,,,O,"$1,116.03 ",$0.00 ,7/16/2019,wbra,7/17/2019,wbra,363, - CONTAINER SUCTION 3000ML, - CONTAINER SUCTION 3000ML,65651-230,GENERAL ,65651-230,,40/CS,$70.47 ,1,0,0,,9,Total Tx Amt. $0.00
2, - CARDINAL HEALTH,1527,,,O,"$1,116.03 ",$0.00 ,7/16/2019,wbra,7/17/2019,wbra,39, - DRAPE MAYO STAND COVER, - DRAPE MAYO STAND COVER,8337,DRAPE   ,8337,,30/CS,$25.95 ,1,0,0,,9,Total Tx Amt. $0.00
2, - CARDINAL HEALTH,1527,,,O,"$1,116.03 ",$0.00 ,7/16/2019,wbra,7/17/2019,wbra,102, - GLOVE PROTEXIS PI 7.5 LATEX FREE, - GLOVE PROTEXIS PI 7.5 LATEX FREE,2D72PT75X,GENERAL ,2D72PT75X,,50/BX,$89.45 ,1,0,0,,9,Total Tx Amt. $0.00
21, - BK Medical,1528,,,O,$885.00 ,$0.00 ,7/16/2019,wbra,7/16/2019,wbra,723," - SUPP, ULTRASOUND GUIDE, BK"," - SUPP, ULTRASOUND GUIDE, BK",UA1322-S,GENERAL ,UA1322-S,,18/CS,$295.00 ,3,0,0,,1,Total Tx Amt. $0.00
4, - COOK MEDICAL,1529,,,O,"$1,192.02 ",$0.00 ,7/16/2019,wbra,7/16/2019,wbra,458, - COOK URETERAL STENT FIRM UNIVERSA, - COOK URETERAL STENT FIRM UNIVERSA,G23405,GENERAL ,G23405,,EA,$49.50 ,8,0,0,,5,Total Tx Amt. $0.00
4, - COOK MEDICAL,1529,,,O,"$1,192.02 ",$0.00 ,7/16/2019,wbra,7/16/2019,wbra,459, - COOK URETERAL STENT FIRM UNIVERSA, - COOK URETERAL STENT FIRM UNIVERSA,G23406,GENERAL ,G23406,,EA,$49.50 ,5,0,0,,5,Total Tx Amt. $0.00
4, - COOK MEDICAL,1529,,,O,"$1,192.02 ",$0.00 ,7/16/2019,wbra,7/16/2019,wbra,463, - COOK URETERAL STENT FIRM UNIVERSA, - COOK URETERAL STENT FIRM UNIVERSA,G23408,GENERAL ,G23408,,EA,$49.50 ,1,0,0,,5,Total Tx Amt. $0.00
4, - COOK MEDICAL,1529,,,O,"$1,192.02 ",$0.00 ,7/16/2019,wbra,7/16/2019,wbra,465, - COOK OPEN-END URETERAL CATH 5Fr, - COOK OPEN-END URETERAL CATH 5Fr,G14274,GENERAL ,G14274,,10/BX,$90.64 ,3,0,0,,5,Total Tx Amt. $0.00
4, - COOK MEDICAL,1529,,,O,"$1,192.02 ",$0.00 ,7/16/2019,wbra,7/16/2019,wbra,433, - COOK ACCESS SHEATH URETERAL 12FR 35CM, - COOK ACCESS SHEATH URETERAL 12FR 35CM,G19168,GENERAL ,G19168,,EA,$113.55 ,2,0,0,,5,Total Tx Amt. $0.00
3, - BOSTON SCIENTIFIC,1530,,,O,"$2,194.63 ",$0.00 ,7/16/2019,wbra,7/16/2019,wbra,966," - Basket, Gemini 4wire, 5cm tip"," - Basket, Gemini 4wire, 5cm tip",m0063301110,,m0063301110,,EA,$317.11 ,2,0,0,,3,Total Tx Amt. $0.00
3, - BOSTON SCIENTIFIC,1530,,,O,"$2,194.63 ",$0.00 ,7/16/2019,wbra,7/16/2019,wbra,446, - BOSTON SCI WIRE GUIDE SENSOR .035 STR, - BOSTON SCI WIRE GUIDE SENSOR .035 STR,M0066703081,GENERAL ,M0066703081,,5/BX,$374.66 ,3,0,0,,3,Total Tx Amt. $0.00
3, - BOSTON SCIENTIFIC,1530,,,O,"$2,194.63 ",$0.00 ,7/16/2019,wbra,7/16/2019,wbra,546, - UROMAX BALLOON KIT 15FR X 4CM, - UROMAX BALLOON KIT 15FR X 4CM,M0062251210,GENERAL ,m0062251210,,1/KT,$436.43 ,1,0,0,,3,Total Tx Amt. $0.00
33, - MEDTRONIC,1531,,,O,"$45,582.00 ",$0.00 ,7/16/2019,wbra,7/17/2019,wbra,837, - Interstim Lead Introducer Kit, - Interstim Lead Introducer Kit,355018,GENERAL ,355018,,EA,$280.00 ,2,0,0,,8,Total Tx Amt. $0.00
33, - MEDTRONIC,1531,,,O,"$45,582.00 ",$0.00 ,7/16/2019,wbra,7/17/2019,wbra,843, - Interstim Quadripolar Lead Kit for Sacral Nerve St, - Interstim Quadripolar Lead Kit for Sacral Nerve St,3889-28,GENERAL ,3889-28,,EA,"$3,360.00 ",2,0,0,,8,Total Tx Amt. $0.00
33, - MEDTRONIC,1531,,,O,"$45,582.00 ",$0.00 ,7/16/2019,wbra,7/17/2019,wbra,839, - Interstim Test Stimulation Cable, - Interstim Test Stimulation Cable,357501,GENERAL ,357501,,EA,$40.00 ,2,0,0,,8,Total Tx Amt. $0.00
33, - MEDTRONIC,1531,,,O,"$45,582.00 ",$0.00 ,7/16/2019,wbra,7/17/2019,wbra,736," - IMP, INTERSTIM TEST STIM 353101"," - IMP, INTERSTIM TEST STIM 353101",353101,GENERAL ,353101,,EA,$350.00 ,2,0,0,,8,Total Tx Amt. $0.00
33, - MEDTRONIC,1531,,,O,"$45,582.00 ",$0.00 ,7/16/2019,wbra,7/17/2019,wbra,834, - Interstim Neuro Stimulator, - Interstim Neuro Stimulator,3058,GENERAL ,3058,,EA,"$11,200.00 ",3,0,0,,8,Total Tx Amt. $0.00
33, - MEDTRONIC,1531,,,O,"$45,582.00 ",$0.00 ,7/16/2019,wbra,7/17/2019,wbra,835, - Interstim Hand Set With Communicator, - Interstim Hand Set With Communicator,TH90G01,GENERAL ,TH90G01,,EA,"$1,901.00 ",2,0,0,,8,Total Tx Amt. $0.00
33, - MEDTRONIC,1531,,,O,"$45,582.00 ",$0.00 ,7/16/2019,wbra,7/17/2019,wbra,841, - Interstim Test Stimulation Lead Kit, - Interstim Test Stimulation Lead Kit,309101,GENERAL ,309101,,EA,$80.00 ,1,0,0,,8,Total Tx Amt. $0.00
33, - MEDTRONIC,1531,,,O,"$45,582.00 ",$0.00 ,7/16/2019,wbra,7/17/2019,wbra,840, - Interstim Test Stimulation Lead, - Interstim Test Stimulation Lead,305901,GENERAL ,305901,,1/BX,$40.00 ,1,0,0,,8,Total Tx Amt. $0.00
1, - MCKESSON,1532,,,O,$891.99 ,$0.00 ,7/17/2019,wbra,7/17/2019,wbra,933," - Container, Specimen Container sterile"," - Container, Specimen Container sterile",1053,GENERAL ,337711,,100/BX,$48.65 ,1,0,0,,11,Total Tx Amt. $0.00
1, - MCKESSON,1532,,,O,$891.99 ,$0.00 ,7/17/2019,wbra,7/17/2019,wbra,162, - MED ANCEF 1G, - MED ANCEF 1G,1107414,GLV/MSK ,1107414,,25/BX,$25.94 ,1,0,0,,11,Total Tx Amt. $0.00
1, - MCKESSON,1532,,,O,$891.99 ,$0.00 ,7/17/2019,wbra,7/17/2019,wbra,165, - MED CIPRO 400MG/200ML, - MED CIPRO 400MG/200ML,916163,ANESTHE ,806731,,24/CS,$83.36 ,1,0,0,,11,Total Tx Amt. $0.00
1, - MCKESSON,1532,,,O,$891.99 ,$0.00 ,7/17/2019,wbra,7/17/2019,wbra,1051, - Provon soap dispenser, - Provon soap dispenser,835003,,835003,,4/BX,$0.01 ,1,0,0,,11,Total Tx Amt. $0.00
1, - MCKESSON,1532,,,O,$891.99 ,$0.00 ,7/17/2019,wbra,7/17/2019,wbra,633," - TUBING, SUCTION NS BUBBLE"," - TUBING, SUCTION NS BUBBLE",8888280412,GLV/MSK ,774642,,1/CS,$13.84 ,3,0,0,,11,Total Tx Amt. $0.00
1, - MCKESSON,1532,,,O,$891.99 ,$0.00 ,7/17/2019,wbra,7/17/2019,wbra,148, - FLUID WATER 500ML BOTTLE, - FLUID WATER 500ML BOTTLE,161730,GENERAL ,14045,,12/CS,$26.72 ,4,0,0,,11,Total Tx Amt. $0.00
1, - MCKESSON,1532,,,O,$891.99 ,$0.00 ,7/17/2019,wbra,7/17/2019,wbra,868," - Solidifier, Canister Express Maetrex"," - Solidifier, Canister Express Maetrex",50-5058,GENERAL ,444816,,20/BX,$333.28 ,1,0,0,,11,Total Tx Amt. $0.00
1, - MCKESSON,1532,,,O,$891.99 ,$0.00 ,7/17/2019,wbra,7/17/2019,wbra,275, - PREP PAD CLEANER ALCOHOL, - PREP PAD CLEANER ALCOHOL,191089,PACU    ,191089,,EA,$1.43 ,3,0,0,,11,Total Tx Amt. $0.00
1, - MCKESSON,1532,,,O,$891.99 ,$0.00 ,7/17/2019,wbra,7/17/2019,wbra,137, - FLUID LR 500ML, - FLUID LR 500ML,186663,GENERAL ,186663,,24/CS,$55.43 ,2,0,0,,11,Total Tx Amt. $0.00
1, - MCKESSON,1532,,,O,$891.99 ,$0.00 ,7/17/2019,wbra,7/17/2019,wbra,136, - FLUID LR 1000ML, - FLUID LR 1000ML,515492,GENERAL ,515492,,14/CS,$31.21 ,2,0,0,,11,Total Tx Amt. $0.00
1, - MCKESSON,1532,,,O,$891.99 ,$0.00 ,7/17/2019,wbra,7/17/2019,wbra,1052, - Urinary Leg Bag 1000 ML, - Urinary Leg Bag 1000 ML,4605,,911680,,48/BX,$74.78 ,1,0,0,,11,Total Tx Amt. $0.00
4, - COOK MEDICAL,1533,,,O,$198.00 ,$0.00 ,7/17/2019,wbra,7/17/2019,wbra,468, - COOK URETERAL STENT UNIVERSA FIRM 6X22, - COOK URETERAL STENT UNIVERSA FIRM 6X22,G23404,GENERAL ,G23404,,EA,$49.50 ,4,0,0,,1,Total Tx Amt. $0.00
1, - MCKESSON,1534,,,O,$282.79 ,$0.00 ,7/17/2019,wbra,7/18/2019,wbra,767, - Monoject PreFill IV Flush Sodium Chloride, - Monoject PreFill IV Flush Sodium Chloride,8881570121,GENERAL ,472080,,30/BX,$11.51 ,4,0,0,,3,Total Tx Amt. $0.00
1, - MCKESSON,1534,,,O,$282.79 ,$0.00 ,7/17/2019,wbra,7/18/2019,wbra,20, - POSITIONER DONUT FOAM 9IN, - POSITIONER DONUT FOAM 9IN,40402,ANESTHE ,724301,,30/BX,$78.23 ,1,0,0,,3,Total Tx Amt. $0.00
1, - MCKESSON,1534,,,O,$282.79 ,$0.00 ,7/17/2019,wbra,7/18/2019,wbra,127, - IV CATH INTROCAN 20X1, - IV CATH INTROCAN 20X1,629114,PACU    ,629114,,50/BX,$158.52 ,1,0,0,,3,Total Tx Amt. $0.00
2, - CARDINAL HEALTH,1535,,,O,"$1,752.57 ",$0.00 ,7/18/2019,wbra,7/22/2019,wbra,564, - ANES AIRWAY ORAL 100MM RED, - ANES AIRWAY ORAL 100MM RED,16-2101G,ANESTHE ,1227100A,,10/BX,$9.82 ,1,0,0,,15,Total Tx Amt. $0.00
2, - CARDINAL HEALTH,1535,,,O,"$1,752.57 ",$0.00 ,7/18/2019,wbra,7/22/2019,wbra,31, - DRAPE CYSTO PACK, - DRAPE CYSTO PACK,SPP99CY1AA,DRAPE   ,SPP99CY1AA,,6/CS,$118.62 ,2,0,0,,15,Total Tx Amt. $0.00
2, - CARDINAL HEALTH,1535,,,O,"$1,752.57 ",$0.00 ,7/18/2019,wbra,7/22/2019,wbra,542, - DRP PACK MINOR PROCEDURE, - DRP PACK MINOR PROCEDURE,SPP99MN7AA,DRAPE   ,SPP99MN7AA,,4/CS,$92.00 ,3,0,0,,15,Total Tx Amt. $0.00
2, - CARDINAL HEALTH,1535,,,O,"$1,752.57 ",$0.00 ,7/18/2019,wbra,7/22/2019,wbra,298, - PREP TRAY IODINE STERILE, - PREP TRAY IODINE STERILE,Nov-08,,Nov-08,,20/CS,$77.40 ,1,0,0,,15,Total Tx Amt. $0.00
2, - CARDINAL HEALTH,1535,,,O,"$1,752.57 ",$0.00 ,7/18/2019,wbra,7/22/2019,wbra,52, - PAD TELFA 3X8, - PAD TELFA 3X8,1238-,DRESSING,1238-,,50/BX,$8.74 ,2,0,0,,15,Total Tx Amt. $0.00
2, - CARDINAL HEALTH,1535,,,O,"$1,752.57 ",$0.00 ,7/18/2019,wbra,7/22/2019,wbra,1053," - Razor, Rechargeable Surgical Clipper"," - Razor, Rechargeable Surgical Clipper",CAH4413,,CAH4413,,EA,$83.00 ,1,0,0,,15,Total Tx Amt. $0.00
2, - CARDINAL HEALTH,1535,,,O,"$1,752.57 ",$0.00 ,7/18/2019,wbra,7/22/2019,wbra,100, - GLOVE PROTEXIS PI 6.5 LATEX FREE, - GLOVE PROTEXIS PI 6.5 LATEX FREE,2D72PT65X,GENERAL ,2D72PT65X,,50/BX,$89.45 ,1,0,0,,15,Total Tx Amt. $0.00
2, - CARDINAL HEALTH,1535,,,O,"$1,752.57 ",$0.00 ,7/18/2019,wbra,7/22/2019,wbra,103, - GLOVE PROTEXIS PI 8 LATEX FREE, - GLOVE PROTEXIS PI 8 LATEX FREE,2D72PT80X,GENERAL ,2D72PT80X,,50/BX,$89.45 ,1,0,0,,15,Total Tx Amt. $0.00
2, - CARDINAL HEALTH,1535,,,O,"$1,752.57 ",$0.00 ,7/18/2019,wbra,7/22/2019,wbra,796," - King UltraFlex 72"" breathing circuit"," - King UltraFlex 72"" breathing circuit",,ANESTHE ,8753F6121Z,,30/BX,$199.55 ,1,0,0,,15,Total Tx Amt. $0.00
2, - CARDINAL HEALTH,1535,,,O,"$1,752.57 ",$0.00 ,7/18/2019,wbra,7/22/2019,wbra,619," - ANES, AIRWAY ORAL 90MM YELLOW"," - ANES, AIRWAY ORAL 90MM YELLOW",122790A,ANESTHE ,122790A,,10/BX,$9.82 ,1,0,0,,15,Total Tx Amt. $0.00
2, - CARDINAL HEALTH,1535,,,O,"$1,752.57 ",$0.00 ,7/18/2019,wbra,7/22/2019,wbra,281, - SOCK SLIPPER ADULT XL, - SOCK SLIPPER ADULT XL,68125-GRY,,68125-GRY,,48/BX,$33.01 ,1,0,0,,15,Total Tx Amt. $0.00
2, - CARDINAL HEALTH,1535,,,O,"$1,752.57 ",$0.00 ,7/18/2019,wbra,7/22/2019,wbra,134, - IV START KIT, - IV START KIT,01-9000A,GENERAL ,01-9000A,,100/CS,$100.00 ,1,0,0,,15,Total Tx Amt. $0.00
2, - CARDINAL HEALTH,1535,,,O,"$1,752.57 ",$0.00 ,7/18/2019,wbra,7/22/2019,wbra,739, - SafeDay IV Administration Set, - SafeDay IV Administration Set,352904,PACU    ,352899,,50/BX,$141.94 ,2,0,0,,15,Total Tx Amt. $0.00
2, - CARDINAL HEALTH,1535,,,O,"$1,752.57 ",$0.00 ,7/18/2019,wbra,7/22/2019,wbra,128, - IV CATH INTROCAN 22X1, - IV CATH INTROCAN 22X1,629338,GENERAL ,425251902A,,50/BX,$88.00 ,2,0,0,,15,Total Tx Amt. $0.00
2, - CARDINAL HEALTH,1535,,,O,"$1,752.57 ",$0.00 ,7/18/2019,wbra,7/22/2019,wbra,363, - CONTAINER SUCTION 3000ML, - CONTAINER SUCTION 3000ML,65651-230,GENERAL ,65651-230,,40/CS,$70.47 ,1,0,0,,15,Total Tx Amt. $0.00
14, - BARD,1536,,,O,$147.00 ,$0.00 ,7/18/2019,wbra,7/18/2019,wbra,585," - STENT, URETERAL INLAY 4.7FR X 26"," - STENT, URETERAL INLAY 4.7FR X 26",778426,GENERAL ,778426,,EA,$49.00 ,3,0,0,Ebony,1,Total Tx Amt. $0.00
16, - OLYMPUS,1537,,,O,$810.00 ,$0.00 ,7/18/2019,wbra,7/18/2019,wbra,528, - GLIDEWIRE 0.035 STR TIP STIFF OLYMPUS, - GLIDEWIRE 0.035 STR TIP STIFF OLYMPUS,UWS1035,GENERAL ,UWS1035,,5/BX,$405.00 ,2,0,0,,1,Total Tx Amt. $0.00
13, - CARE FUSION,1538,,,O,$72.09 ,$0.00 ,7/18/2019,wbra,7/18/2019,wbra,1054," - Instrument, Pean Artery Forceps 6 1/2' CVD"," - Instrument, Pean Artery Forceps 6 1/2' CVD",SU2760,STRL PRO,SU2760,,EA,$24.03 ,3,0,0,,1,Total Tx Amt. $0.00
4, - COOK MEDICAL,1539,,,O,$422.62 ,$0.00 ,7/19/2019,wbra,7/19/2019,wbra,459, - COOK URETERAL STENT FIRM UNIVERSA, - COOK URETERAL STENT FIRM UNIVERSA,G23406,GENERAL ,G23406,,EA,$49.50 ,4,0,0,,3,Total Tx Amt. $0.00
4, - COOK MEDICAL,1539,,,O,$422.62 ,$0.00 ,7/19/2019,wbra,7/19/2019,wbra,746, - Catheter Dual Lumen 10Fr, - Catheter Dual Lumen 10Fr,G17330,,G17330,,EA,$39.82 ,3,0,0,,3,Total Tx Amt. $0.00
4, - COOK MEDICAL,1539,,,O,$422.62 ,$0.00 ,7/19/2019,wbra,7/19/2019,wbra,1055," - Catheter, Rutner Catheter 5 fr"," - Catheter, Rutner Catheter 5 fr",G14507,,G14057,,10/BX,$105.16 ,1,0,0,,3,Total Tx Amt. $0.00
1, - MCKESSON,1540,,,O,$173.49 ,$0.00 ,7/19/2019,wbra,7/19/2019,wbra,624," - MED, OMNIPAQUE 300"," - MED, OMNIPAQUE 300",407141361,MEDS    ,533382,,10/BX,$57.83 ,3,0,0,,1,Total Tx Amt. $0.00
3, - BOSTON SCIENTIFIC,1541,,,O,"$2,195.84 ",$0.00 ,7/19/2019,wbra,7/19/2019,wbra,582, - BOSTON SCI WIRE GUIDE SENSOR .035 ANG, - BOSTON SCI WIRE GUIDE SENSOR .035 ANG,M0066703011,GENERAL ,M0066703011,,5/BX,$374.66 ,1,0,0,,3,Total Tx Amt. $0.00
3, - BOSTON SCIENTIFIC,1541,,,O,"$2,195.84 ",$0.00 ,7/19/2019,wbra,7/19/2019,wbra,645," - BASKET, ZERO TIP 1.9FR X 120CM BOSTON"," - BASKET, ZERO TIP 1.9FR X 120CM BOSTON",M0063901050,GENERAL ,M0063901050,,EA,$348.60 ,2,0,0,,3,Total Tx Amt. $0.00
3, - BOSTON SCIENTIFIC,1541,,,O,"$2,195.84 ",$0.00 ,7/19/2019,wbra,7/19/2019,wbra,446, - BOSTON SCI WIRE GUIDE SENSOR .035 STR, - BOSTON SCI WIRE GUIDE SENSOR .035 STR,M0066703081,GENERAL ,M0066703081,,5/BX,$374.66 ,3,0,0,,3,Total Tx Amt. $0.00
3, - BOSTON SCIENTIFIC,1542,,,O,"$5,795.88 ",$0.00 ,7/22/2019,wbra,7/22/2019,wbra,645," - BASKET, ZERO TIP 1.9FR X 120CM BOSTON"," - BASKET, ZERO TIP 1.9FR X 120CM BOSTON",M0063901050,GENERAL ,M0063901050,,EA,$348.60 ,10,0,0,,4,Total Tx Amt. $0.00
3, - BOSTON SCIENTIFIC,1542,,,O,"$5,795.88 ",$0.00 ,7/22/2019,wbra,7/22/2019,wbra,851, - Navigator 11/13 x 36, - Navigator 11/13 x 36,M0062502220,GENERAL ,M0062502220,,EA,$197.65 ,3,0,0,,4,Total Tx Amt. $0.00
3, - BOSTON SCIENTIFIC,1542,,,O,"$5,795.88 ",$0.00 ,7/22/2019,wbra,7/22/2019,wbra,579," - BOSTON SCI, NAVIGATOR HD 11/13FR 46CM"," - BOSTON SCI, NAVIGATOR HD 11/13FR 46CM",M0062502230,GENERAL ,M0062502230,,EA,$197.65 ,3,0,0,,4,Total Tx Amt. $0.00
3, - BOSTON SCIENTIFIC,1542,,,O,"$5,795.88 ",$0.00 ,7/22/2019,wbra,7/22/2019,wbra,446, - BOSTON SCI WIRE GUIDE SENSOR .035 STR, - BOSTON SCI WIRE GUIDE SENSOR .035 STR,M0066703081,GENERAL ,M0066703081,,5/BX,$374.66 ,3,0,0,,4,Total Tx Amt. $0.00
23, - COLOPLAST,1543,,,O,"$3,276.00 ",$0.00 ,7/22/2019,wbra,7/23/2019,wbra,1026," - IMPLt, Access Dermis 4cm x 7 cm"," - IMPLt, Access Dermis 4cm x 7 cm",93-9247,GENERAL ,93-9247,,EA,"$1,092.00 ",3,0,0,,1,Total Tx Amt. $0.00
1, - MCKESSON,1545,,,O,"$1,162.08 ",$0.00 ,7/22/2019,wbra,7/22/2019,wbra,710," - SUPP, NASAL CAN GAS SAMPLE 7'"," - SUPP, NASAL CAN GAS SAMPLE 7'",999489,ANESTHE ,999489,,25/CS,$42.19 ,1,0,0,,11,Total Tx Amt. $0.00
1, - MCKESSON,1545,,,O,"$1,162.08 ",$0.00 ,7/22/2019,wbra,7/22/2019,wbra,211, - MED PROPOFOL 20ML, - MED PROPOFOL 20ML,989562,IVSUPPLY,989562,,25/BX,$56.86 ,4,0,0,,11,Total Tx Amt. $0.00
1, - MCKESSON,1545,,,O,"$1,162.08 ",$0.00 ,7/22/2019,wbra,7/22/2019,wbra,833," - Mask, Anes size 6 Adult Elongated"," - Mask, Anes size 6 Adult Elongated",854706,ANESTHE ,854706,,30/BX,$46.88 ,1,0,0,,11,Total Tx Amt. $0.00
1, - MCKESSON,1545,,,O,"$1,162.08 ",$0.00 ,7/22/2019,wbra,7/22/2019,wbra,162, - MED ANCEF 1G, - MED ANCEF 1G,1107414,GLV/MSK ,1107414,,25/BX,$25.94 ,2,0,0,,11,Total Tx Amt. $0.00
1, - MCKESSON,1545,,,O,"$1,162.08 ",$0.00 ,7/22/2019,wbra,7/22/2019,wbra,135, - FLUID LR 1000ML, - FLUID LR 1000ML,208829,GENERAL ,208829,,12/CS,$71.07 ,2,0,0,,11,Total Tx Amt. $0.00
1, - MCKESSON,1545,,,O,"$1,162.08 ",$0.00 ,7/22/2019,wbra,7/22/2019,wbra,137, - FLUID LR 500ML, - FLUID LR 500ML,186663,GENERAL ,186663,,24/CS,$55.43 ,2,0,0,,11,Total Tx Amt. $0.00
1, - MCKESSON,1545,,,O,"$1,162.08 ",$0.00 ,7/22/2019,wbra,7/22/2019,wbra,140, - FLUID NACL 3000ML, - FLUID NACL 3000ML,230132,GENERAL ,230132,,4/CS,$34.32 ,5,0,0,,11,Total Tx Amt. $0.00
1, - MCKESSON,1545,,,O,"$1,162.08 ",$0.00 ,7/22/2019,wbra,7/22/2019,wbra,142, - FLUID NACL 1000ML, - FLUID NACL 1000ML,515490,GENERAL ,515490,,14/CS,$29.99 ,1,0,0,,11,Total Tx Amt. $0.00
1, - MCKESSON,1545,,,O,"$1,162.08 ",$0.00 ,7/22/2019,wbra,7/22/2019,wbra,152, - FLUID WATER 1000ML, - FLUID WATER 1000ML,513059,GENERAL ,513059,,14/CS,$56.50 ,2,0,0,,11,Total Tx Amt. $0.00
1, - MCKESSON,1545,,,O,"$1,162.08 ",$0.00 ,7/22/2019,wbra,7/22/2019,wbra,151, - FLUID WATER 3000ML, - FLUID WATER 3000ML,200388,GLV/MSK ,200388,,4/CS,$33.79 ,2,0,0,,11,Total Tx Amt. $0.00
1, - MCKESSON,1545,,,O,"$1,162.08 ",$0.00 ,7/22/2019,wbra,7/22/2019,wbra,127, - IV CATH INTROCAN 20X1, - IV CATH INTROCAN 20X1,629114,PACU    ,629114,,50/BX,$158.52 ,1,0,0,,11,Total Tx Amt. $0.00
23, - COLOPLAST,1546,,,O,$732.00 ,$0.00 ,7/22/2019,wbra,7/24/2019,wbra,653," - SLING, FEMALE, SUPRIS RETROPUBIC KIT"," - SLING, FEMALE, SUPRIS RETROPUBIC KIT",93-4450,GENERAL ,93-4450,,EA,$732.00 ,1,0,0,Conf # 50925131,1,Total Tx Amt. $0.00
1, - MCKESSON,1547,,,O,$121.64 ,$0.00 ,7/23/2019,wbra,7/23/2019,wbra,418, - SYRINGE LL 60ML NS, - SYRINGE LL 60ML NS,102-S60C,,869662,,25/CT,$8.29 ,2,0,0,,3,Total Tx Amt. $0.00
1, - MCKESSON,1547,,,O,$121.64 ,$0.00 ,7/23/2019,wbra,7/23/2019,wbra,743, - EKG Monitor Button Red Dot, - EKG Monitor Button Red Dot,2560,ANESTHE ,199314,,50/CS,$8.23 ,6,0,0,,3,Total Tx Amt. $0.00
1, - MCKESSON,1547,,,O,$121.64 ,$0.00 ,7/23/2019,wbra,7/23/2019,wbra,770," - liner, trash can 60 gal roll"," - liner, trash can 60 gal roll",980394,HSKPNG  ,980394,,20/CS,$27.84 ,2,0,0,,3,Total Tx Amt. $0.00
2, - CARDINAL HEALTH,1548,,,O,"$1,258.67 ",$0.00 ,7/23/2019,wbra,7/24/2019,wbra,372, - DRAPE TOWEL SURGICAL 4PK BLUE, - DRAPE TOWEL SURGICAL 4PK BLUE,28700-004,DRAPE   ,28700-004,,20/CS,$37.00 ,2,0,0,,12,Total Tx Amt. $0.00
2, - CARDINAL HEALTH,1548,,,O,"$1,258.67 ",$0.00 ,7/23/2019,wbra,7/24/2019,wbra,71, - GLOVE EXAM SMALL NITRILE, - GLOVE EXAM SMALL NITRILE,88TN02S,GENERAL ,88TN02S,,10/CS,$97.20 ,1,0,0,,12,Total Tx Amt. $0.00
2, - CARDINAL HEALTH,1548,,,O,"$1,258.67 ",$0.00 ,7/23/2019,wbra,7/24/2019,wbra,70, - GLOVE EXAM LARGE NITRILE, - GLOVE EXAM LARGE NITRILE,88TN04L,GENERAL ,88TN04L,,10/CS,$97.20 ,1,0,0,,12,Total Tx Amt. $0.00
2, - CARDINAL HEALTH,1548,,,O,"$1,258.67 ",$0.00 ,7/23/2019,wbra,7/24/2019,wbra,604," - SURGICAL CAP, BOUFANT"," - SURGICAL CAP, BOUFANT",3274,GLV/MSK ,3274,,10/CS,$62.15 ,1,0,0,,12,Total Tx Amt. $0.00
2, - CARDINAL HEALTH,1548,,,O,"$1,258.67 ",$0.00 ,7/23/2019,wbra,7/24/2019,wbra,31, - DRAPE CYSTO PACK, - DRAPE CYSTO PACK,SPP99CY1AA,DRAPE   ,SPP99CY1AA,,6/CS,$118.62 ,1,0,0,,12,Total Tx Amt. $0.00
2, - CARDINAL HEALTH,1548,,,O,"$1,258.67 ",$0.00 ,7/23/2019,wbra,7/24/2019,wbra,542, - DRP PACK MINOR PROCEDURE, - DRP PACK MINOR PROCEDURE,SPP99MN7AA,DRAPE   ,SPP99MN7AA,,4/CS,$92.00 ,1,0,0,,12,Total Tx Amt. $0.00
2, - CARDINAL HEALTH,1548,,,O,"$1,258.67 ",$0.00 ,7/23/2019,wbra,7/24/2019,wbra,26," - DRAPE SHEET, THREE QUARTER"," - DRAPE SHEET, THREE QUARTER",9349,ANESTHE ,9349,,20/CS,$29.43 ,1,0,0,,12,Total Tx Amt. $0.00
2, - CARDINAL HEALTH,1548,,,O,"$1,258.67 ",$0.00 ,7/23/2019,wbra,7/24/2019,wbra,785, - Sheaths Ultra sound Probe cover, - Sheaths Ultra sound Probe cover,25001,GENERAL ,25001,,100/BX,$91.48 ,2,0,0,,12,Total Tx Amt. $0.00
2, - CARDINAL HEALTH,1548,,,O,"$1,258.67 ",$0.00 ,7/23/2019,wbra,7/24/2019,wbra,422, - DISINFECT CAVIWIPE 1MIN, - DISINFECT CAVIWIPE 1MIN,MX13-1150,HSKPNG  ,MX13-1150,,12/BX,$64.95 ,1,0,0,,12,Total Tx Amt. $0.00
2, - CARDINAL HEALTH,1548,,,O,"$1,258.67 ",$0.00 ,7/23/2019,wbra,7/24/2019,wbra,313, - WRAP TRAY LINER WHT, - WRAP TRAY LINER WHT,KM10502B,STRL PRO,KM10502B,,4000/CS,$55.13 ,1,0,0,,12,Total Tx Amt. $0.00
2, - CARDINAL HEALTH,1548,,,O,"$1,258.67 ",$0.00 ,7/23/2019,wbra,7/24/2019,wbra,323, - WRAP DOUBLE LAYER 36X36, - WRAP DOUBLE LAYER 36X36,CH5G0036,,CH5G0036,,75/PK,$121.13 ,2,0,0,,12,Total Tx Amt. $0.00
2, - CARDINAL HEALTH,1548,,,O,"$1,258.67 ",$0.00 ,7/23/2019,wbra,7/24/2019,wbra,324, - WRAP DOUBLE LAYER 48X48, - WRAP DOUBLE LAYER 48X48,CH3G0048,,CH3G0048,,96/CS,$142.77 ,1,0,0,,12,Total Tx Amt. $0.00
1, - MCKESSON,1549,,,O,$405.37 ,$0.00 ,7/24/2019,wbra,7/24/2019,wbra,726," - SUPP, Y TUBING"," - SUPP, Y TUBING",2C4005,GENERAL ,200390,,12/BX,$121.28 ,1,0,0,,9,Total Tx Amt. $0.00
1, - MCKESSON,1549,,,O,$405.37 ,$0.00 ,7/24/2019,wbra,7/24/2019,wbra,377, - FLUID GEL ULTRASOUND 250ML NS, - FLUID GEL ULTRASOUND 250ML NS,16-8919,,1066700,,12/BX,$11.54 ,4,0,0,,9,Total Tx Amt. $0.00
1, - MCKESSON,1549,,,O,$405.37 ,$0.00 ,7/24/2019,wbra,7/24/2019,wbra,64, - TAPE PLASTIC/TRANSPORE 1IN, - TAPE PLASTIC/TRANSPORE 1IN,M1527-1,DRESSING,5762,,12/BX,$7.42 ,2,0,0,,9,Total Tx Amt. $0.00
1, - MCKESSON,1549,,,O,$405.37 ,$0.00 ,7/24/2019,wbra,7/24/2019,wbra,795," - Underpads Regular,23 x 24"," - Underpads Regular,23 x 24",UPLT2324,GENERAL ,730985,,1800/CS,$20.42 ,1,0,0,,9,Total Tx Amt. $0.00
1, - MCKESSON,1549,,,O,$405.37 ,$0.00 ,7/24/2019,wbra,7/24/2019,wbra,289, - BASIN URINAL 1QT, - BASIN URINAL 1QT,1020361,,1020361,,48/CS,$26.68 ,1,0,0,,9,Total Tx Amt. $0.00
1, - MCKESSON,1549,,,O,$405.37 ,$0.00 ,7/24/2019,wbra,7/24/2019,wbra,1063," - ANES, Endotracheal Tube 7.0 mm"," - ANES, Endotracheal Tube 7.0 mm",112082070,ANESTHE ,130596,,10/BX,$17.90 ,1,0,0,,9,Total Tx Amt. $0.00
1, - MCKESSON,1549,,,O,$405.37 ,$0.00 ,7/24/2019,wbra,7/24/2019,wbra,1064," - ANES, Endotracheal Tube 7.5  mm"," - ANES, Endotracheal Tube 7.5  mm",112082075,ANESTHE ,144244,,10/BX,$17.90 ,1,0,0,,9,Total Tx Amt. $0.00
1, - MCKESSON,1549,,,O,$405.37 ,$0.00 ,7/24/2019,wbra,7/24/2019,wbra,1065," - Meds, Cleocin Phosphate, Clindamycin 150mg/ml 2ml"," - Meds, Cleocin Phosphate, Clindamycin 150mg/ml 2ml",370231,ANESTHE ,370231,,25/BX,$55.05 ,1,0,0,,9,Total Tx Amt. $0.00
1, - MCKESSON,1549,,,O,$405.37 ,$0.00 ,7/24/2019,wbra,7/24/2019,wbra,178, - MED LASIX 4ML, - MED LASIX 4ML,00409-6102-04,GLV/MSK ,1029033,,25/BX,$85.14 ,1,0,0,,9,Total Tx Amt. $0.00
14, - BARD,1550,,,O,"$1,096.00 ",$0.00 ,7/24/2019,wbra,7/24/2019,wbra,224, - NDL BIOPSY MAX CORE, - NDL BIOPSY MAX CORE,MC1825,IVSUPPLY,MC1825,,5/BX,$90.00 ,10,0,0,,2,Total Tx Amt. $0.00
14, - BARD,1550,,,O,"$1,096.00 ",$0.00 ,7/24/2019,wbra,7/24/2019,wbra,585," - STENT, URETERAL INLAY 4.7FR X 26"," - STENT, URETERAL INLAY 4.7FR X 26",778426,GENERAL ,778426,,EA,$49.00 ,4,0,0,,2,Total Tx Amt. $0.00
26, - CUSTOM MEDICAL SPECILTIES,1551,,,O,$258.00 ,$0.00 ,7/24/2019,wbra,7/24/2019,wbra,637," - BAG, DRAIN SURGICAL TABLE"," - BAG, DRAIN SURGICAL TABLE",CMS-999,GENERAL ,CMS-999,,20/CS,$129.00 ,2,0,0,,1,Total Tx Amt. $0.00
4, - COOK MEDICAL,1552,,,O,"$1,266.94 ",$0.00 ,7/24/2019,wbra,7/24/2019,wbra,459, - COOK URETERAL STENT FIRM UNIVERSA, - COOK URETERAL STENT FIRM UNIVERSA,G23406,GENERAL ,G23406,,EA,$49.50 ,5,0,0,,5,Total Tx Amt. $0.00
4, - COOK MEDICAL,1552,,,O,"$1,266.94 ",$0.00 ,7/24/2019,wbra,7/24/2019,wbra,458, - COOK URETERAL STENT FIRM UNIVERSA, - COOK URETERAL STENT FIRM UNIVERSA,G23405,GENERAL ,G23405,,EA,$49.50 ,5,0,0,,5,Total Tx Amt. $0.00
4, - COOK MEDICAL,1552,,,O,"$1,266.94 ",$0.00 ,7/24/2019,wbra,7/24/2019,wbra,432, - COOK ACCESS SHEATH URETERAL 14FR 35CM, - COOK ACCESS SHEATH URETERAL 14FR 35CM,G30389,GENERAL ,G30389,,EA,$113.55 ,2,0,0,,5,Total Tx Amt. $0.00
4, - COOK MEDICAL,1552,,,O,"$1,266.94 ",$0.00 ,7/24/2019,wbra,7/24/2019,wbra,433, - COOK ACCESS SHEATH URETERAL 12FR 35CM, - COOK ACCESS SHEATH URETERAL 12FR 35CM,G19168,GENERAL ,G19168,,EA,$113.55 ,4,0,0,,5,Total Tx Amt. $0.00
4, - COOK MEDICAL,1552,,,O,"$1,266.94 ",$0.00 ,7/24/2019,wbra,7/24/2019,wbra,465, - COOK OPEN-END URETERAL CATH 5Fr, - COOK OPEN-END URETERAL CATH 5Fr,G14274,GENERAL ,G14274,,10/BX,$90.64 ,1,0,0,,5,Total Tx Amt. $0.00
11, - RICHARD WOLF,1553,,,O,"$1,677.16 ",$0.00 ,7/24/2019,wbra,7/24/2019,wbra,1060," - Wolf, USB Flash drive 8GB"," - Wolf, USB Flash drive 8GB",56540028,GENERAL ,56540028,,EA,$53.30 ,1,0,0,,3,Total Tx Amt. $0.00
11, - RICHARD WOLF,1553,,,O,"$1,677.16 ",$0.00 ,7/24/2019,wbra,7/24/2019,wbra,1061," - Bivap Electrode bipolar 22fr 12/30"""," - Bivap Electrode bipolar 22fr 12/30""",46300223,,46300223,,EA,"$1,220.00 ",1,0,0,1 box =3 electrodes,3,Total Tx Amt. $0.00
11, - RICHARD WOLF,1553,,,O,"$1,677.16 ",$0.00 ,7/24/2019,wbra,7/24/2019,wbra,1062," - Wolf, Print Pack"," - Wolf, Print Pack",5365.8551,GENERAL ,5365.8551,,EA,$201.93 ,2,0,0,,3,Total Tx Amt. $0.00
8, - STERIS,1554,,,O,$688.80 ,$0.00 ,7/24/2019,wbra,7/24/2019,wbra,566, - SPD HPU CHEMICAL INDICATOR, - SPD HPU CHEMICAL INDICATOR,PCC061,STRL PRO,PCC061,,100/BX,$22.10 ,3,0,0,,2,Total Tx Amt. $0.00
8, - STERIS,1554,,,O,$688.80 ,$0.00 ,7/24/2019,wbra,7/24/2019,wbra,523, - STERIS CELERITY 20HP BI, - STERIS CELERITY 20HP BI,LCB044,STRL PRO,LCB044,,25/BX,$311.25 ,2,0,0,,2,Total Tx Amt. $0.00
17, - HEALTHTRONICS MOBILE SOLUTIONS,1555,,,O,"$1,500.00 ",$0.00 ,7/24/2019,wbra,7/24/2019,wbra,529, - LASER FIBER HO 200 SINGLE USE, - LASER FIBER HO 200 SINGLE USE,95193,GENERAL ,95193,,EA,$125.00 ,6,0,0,,2,Total Tx Amt. $0.00
17, - HEALTHTRONICS MOBILE SOLUTIONS,1555,,,O,"$1,500.00 ",$0.00 ,7/24/2019,wbra,7/24/2019,wbra,530, - LASER FIBER HO 272 SINGLE USE, - LASER FIBER HO 272 SINGLE USE,95448,GENERAL ,95448,,EA,$125.00 ,6,0,0,,2,Total Tx Amt. $0.00
3, - BOSTON SCIENTIFIC,1556,,,O,$951.33 ,$0.00 ,7/24/2019,wbra,7/24/2019,wbra,1066," - Basket, Gemini 4wire Zero tip 120 cm"," - Basket, Gemini 4wire Zero tip 120 cm",m0063301080,GENERAL ,m0063301080,,EA,$317.11 ,3,0,0,,1,Total Tx Amt. $0.00
23, - COLOPLAST,1557,,,O,"$6,320.00 ",$0.00 ,7/24/2019,wbra,7/24/2019,wbra,656," - IMPLANT, TUTOPERICARDIUM 4X7"," - IMPLANT, TUTOPERICARDIUM 4X7",93-8247,GENERAL ,93-8247,,EA,"$1,594.00 ",2,0,0,,2,Total Tx Amt. $0.00
23, - COLOPLAST,1557,,,O,"$6,320.00 ",$0.00 ,7/24/2019,wbra,7/24/2019,wbra,657," - IMPLANT, TUTOPERICARDIUM 6X6"," - IMPLANT, TUTOPERICARDIUM 6X6",93-8266,GENERAL ,93-8266,,EA,"$1,566.00 ",2,0,0,,2,Total Tx Amt. $0.00
1, - MCKESSON,1558,,,O,"$1,488.07 ",$0.00 ,7/25/2019,wbra,7/26/2019,wbra,228, - NDL CHIBA 20G, - NDL CHIBA 20G,CNM-2008,IVSUPPLY,629155,,10/BX,$81.23 ,7,0,0,,10,Total Tx Amt. $0.00
1, - MCKESSON,1558,,,O,"$1,488.07 ",$0.00 ,7/25/2019,wbra,7/26/2019,wbra,73, - MED EPHEDRINE, - MED EPHEDRINE,17478041510,GENERAL ,1092978,,10/CT,$252.34 ,1,0,0,,10,Total Tx Amt. $0.00
1, - MCKESSON,1558,,,O,"$1,488.07 ",$0.00 ,7/25/2019,wbra,7/26/2019,wbra,896," - Water Sterile, SDV 20ML"," - Water Sterile, SDV 20ML",239938,GENERAL ,239938,,25/BX,$36.15 ,1,0,0,,10,Total Tx Amt. $0.00
1, - MCKESSON,1558,,,O,"$1,488.07 ",$0.00 ,7/25/2019,wbra,7/26/2019,wbra,729," - MED, SODIUM CHLORIDE 0.9% 10 ML SDV"," - MED, SODIUM CHLORIDE 0.9% 10 ML SDV",409488810,MEDS    ,236173,,25/PK,$21.63 ,1,0,0,,10,Total Tx Amt. $0.00
1, - MCKESSON,1558,,,O,"$1,488.07 ",$0.00 ,7/25/2019,wbra,7/26/2019,wbra,1070, - Laser Surgery Mask, - Laser Surgery Mask,47650,,357024,,36/BX,$18.58 ,1,0,0,,10,Total Tx Amt. $0.00
1, - MCKESSON,1558,,,O,"$1,488.07 ",$0.00 ,7/25/2019,wbra,7/26/2019,wbra,140, - FLUID NACL 3000ML, - FLUID NACL 3000ML,230132,GENERAL ,230132,,4/CS,$34.32 ,3,0,0,,10,Total Tx Amt. $0.00
1, - MCKESSON,1558,,,O,"$1,488.07 ",$0.00 ,7/25/2019,wbra,7/26/2019,wbra,151, - FLUID WATER 3000ML, - FLUID WATER 3000ML,200388,GLV/MSK ,200388,,4/CS,$33.79 ,2,0,0,,10,Total Tx Amt. $0.00
1, - MCKESSON,1558,,,O,"$1,488.07 ",$0.00 ,7/25/2019,wbra,7/26/2019,wbra,1069, - Replacement Cover for Patient Transfer Roller, - Replacement Cover for Patient Transfer Roller,475490,,475490,,EA,$100.56 ,3,0,0,,10,Total Tx Amt. $0.00
1, - MCKESSON,1558,,,O,"$1,488.07 ",$0.00 ,7/25/2019,wbra,7/26/2019,wbra,624," - MED, OMNIPAQUE 300"," - MED, OMNIPAQUE 300",407141361,MEDS    ,533382,,10/BX,$57.83 ,2,0,0,,10,Total Tx Amt. $0.00
1, - MCKESSON,1558,,,O,"$1,488.07 ",$0.00 ,7/25/2019,wbra,7/26/2019,wbra,1071, - Needle 25ga x 1 1/2, - Needle 25ga x 1 1/2,16-N25105,,16-N25105,,100/BX,$2.88 ,1,0,0,,10,Total Tx Amt. $0.00
23, - COLOPLAST,1559,,,O,"$20,642.00 ",$0.00 ,7/25/2019,wbra,7/25/2019,wbra,899," - Impl, Assembly Kit"," - Impl, Assembly Kit",91-9480SC,,91-9480SC,,EA,$486.00 ,2,0,0,"Batch code 6781712 (patient 3386/1)
Batch Code 6732392 (patient 3356/1)",4,Total Tx Amt. $0.00
23, - COLOPLAST,1559,,,O,"$20,642.00 ",$0.00 ,7/25/2019,wbra,7/25/2019,wbra,687," - IMP, TITAN RESEVOIR 75CC"," - IMP, TITAN RESEVOIR 75CC",ER8075,GENERAL ,ER8075,,EA,"$1,771.00 ",2,0,0,"Batch Code 6778992 (patient 3386/1)
Batch Code 5708148 (patient 3356/1)",4,Total Tx Amt. $0.00
23, - COLOPLAST,1559,,,O,"$20,642.00 ",$0.00 ,7/25/2019,wbra,7/25/2019,wbra,1067," - Impl, Touch Scrotal Zero Degree Angle C;ylinder 22"," - Impl, Touch Scrotal Zero Degree Angle C;ylinder 22",ES2822,,ES2822,,EA,"$8,064.00 ",1,0,0,Batch Code 5860393,4,Total Tx Amt. $0.00
23, - COLOPLAST,1559,,,O,"$20,642.00 ",$0.00 ,7/25/2019,wbra,7/25/2019,wbra,917," - IMPL, Touch Infrapubic0de. Angle cylinder /wPump"," - IMPL, Touch Infrapubic0de. Angle cylinder /wPump",ES2820,,ES2820,,EA,"$8,064.00 ",1,0,0,Batch Code 6050541,4,Total Tx Amt. $0.00
2, - CARDINAL HEALTH,1560,,,O,"$1,752.64 ",$0.00 ,7/25/2019,wbra,7/29/2019,wbra,670," - ANES, AIRWAY, LMA IGEL 4"," - ANES, AIRWAY, LMA IGEL 4",8204000,ANESTHE ,I8204,,25/CS,$261.88 ,1,0,0,,14,Total Tx Amt. $0.00
2, - CARDINAL HEALTH,1560,,,O,"$1,752.64 ",$0.00 ,7/25/2019,wbra,7/29/2019,wbra,796," - King UltraFlex 72"" breathing circuit"," - King UltraFlex 72"" breathing circuit",,ANESTHE ,8753F6121Z,,30/BX,$199.55 ,1,0,0,,14,Total Tx Amt. $0.00
2, - CARDINAL HEALTH,1560,,,O,"$1,752.64 ",$0.00 ,7/25/2019,wbra,7/29/2019,wbra,619," - ANES, AIRWAY ORAL 90MM YELLOW"," - ANES, AIRWAY ORAL 90MM YELLOW",122790A,ANESTHE ,122790A,,10/BX,$9.82 ,1,0,0,,14,Total Tx Amt. $0.00
2, - CARDINAL HEALTH,1560,,,O,"$1,752.64 ",$0.00 ,7/25/2019,wbra,7/29/2019,wbra,564, - ANES AIRWAY ORAL 100MM RED, - ANES AIRWAY ORAL 100MM RED,16-2101G,ANESTHE ,1227100A,,10/BX,$9.82 ,1,0,0,,14,Total Tx Amt. $0.00
2, - CARDINAL HEALTH,1560,,,O,"$1,752.64 ",$0.00 ,7/25/2019,wbra,7/29/2019,wbra,281, - SOCK SLIPPER ADULT XL, - SOCK SLIPPER ADULT XL,68125-GRY,,68125-GRY,,48/BX,$33.01 ,2,0,0,,14,Total Tx Amt. $0.00
2, - CARDINAL HEALTH,1560,,,O,"$1,752.64 ",$0.00 ,7/25/2019,wbra,7/29/2019,wbra,134, - IV START KIT, - IV START KIT,01-9000A,GENERAL ,01-9000A,,100/CS,$100.00 ,1,0,0,,14,Total Tx Amt. $0.00
2, - CARDINAL HEALTH,1560,,,O,"$1,752.64 ",$0.00 ,7/25/2019,wbra,7/29/2019,wbra,739, - SafeDay IV Administration Set, - SafeDay IV Administration Set,352904,PACU    ,352899,,50/BX,$141.94 ,2,0,0,,14,Total Tx Amt. $0.00
2, - CARDINAL HEALTH,1560,,,O,"$1,752.64 ",$0.00 ,7/25/2019,wbra,7/29/2019,wbra,74, - GLOVE EXAM MEDIUM NITRILE, - GLOVE EXAM MEDIUM NITRILE,88TN03M,GENERAL ,88TN03M,,1/CS,$97.20 ,1,0,0,,14,Total Tx Amt. $0.00
2, - CARDINAL HEALTH,1560,,,O,"$1,752.64 ",$0.00 ,7/25/2019,wbra,7/29/2019,wbra,298, - PREP TRAY IODINE STERILE, - PREP TRAY IODINE STERILE,Nov-08,,Nov-08,,20/CS,$77.40 ,2,0,0,,14,Total Tx Amt. $0.00
2, - CARDINAL HEALTH,1560,,,O,"$1,752.64 ",$0.00 ,7/25/2019,wbra,7/29/2019,wbra,363, - CONTAINER SUCTION 3000ML, - CONTAINER SUCTION 3000ML,65651-230,GENERAL ,65651-230,,40/CS,$70.47 ,1,0,0,,14,Total Tx Amt. $0.00
2, - CARDINAL HEALTH,1560,,,O,"$1,752.64 ",$0.00 ,7/25/2019,wbra,7/29/2019,wbra,31, - DRAPE CYSTO PACK, - DRAPE CYSTO PACK,SPP99CY1AA,DRAPE   ,SPP99CY1AA,,6/CS,$118.62 ,2,0,0,,14,Total Tx Amt. $0.00
2, - CARDINAL HEALTH,1560,,,O,"$1,752.64 ",$0.00 ,7/25/2019,wbra,7/29/2019,wbra,542, - DRP PACK MINOR PROCEDURE, - DRP PACK MINOR PROCEDURE,SPP99MN7AA,DRAPE   ,SPP99MN7AA,,4/CS,$92.00 ,2,0,0,,14,Total Tx Amt. $0.00
2, - CARDINAL HEALTH,1560,,,O,"$1,752.64 ",$0.00 ,7/25/2019,wbra,7/29/2019,wbra,96, - SHOE COVER DURAFIT NON-SKID X-LARGE, - SHOE COVER DURAFIT NON-SKID X-LARGE,4854,GENERAL ,4854,,4/CS,$44.52 ,1,0,0,,14,Total Tx Amt. $0.00
2, - CARDINAL HEALTH,1560,,,O,"$1,752.64 ",$0.00 ,7/25/2019,wbra,7/29/2019,wbra,933," - Container, Specimen Container sterile"," - Container, Specimen Container sterile",1053,GENERAL ,13594-130,,100/BX,$33.44 ,1,0,0,,14,Total Tx Amt. $0.00
1, - MCKESSON,1561,,,O,$844.12 ,$0.00 ,7/25/2019,wbra,7/25/2019,wbra,710," - SUPP, NASAL CAN GAS SAMPLE 7'"," - SUPP, NASAL CAN GAS SAMPLE 7'",999489,ANESTHE ,999489,,25/CS,$42.19 ,2,0,0,,8,Total Tx Amt. $0.00
1, - MCKESSON,1561,,,O,$844.12 ,$0.00 ,7/25/2019,wbra,7/25/2019,wbra,211, - MED PROPOFOL 20ML, - MED PROPOFOL 20ML,989562,IVSUPPLY,989562,,25/BX,$56.86 ,4,0,0,,8,Total Tx Amt. $0.00
1, - MCKESSON,1561,,,O,$844.12 ,$0.00 ,7/25/2019,wbra,7/25/2019,wbra,833," - Mask, Anes size 6 Adult Elongated"," - Mask, Anes size 6 Adult Elongated",854706,ANESTHE ,854706,,30/BX,$46.88 ,2,0,0,,8,Total Tx Amt. $0.00
1, - MCKESSON,1561,,,O,$844.12 ,$0.00 ,7/25/2019,wbra,7/25/2019,wbra,162, - MED ANCEF 1G, - MED ANCEF 1G,1107414,GLV/MSK ,1107414,,25/BX,$25.94 ,1,0,0,,8,Total Tx Amt. $0.00
1, - MCKESSON,1561,,,O,$844.12 ,$0.00 ,7/25/2019,wbra,7/25/2019,wbra,135, - FLUID LR 1000ML, - FLUID LR 1000ML,208829,GENERAL ,208829,,12/CS,$57.99 ,2,0,0,,8,Total Tx Amt. $0.00
1, - MCKESSON,1561,,,O,$844.12 ,$0.00 ,7/25/2019,wbra,7/25/2019,wbra,137, - FLUID LR 500ML, - FLUID LR 500ML,186663,GENERAL ,186663,,24/CS,$55.43 ,2,0,0,,8,Total Tx Amt. $0.00
1, - MCKESSON,1561,,,O,$844.12 ,$0.00 ,7/25/2019,wbra,7/25/2019,wbra,1068," - hypodermic, 22 a x 1 1/2 needle"," - hypodermic, 22 a x 1 1/2 needle",16-N22105,,1031793,,100/BX,$2.83 ,1,0,0,,8,Total Tx Amt. $0.00
1, - MCKESSON,1561,,,O,$844.12 ,$0.00 ,7/25/2019,wbra,7/25/2019,wbra,191, - MED LIDOCAINE 2% UROJECT, - MED LIDOCAINE 2% UROJECT,807261,HSKPNG  ,807261,,25/BX,$182.93 ,1,0,0,,8,Total Tx Amt. $0.00
11, - RICHARD WOLF,1562,,,O,"$2,440.00 ",$0.00 ,7/26/2019,wbra,7/30/2019,wbra,434, - CUTTING ELECTRODE 24FR BIPOLAR, - CUTTING ELECTRODE 24FR BIPOLAR,4622.1313,GENERAL ,4622-1313,,1/BX,"$1,220.00 ",2,0,0,,1,Total Tx Amt. $0.00
33, - MEDTRONIC,1563,,,O,"$32,928.00 ",$0.00 ,7/26/2019,wbra,7/26/2019,wbra,834, - Interstim Neuro Stimulator, - Interstim Neuro Stimulator,3058,GENERAL ,3058,,EA,"$10,976.00 ",3,0,0,,1,Total Tx Amt. $0.00
24, - CIVCO,1564,,,O,$993.00 ,$0.00 ,7/26/2019,wbra,7/29/2019,wbra,611," - BRACHY, TEMPLATE GRID"," - BRACHY, TEMPLATE GRID",610-905,GENERAL ,610-905,,5/BX,$287.00 ,2,0,0,,2,Total Tx Amt. $0.00
24, - CIVCO,1564,,,O,$993.00 ,$0.00 ,7/26/2019,wbra,7/29/2019,wbra,610," - BRACHY, ENDOCAVITY BALLOON"," - BRACHY, ENDOCAVITY BALLOON",610-898,GENERAL ,610-898,,10/BX,$419.00 ,1,0,0,,2,Total Tx Amt. $0.00
19, - STRAND DX,1565,,,O,$0.04 ,$0.00 ,7/29/2019,wbra,7/29/2019,wbra,563," - BIOPSY KIT, KNOW ERROR"," - BIOPSY KIT, KNOW ERROR",KIT,GENERAL ,KIT,,12/BX,$0.01 ,4,0,0,,1,Total Tx Amt. $0.00
1, - MCKESSON,1566,,,O,$441.86 ,$0.00 ,7/29/2019,wbra,7/29/2019,wbra,348, - CAUTERY TIP NDL, - CAUTERY TIP NDL,ES02,GENERAL ,275608,,25/BX,$46.79 ,1,0,0,,6,Total Tx Amt. $0.00
1, - MCKESSON,1566,,,O,$441.86 ,$0.00 ,7/29/2019,wbra,7/29/2019,wbra,351, - CAUTERY PAD GROUND ADULT 10FT CONMED, - CAUTERY PAD GROUND ADULT 10FT CONMED,22-ESREC,,1018818,,50/BX,$132.19 ,1,0,0,,6,Total Tx Amt. $0.00
1, - MCKESSON,1566,,,O,$441.86 ,$0.00 ,7/29/2019,wbra,7/29/2019,wbra,745, - 3M Sterilization Indicator Strip comply Steam Chem, - 3M Sterilization Indicator Strip comply Steam Chem,1243ac,STRL PRO,134499,,100/BX,$19.50 ,1,0,0,,6,Total Tx Amt. $0.00
1, - MCKESSON,1566,,,O,$441.86 ,$0.00 ,7/29/2019,wbra,7/29/2019,wbra,559, - NDL HYPO 22GA X 7IN QUINCKE, - NDL HYPO 22GA X 7IN QUINCKE,405149,NEEDLES ,190450,,10/BX,$64.60 ,1,0,0,,6,Total Tx Amt. $0.00
1, - MCKESSON,1566,,,O,$441.86 ,$0.00 ,7/29/2019,wbra,7/29/2019,wbra,891," - dressing, Tegaderm 6"" x 8"" transparent"," - dressing, Tegaderm 6"" x 8"" transparent",1628,GENERAL ,121653,,10/BX,$14.13 ,1,0,0,,6,Total Tx Amt. $0.00
1, - MCKESSON,1566,,,O,$441.86 ,$0.00 ,7/29/2019,wbra,7/29/2019,wbra,743, - EKG Monitor Button Red Dot, - EKG Monitor Button Red Dot,2560,ANESTHE ,199314,,50/CS,$164.65 ,1,0,0,,6,Total Tx Amt. $0.00
14, - BARD,1567,,,O,$38.40 ,$0.00 ,7/29/2019,wbra,7/29/2019,wbra,749, - Foley Catheter 16 Fr 5cc Lubricious Coated, - Foley Catheter 16 Fr 5cc Lubricious Coated,0165L16,,0165L16,,12/BX,$38.40 ,1,0,0,,1,Total Tx Amt. $0.00
1, - MCKESSON,1568,,,O,"$1,960.09 ",$0.00 ,7/30/2019,wbra,7/30/2019,wbra,420, - SYRINGE LL 10ML, - SYRINGE LL 10ML,1031801,,1031801,,100/BX,$7.50 ,2,0,0,,10,Total Tx Amt. $0.00
1, - MCKESSON,1568,,,O,"$1,960.09 ",$0.00 ,7/30/2019,wbra,7/30/2019,wbra,830, - syringe/needle 3cc Blnt LL 18ga x 1 1/2, - syringe/needle 3cc Blnt LL 18ga x 1 1/2,305060,GENERAL ,459506,,100/BX,$16.85 ,2,0,0,,10,Total Tx Amt. $0.00
1, - MCKESSON,1568,,,O,"$1,960.09 ",$0.00 ,7/30/2019,wbra,7/30/2019,wbra,135, - FLUID LR 1000ML, - FLUID LR 1000ML,208829,GENERAL ,208829,,12/CS,$38.66 ,1,0,0,,10,Total Tx Amt. $0.00
1, - MCKESSON,1568,,,O,"$1,960.09 ",$0.00 ,7/30/2019,wbra,7/30/2019,wbra,1072," - Caudery, Pad Ground Split ThermoGard"," - Caudery, Pad Ground Split ThermoGard",229188,,229188,,10/BX,$46.49 ,2,0,0,,10,Total Tx Amt. $0.00
1, - MCKESSON,1568,,,O,"$1,960.09 ",$0.00 ,7/30/2019,wbra,7/30/2019,wbra,692," - DRAIN, HUBLESS FLAT FULL PERF 10MM"," - DRAIN, HUBLESS FLAT FULL PERF 10MM",360007,DRESSING,491310,,10/CS,$98.99 ,1,0,0,,10,Total Tx Amt. $0.00
1, - MCKESSON,1568,,,O,"$1,960.09 ",$0.00 ,7/30/2019,wbra,7/30/2019,wbra,827," - Botox, Therapeutic VL  100units, Allergan"," - Botox, Therapeutic VL  100units, Allergan",,MEDS    ,349702,,1/BT,$670.42 ,2,0,0,,10,Total Tx Amt. $0.00
1, - MCKESSON,1568,,,O,"$1,960.09 ",$0.00 ,7/30/2019,wbra,7/30/2019,wbra,140, - FLUID NACL 3000ML, - FLUID NACL 3000ML,230132,GENERAL ,230132,,4/CS,$34.32 ,4,0,0,,10,Total Tx Amt. $0.00
1, - MCKESSON,1568,,,O,"$1,960.09 ",$0.00 ,7/30/2019,wbra,7/30/2019,wbra,1071, - Needle 25ga x 1 1/2, - Needle 25ga x 1 1/2,16-N25105,,16-N25105,,100/BX,$2.88 ,1,0,0,,10,Total Tx Amt. $0.00
1, - MCKESSON,1568,,,O,"$1,960.09 ",$0.00 ,7/30/2019,wbra,7/30/2019,wbra,229, - NDL HYPO 18X1.5, - NDL HYPO 18X1.5,1031789,IVS     ,1031789,,100/BX,$2.80 ,6,0,0,,10,Total Tx Amt. $0.00
1, - MCKESSON,1568,,,O,"$1,960.09 ",$0.00 ,7/30/2019,wbra,7/30/2019,wbra,1042," - Meds, Methylprednisolone 40mg/ml"," - Meds, Methylprednisolone 40mg/ml",514379,IVSUPPLY,514379,,25/BX,$182.96 ,1,0,0,,10,Total Tx Amt. $0.00
2, - CARDINAL HEALTH,1569,,,O,$848.16 ,$0.00 ,7/30/2019,wbra,7/31/2019,wbra,348, - CAUTERY TIP NDL, - CAUTERY TIP NDL,ES02,GENERAL ,ES02,,25/BX,$76.67 ,1,0,0,,8,Total Tx Amt. $0.00
2, - CARDINAL HEALTH,1569,,,O,$848.16 ,$0.00 ,7/30/2019,wbra,7/31/2019,wbra,31, - DRAPE CYSTO PACK, - DRAPE CYSTO PACK,SPP99CY1AA,DRAPE   ,SPP99CY1AA,,6/CS,$118.62 ,2,0,0,,8,Total Tx Amt. $0.00
2, - CARDINAL HEALTH,1569,,,O,$848.16 ,$0.00 ,7/30/2019,wbra,7/31/2019,wbra,32, - DRAPE SURGICAL LEGGINGS, - DRAPE SURGICAL LEGGINGS,8421,DRAPE   ,8421,,20/CS,$43.60 ,1,0,0,,8,Total Tx Amt. $0.00
2, - CARDINAL HEALTH,1569,,,O,$848.16 ,$0.00 ,7/30/2019,wbra,7/31/2019,wbra,422, - DISINFECT CAVIWIPE 1MIN, - DISINFECT CAVIWIPE 1MIN,MX13-1150,HSKPNG  ,MX13-1150,,12/BX,$64.95 ,1,0,0,,8,Total Tx Amt. $0.00
2, - CARDINAL HEALTH,1569,,,O,$848.16 ,$0.00 ,7/30/2019,wbra,7/31/2019,wbra,298, - PREP TRAY IODINE STERILE, - PREP TRAY IODINE STERILE,Nov-08,,Nov-08,,20/CS,$77.40 ,2,0,0,,8,Total Tx Amt. $0.00
2, - CARDINAL HEALTH,1569,,,O,$848.16 ,$0.00 ,7/30/2019,wbra,7/31/2019,wbra,542, - DRP PACK MINOR PROCEDURE, - DRP PACK MINOR PROCEDURE,SPP99MN7AA,DRAPE   ,SPP99MN7AA,,4/CS,$92.00 ,1,0,0,,8,Total Tx Amt. $0.00
2, - CARDINAL HEALTH,1569,,,O,$848.16 ,$0.00 ,7/30/2019,wbra,7/31/2019,wbra,102, - GLOVE PROTEXIS PI 7.5 LATEX FREE, - GLOVE PROTEXIS PI 7.5 LATEX FREE,2D72PT75X,GENERAL ,2D72PT75X,,50/BX,$89.45 ,1,0,0,,8,Total Tx Amt. $0.00
2, - CARDINAL HEALTH,1569,,,O,$848.16 ,$0.00 ,7/30/2019,wbra,7/31/2019,wbra,101, - GLOVE PROTEXIS PI 7 LATEX FREE, - GLOVE PROTEXIS PI 7 LATEX FREE,2D72PT70X,GENERAL ,2D72PT70X,,50/BX,$89.45 ,1,0,0,,8,Total Tx Amt. $0.00
3, - BOSTON SCIENTIFIC,1570,,,O,"$9,265.00 ",$0.00 ,7/30/2019,wbra,7/30/2019,wbra,1073," - Implant, Infinion 16, 50cm a6 cintact trial lead"," - Implant, Infinion 16, 50cm a6 cintact trial lead",sc-2316-50e,,sc-2316-50e,,EA,"$3,900.00 ",2,0,0,SN 5163476 and SN 5163226,4,Total Tx Amt. $0.00
3, - BOSTON SCIENTIFIC,1570,,,O,"$9,265.00 ",$0.00 ,7/30/2019,wbra,7/30/2019,wbra,1074," - Implant, Epimed Coude Needle"," - Implant, Epimed Coude Needle",SC-4210,,SC-4210,,EA,$75.00 ,2,0,0,Lot 21419144 and Lot 21328980,4,Total Tx Amt. $0.00
3, - BOSTON SCIENTIFIC,1570,,,O,"$9,265.00 ",$0.00 ,7/30/2019,wbra,7/30/2019,wbra,1075," - Implant, 1 x 16 oc Caude Extension"," - Implant, 1 x 16 oc Caude Extension",SC-4116,,SC-4116,,EA,$600.00 ,2,0,0,Lot 23763855,4,Total Tx Amt. $0.00
3, - BOSTON SCIENTIFIC,1570,,,O,"$9,265.00 ",$0.00 ,7/30/2019,wbra,7/30/2019,wbra,1076," - Implant, Patient Trial Kit"," - Implant, Patient Trial Kit",SC-6500-62,,SC-6500-62,,EA,$115.00 ,1,0,0,S/L 23998302,4,Total Tx Amt. $0.00
11, - RICHARD WOLF,1571,,,O,"$1,220.00 ",$0.00 ,7/31/2019,wbra,7/31/2019,wbra,594, - SHARK/ S-LINE CUTTING ELECTRODE BIPO 24FR, - SHARK/ S-LINE CUTTING ELECTRODE BIPO 24FR,4622.1313,GENERAL ,4622.1313,,1/BX,"$1,220.00 ",1,0,0,,1,Total Tx Amt. $0.00
8, - STERIS,1572,,,O,$184.04 ,$0.00 ,7/31/2019,wbra,7/31/2019,wbra,1077, - Replacement bulb OR lights, - Replacement bulb OR lights,LB11,,LB11,,EA,$46.01 ,4,0,0,,1,Total Tx Amt. $0.00
1, - MCKESSON,1573,,,O,$275.64 ,$0.00 ,7/31/2019,wbra,7/31/2019,wbra,135, - FLUID LR 1000ML, - FLUID LR 1000ML,208829,GENERAL ,208829,,12/CS,$38.66 ,2,0,0,,3,Total Tx Amt. $0.00
1, - MCKESSON,1573,,,O,$275.64 ,$0.00 ,7/31/2019,wbra,7/31/2019,wbra,140, - FLUID NACL 3000ML, - FLUID NACL 3000ML,230132,GENERAL ,230132,,4/CS,$34.32 ,4,0,0,,3,Total Tx Amt. $0.00
1, - MCKESSON,1573,,,O,$275.64 ,$0.00 ,7/31/2019,wbra,7/31/2019,wbra,38, - DRAPE IOBAN 23X17, - DRAPE IOBAN 23X17,M6650EZ,DRAPE   ,401845,,10/BX,$61.04 ,1,0,0,,3,Total Tx Amt. $0.00
23, - COLOPLAST,1574,,,O,"$8,550.00 ",$0.00 ,7/31/2019,wbra,7/31/2019,wbra,899," - Impl, Assembly Kit"," - Impl, Assembly Kit",91-9480SC,,91-9480SC,,EA,$486.00 ,1,0,0,Batch Code 6441274,2,Total Tx Amt. $0.00
23, - COLOPLAST,1574,,,O,"$8,550.00 ",$0.00 ,7/31/2019,wbra,7/31/2019,wbra,1078," - Implant, Titan Touch Infrapubic 0 degree 14 cm"," - Implant, Titan Touch Infrapubic 0 degree 14 cm",ES2814,,ES2814,,EA,"$8,064.00 ",1,0,0,Batch Code 4751558,2,Total Tx Amt. $0.00
1, - MCKESSON,1575,,,O,"$1,330.12 ",$0.00 ,8/1/2019,wbra,8/1/2019,wbra,849," - Lidocaine 1 % HCI Injection, USP 500mg/50ml Multi"," - Lidocaine 1 % HCI Injection, USP 500mg/50ml Multi",239936,,239936,,25/CS,$57.17 ,2,0,0,,6,Total Tx Amt. $0.00
1, - MCKESSON,1575,,,O,"$1,330.12 ",$0.00 ,8/1/2019,wbra,8/1/2019,wbra,699," - MED, SEVOFLURANE INHAL"," - MED, SEVOFLURANE INHAL",6679401525,MEDS    ,779244,,EA,$128.40 ,6,0,0,,6,Total Tx Amt. $0.00
1, - MCKESSON,1575,,,O,"$1,330.12 ",$0.00 ,8/1/2019,wbra,8/1/2019,wbra,854, - Meds Sulfamethoxazole and Trimethoprim, - Meds Sulfamethoxazole and Trimethoprim,787868,GENERAL ,787868,,1/BT,$46.00 ,3,0,0,,6,Total Tx Amt. $0.00
1, - MCKESSON,1575,,,O,"$1,330.12 ",$0.00 ,8/1/2019,wbra,8/1/2019,wbra,885," - Bacitracin, VL PDR 50,000 Units"," - Bacitracin, VL PDR 50,000 Units",255718,GENERAL ,255178,,EA,$9.60 ,20,0,0,,6,Total Tx Amt. $0.00
1, - MCKESSON,1575,,,O,"$1,330.12 ",$0.00 ,8/1/2019,wbra,8/1/2019,wbra,964, - GoJol Hand Sanitizer, - GoJol Hand Sanitizer,1903-02,GENERAL ,796466,,2/CS,$19.49 ,2,0,0,,6,Total Tx Amt. $0.00
1, - MCKESSON,1575,,,O,"$1,330.12 ",$0.00 ,8/1/2019,wbra,8/1/2019,wbra,850," - Soap, Antimicrobial Soap[ Provon"," - Soap, Antimicrobial Soap[ Provon",,HSKPNG  ,877253,,2/CS,$38.20 ,2,0,0,,6,Total Tx Amt. $0.00
27, - BESSE MEDICAL,1576,,,O,"$2,419.21 ",$0.00 ,8/1/2019,wbra,8/1/2019,wbra,1079," - Meds, Caverject 10MCG  Kit, Single Dose"," - Meds, Caverject 10MCG  Kit, Single Dose",30097,,30097,,2/CS,$169.57 ,5,0,0,,2,Total Tx Amt. $0.00
27, - BESSE MEDICAL,1576,,,O,"$2,419.21 ",$0.00 ,8/1/2019,wbra,8/1/2019,wbra,648," - MED, RIFADIN IV 600MG 25ML"," - MED, RIFADIN IV 600MG 25ML",00068-0597-01,MEDS    ,10820,,EA,$196.42 ,8,0,0,,2,Total Tx Amt. $0.00
1, - MCKESSON,1577,,,O,$749.16 ,$0.00 ,8/2/2019,wbra,8/2/2019,wbra,907," - Meds, Ephedrine, AMP 50Mg/ml 1ml"," - Meds, Ephedrine, AMP 50Mg/ml 1ml",17478041510,ANESTHE ,1092978,,10/BX,$252.34 ,2,0,0,,6,Total Tx Amt. $0.00
1, - MCKESSON,1577,,,O,$749.16 ,$0.00 ,8/2/2019,wbra,8/2/2019,wbra,123, - TOWEL PAPER C-FOLD, - TOWEL PAPER C-FOLD,1040599,GENERAL ,1040599,,1/CS,$18.08 ,2,0,0,,6,Total Tx Amt. $0.00
1, - MCKESSON,1577,,,O,$749.16 ,$0.00 ,8/2/2019,wbra,8/2/2019,wbra,120, - TISSUE TOLIET WHT, - TISSUE TOLIET WHT,165-tp500p,GENERAL ,1045390,,96/CS,$41.56 ,1,0,0,,6,Total Tx Amt. $0.00
1, - MCKESSON,1577,,,O,$749.16 ,$0.00 ,8/2/2019,wbra,8/2/2019,wbra,190, - MED LIDOCAINE 1% EPI 20ML, - MED LIDOCAINE 1% EPI 20ML,763949,HSKPNG  ,747065,,25/BX,$49.44 ,1,0,0,,6,Total Tx Amt. $0.00
1, - MCKESSON,1577,,,O,$749.16 ,$0.00 ,8/2/2019,wbra,8/2/2019,wbra,767, - Monoject PreFill IV Flush Sodium Chloride, - Monoject PreFill IV Flush Sodium Chloride,8881570121,GENERAL ,472080,,30/BX,$10.00 ,4,0,0,,6,Total Tx Amt. $0.00
1, - MCKESSON,1577,,,O,$749.16 ,$0.00 ,8/2/2019,wbra,8/2/2019,wbra,135, - FLUID LR 1000ML, - FLUID LR 1000ML,208829,GENERAL ,208829,,12/CS,$38.66 ,2,0,0,,6,Total Tx Amt. $0.00
11, - RICHARD WOLF,1578,,,O,$589.50 ,$0.00 ,8/2/2019,wbra,8/2/2019,wbra,1080," - Instrument, Grasping Forcepsfine-toothed"," - Instrument, Grasping Forcepsfine-toothed",828.1,,282.1,,EA,$589.50 ,1,0,0,,1,Total Tx Amt. $0.00
3, - BOSTON SCIENTIFIC,1579,,,O,"$1,453.05 ",$0.00 ,8/2/2019,wbra,8/2/2019,wbra,546, - UROMAX BALLOON KIT 15FR X 4CM, - UROMAX BALLOON KIT 15FR X 4CM,M0062251210,GENERAL ,m0062251210,,1/KT,$464.80 ,1,0,0,,4,Total Tx Amt. $0.00
3, - BOSTON SCIENTIFIC,1579,,,O,"$1,453.05 ",$0.00 ,8/2/2019,wbra,8/2/2019,wbra,580," - BOSTON SCI, NAVIGATOR HD 12/14FR 46CM"," - BOSTON SCI, NAVIGATOR HD 12/14FR 46CM",M0062502260,GENERAL ,M0062502260,,EA,$197.65 ,2,0,0,,4,Total Tx Amt. $0.00
3, - BOSTON SCIENTIFIC,1579,,,O,"$1,453.05 ",$0.00 ,8/2/2019,wbra,8/2/2019,wbra,581," - BOSTON SCI, NAVIGATOR HD 13/15FR 46CM"," - BOSTON SCI, NAVIGATOR HD 13/15FR 46CM",M0062502290,GENERAL ,M0062502290,,EA,$197.65 ,2,0,0,,4,Total Tx Amt. $0.00
3, - BOSTON SCIENTIFIC,1579,,,O,"$1,453.05 ",$0.00 ,8/2/2019,wbra,8/2/2019,wbra,1081, - Boston Navigator HD 12/14 x28cm, - Boston Navigator HD 12/14 x28cm,m0062502240,,m0062502240,,EA,$197.65 ,1,0,0,,4,Total Tx Amt. $0.00
4, - COOK MEDICAL,1580,,,O,$841.50 ,$0.00 ,8/2/2019,wbra,8/2/2019,wbra,459, - COOK URETERAL STENT FIRM UNIVERSA, - COOK URETERAL STENT FIRM UNIVERSA,G23406,GENERAL ,G23406,,EA,$49.50 ,4,0,0,,6,Total Tx Amt. $0.00
4, - COOK MEDICAL,1580,,,O,$841.50 ,$0.00 ,8/2/2019,wbra,8/2/2019,wbra,987, - COOK STENT 7 X 26 Universal Stent, - COOK STENT 7 X 26 Universal Stent,G23416,,G23416,,EA,$49.50 ,2,0,0,,6,Total Tx Amt. $0.00
4, - COOK MEDICAL,1580,,,O,$841.50 ,$0.00 ,8/2/2019,wbra,8/2/2019,wbra,468, - COOK URETERAL STENT UNIVERSA FIRM 6X22, - COOK URETERAL STENT UNIVERSA FIRM 6X22,G23404,GENERAL ,G23404,,EA,$49.50 ,3,0,0,,6,Total Tx Amt. $0.00
4, - COOK MEDICAL,1580,,,O,$841.50 ,$0.00 ,8/2/2019,wbra,8/2/2019,wbra,456, - COOK URETERAL STENT FIRM UNIVERSA 5FR X 26, - COOK URETERAL STENT FIRM UNIVERSA 5FR X 26,G23398,GENERAL ,G23398,,EA,$49.50 ,2,0,0,,6,Total Tx Amt. $0.00
4, - COOK MEDICAL,1580,,,O,$841.50 ,$0.00 ,8/2/2019,wbra,8/2/2019,wbra,455, - COOK URETERAL STENT FIRM UNIVERSA 5FR X 24, - COOK URETERAL STENT FIRM UNIVERSA 5FR X 24,G23397,GENERAL ,G23397,,EA,$49.50 ,3,0,0,,6,Total Tx Amt. $0.00
4, - COOK MEDICAL,1580,,,O,$841.50 ,$0.00 ,8/2/2019,wbra,8/2/2019,wbra,986, - COOK STENT 7 x 24 Universal Stent, - COOK STENT 7 x 24 Universal Stent,G23415,,D23415,,EA,$49.50 ,3,0,0,,6,Total Tx Amt. $0.00
1, - MCKESSON,1581,,,O,$733.59 ,$0.00 ,8/5/2019,wbra,8/8/2019,wbra,1039," - Spray Bottle, 32 oz leak proof commercial grade"," - Spray Bottle, 32 oz leak proof commercial grade",1063406,GENERAL ,1063406,,EA,$5.72 ,6,0,0,,13,Total Tx Amt. $0.00
1, - MCKESSON,1581,,,O,$733.59 ,$0.00 ,8/5/2019,wbra,8/8/2019,wbra,710," - SUPP, NASAL CAN GAS SAMPLE 7'"," - SUPP, NASAL CAN GAS SAMPLE 7'",999489,ANESTHE ,999489,,25/CS,$42.19 ,1,0,0,,13,Total Tx Amt. $0.00
1, - MCKESSON,1581,,,O,$733.59 ,$0.00 ,8/5/2019,wbra,8/8/2019,wbra,211, - MED PROPOFOL 20ML, - MED PROPOFOL 20ML,989562,IVSUPPLY,989562,,25/BX,$56.86 ,4,0,0,,13,Total Tx Amt. $0.00
1, - MCKESSON,1581,,,O,$733.59 ,$0.00 ,8/5/2019,wbra,8/8/2019,wbra,833," - Mask, Anes size 6 Adult Elongated"," - Mask, Anes size 6 Adult Elongated",854706,ANESTHE ,854706,,30/BX,$46.88 ,1,0,0,,13,Total Tx Amt. $0.00
1, - MCKESSON,1581,,,O,$733.59 ,$0.00 ,8/5/2019,wbra,8/8/2019,wbra,162, - MED ANCEF 1G, - MED ANCEF 1G,1107414,GLV/MSK ,1107414,,25/BX,$25.94 ,2,0,0,,13,Total Tx Amt. $0.00
1, - MCKESSON,1581,,,O,$733.59 ,$0.00 ,8/5/2019,wbra,8/8/2019,wbra,761, - Patien belong bags, - Patien belong bags,30421100,PACU    ,447753,,250/CS,$32.79 ,1,0,0,,13,Total Tx Amt. $0.00
1, - MCKESSON,1581,,,O,$733.59 ,$0.00 ,8/5/2019,wbra,8/8/2019,wbra,627," - DETERGENT, LOW SUDS INSTRUMENT"," - DETERGENT, LOW SUDS INSTRUMENT",53-28551,STRL PRO,484481,,4/BX,$83.61 ,1,0,0,,13,Total Tx Amt. $0.00
1, - MCKESSON,1581,,,O,$733.59 ,$0.00 ,8/5/2019,wbra,8/8/2019,wbra,148, - FLUID WATER 500ML BOTTLE, - FLUID WATER 500ML BOTTLE,161730,GENERAL ,161730,,16/cs,$28.50 ,2,0,0,,13,Total Tx Amt. $0.00
1, - MCKESSON,1581,,,O,$733.59 ,$0.00 ,8/5/2019,wbra,8/8/2019,wbra,141, - FLUID NACL 500ML, - FLUID NACL 500ML,467132,GENERAL ,467132,,18/CS,$39.48 ,1,0,0,,13,Total Tx Amt. $0.00
1, - MCKESSON,1581,,,O,$733.59 ,$0.00 ,8/5/2019,wbra,8/8/2019,wbra,207, - MED ZOFRAN 2ML, - MED ZOFRAN 2ML,1113028,IVSUPPLY,1113028,,25/CT,$13.91 ,3,0,0,,13,Total Tx Amt. $0.00
1, - MCKESSON,1581,,,O,$733.59 ,$0.00 ,8/5/2019,wbra,8/8/2019,wbra,782, - Dental Bibs, - Dental Bibs,43445,GENERAL ,853587,,1/CS,$15.04 ,1,0,0,,13,Total Tx Amt. $0.00
1, - MCKESSON,1581,,,O,$733.59 ,$0.00 ,8/5/2019,wbra,8/8/2019,wbra,421, - SYRINGE LL 20ML, - SYRINGE LL 20ML,1031802,,1031802,,100/BX,$19.80 ,2,0,0,,13,Total Tx Amt. $0.00
1, - MCKESSON,1581,,,O,$733.59 ,$0.00 ,8/5/2019,wbra,8/8/2019,wbra,1084," - Preservative Free Injextable Saline, 10"," - Preservative Free Injextable Saline, 10",236173,,236173,,25/BX,$21.63 ,1,0,0,,13,Total Tx Amt. $0.00
2, - CARDINAL HEALTH,1582,,,O,$929.79 ,$0.00 ,8/5/2019,wbra,8/5/2019,wbra,796," - King UltraFlex 72"" breathing circuit"," - King UltraFlex 72"" breathing circuit",,ANESTHE ,8753F6121Z,,30/BX,$199.55 ,1,0,0,,8,Total Tx Amt. $0.00
2, - CARDINAL HEALTH,1582,,,O,$929.79 ,$0.00 ,8/5/2019,wbra,8/5/2019,wbra,619," - ANES, AIRWAY ORAL 90MM YELLOW"," - ANES, AIRWAY ORAL 90MM YELLOW",122790A,ANESTHE ,122790A,,10/BX,$9.82 ,1,0,0,,8,Total Tx Amt. $0.00
2, - CARDINAL HEALTH,1582,,,O,$929.79 ,$0.00 ,8/5/2019,wbra,8/5/2019,wbra,564, - ANES AIRWAY ORAL 100MM RED, - ANES AIRWAY ORAL 100MM RED,16-2101G,ANESTHE ,1227100A,,10/BX,$9.82 ,1,0,0,,8,Total Tx Amt. $0.00
2, - CARDINAL HEALTH,1582,,,O,$929.79 ,$0.00 ,8/5/2019,wbra,8/5/2019,wbra,281, - SOCK SLIPPER ADULT XL, - SOCK SLIPPER ADULT XL,68125-GRY,,68125-GRY,,48/BX,$33.01 ,2,0,0,,8,Total Tx Amt. $0.00
2, - CARDINAL HEALTH,1582,,,O,$929.79 ,$0.00 ,8/5/2019,wbra,8/5/2019,wbra,684," - GOWN, LG AAMI 4 SMART SLEEVE (LEVINE)"," - GOWN, LG AAMI 4 SMART SLEEVE (LEVINE)",9011,GENERAL ,9011,,20/CS,$63.77 ,3,0,0,,8,Total Tx Amt. $0.00
2, - CARDINAL HEALTH,1582,,,O,$929.79 ,$0.00 ,8/5/2019,wbra,8/5/2019,wbra,317, - TEST TAPE STEAM, - TEST TAPE STEAM,T40311A,,T40311A,,1/RL,$13.08 ,6,0,0,,8,Total Tx Amt. $0.00
2, - CARDINAL HEALTH,1582,,,O,$929.79 ,$0.00 ,8/5/2019,wbra,8/5/2019,wbra,31, - DRAPE CYSTO PACK, - DRAPE CYSTO PACK,SPP99CY1AA,DRAPE   ,SPP99CY1AA,,6/CS,$118.62 ,2,0,0,,8,Total Tx Amt. $0.00
2, - CARDINAL HEALTH,1582,,,O,$929.79 ,$0.00 ,8/5/2019,wbra,8/5/2019,wbra,106, - GOWN XLARGE, - GOWN XLARGE,9545,GENERAL ,9545,,20/CS,$45.85 ,3,0,0,,8,Total Tx Amt. $0.00
4, - COOK MEDICAL,1583,,,O,"$1,042.91 ",$0.00 ,8/5/2019,wbra,8/5/2019,wbra,468, - COOK URETERAL STENT UNIVERSA FIRM 6X22, - COOK URETERAL STENT UNIVERSA FIRM 6X22,G23404,GENERAL ,G23404,,EA,$49.50 ,1,0,0,,5,Total Tx Amt. $0.00
4, - COOK MEDICAL,1583,,,O,"$1,042.91 ",$0.00 ,8/5/2019,wbra,8/5/2019,wbra,1082, - Whistle Tip Catheter  5Fr/70cm, - Whistle Tip Catheter  5Fr/70cm,G14030,,G14030,,10/BX,$86.69 ,1,0,0,,5,Total Tx Amt. $0.00
4, - COOK MEDICAL,1583,,,O,"$1,042.91 ",$0.00 ,8/5/2019,wbra,8/5/2019,wbra,448, - COOK WIRE GUIDE AMPLATZ SUPER STIFF .035, - COOK WIRE GUIDE AMPLATZ SUPER STIFF .035,G53559,GENERAL ,G53559,,EA,$23.64 ,3,0,0,,5,Total Tx Amt. $0.00
4, - COOK MEDICAL,1583,,,O,"$1,042.91 ",$0.00 ,8/5/2019,wbra,8/5/2019,wbra,459, - COOK URETERAL STENT FIRM UNIVERSA, - COOK URETERAL STENT FIRM UNIVERSA,G23406,GENERAL ,G23406,,EA,$49.50 ,3,0,0,,5,Total Tx Amt. $0.00
4, - COOK MEDICAL,1583,,,O,"$1,042.91 ",$0.00 ,8/5/2019,wbra,8/5/2019,wbra,1085, - Ureteral Biopsy Forcept BIG OPTI, - Ureteral Biopsy Forcept BIG OPTI,G48240,,G48240,,EA,$343.65 ,2,0,0,,5,Total Tx Amt. $0.00
20, - APPLIED MEDICAL,1584,,,O,$300.00 ,$0.00 ,8/5/2019,wbra,8/5/2019,wbra,572," - CAP, SURESEAL II"," - CAP, SURESEAL II",SEAL-005,GENERAL ,SEAL-005,,10/BX,$150.00 ,2,0,0,,1,Total Tx Amt. $0.00
1, - MCKESSON,1586,,,O,$172.98 ,$0.00 ,8/6/2019,wbra,8/6/2019,wbra,284, - SUPPORTER ADULT LRG, - SUPPORTER ADULT LRG,452706,DRESSING,452706,,EA,$6.04 ,10,0,0,,4,Total Tx Amt. $0.00
1, - MCKESSON,1586,,,O,$172.98 ,$0.00 ,8/6/2019,wbra,8/6/2019,wbra,348, - CAUTERY TIP NDL, - CAUTERY TIP NDL,ES02,GENERAL ,275608,,25/BX,$46.79 ,1,0,0,,4,Total Tx Amt. $0.00
1, - MCKESSON,1586,,,O,$172.98 ,$0.00 ,8/6/2019,wbra,8/6/2019,wbra,158, - MED BACI OINT, - MED BACI OINT,867537,GLV/MSK ,867537,,100/BX,$9.65 ,1,0,0,,4,Total Tx Amt. $0.00
1, - MCKESSON,1586,,,O,$172.98 ,$0.00 ,8/6/2019,wbra,8/6/2019,wbra,912," - Bag, Urine Drain 2000 ML"," - Bag, Urine Drain 2000 ML",146120,GENERAL ,146120,,20/BX,$56.14 ,1,0,0,,4,Total Tx Amt. $0.00
2, - CARDINAL HEALTH,1587,,,O,"$3,348.13 ",$0.00 ,8/6/2019,wbra,8/7/2019,wbra,348, - CAUTERY TIP NDL, - CAUTERY TIP NDL,ES02,GENERAL ,ES02,,10/BX,$76.67 ,1,0,0,,17,Total Tx Amt. $0.00
2, - CARDINAL HEALTH,1587,,,O,"$3,348.13 ",$0.00 ,8/6/2019,wbra,8/7/2019,wbra,1030," - Suture, Vicryl 2-0  27"" Braide CT-3"," - Suture, Vicryl 2-0  27"" Braide CT-3",J328H,GENERAL ,J328H,,36/BX,$57.47 ,1,0,0,,17,Total Tx Amt. $0.00
2, - CARDINAL HEALTH,1587,,,O,"$3,348.13 ",$0.00 ,8/6/2019,wbra,8/7/2019,wbra,1086, - Ligating Clip Hemoclip Medium, - Ligating Clip Hemoclip Medium,523700,,W523700,,10/BX,$135.61 ,1,0,0,,17,Total Tx Amt. $0.00
2, - CARDINAL HEALTH,1587,,,O,"$3,348.13 ",$0.00 ,8/6/2019,wbra,8/7/2019,wbra,127, - IV CATH INTROCAN 20X1, - IV CATH INTROCAN 20X1,629114,PACU    ,425254302A,,50/BX,$86.94 ,4,0,0,,17,Total Tx Amt. $0.00
2, - CARDINAL HEALTH,1587,,,O,"$3,348.13 ",$0.00 ,8/6/2019,wbra,8/7/2019,wbra,304, - TEST PACK BIOLOGICAL INDICATOR, - TEST PACK BIOLOGICAL INDICATOR,M1496V,,M1496V,,24/CS,$198.54 ,4,0,0,,17,Total Tx Amt. $0.00
2, - CARDINAL HEALTH,1587,,,O,"$3,348.13 ",$0.00 ,8/6/2019,wbra,8/7/2019,wbra,812, - Sterilization Record Envelpe Attest ETO, - Sterilization Record Envelpe Attest ETO,M1254E-A,STRL PRO,M1254E-A,,100/CS,$46.18 ,2,0,0,,17,Total Tx Amt. $0.00
2, - CARDINAL HEALTH,1587,,,O,"$3,348.13 ",$0.00 ,8/6/2019,wbra,8/7/2019,wbra,363, - CONTAINER SUCTION 3000ML, - CONTAINER SUCTION 3000ML,65651-230,GENERAL ,65651-230,,40/CS,$70.47 ,1,0,0,,17,Total Tx Amt. $0.00
2, - CARDINAL HEALTH,1587,,,O,"$3,348.13 ",$0.00 ,8/6/2019,wbra,8/7/2019,wbra,789, - IGel #3 laryngealmask airway, - IGel #3 laryngealmask airway,8203000,ANESTHE ,I8203030,,25/CT,$261.88 ,1,0,0,,17,Total Tx Amt. $0.00
2, - CARDINAL HEALTH,1587,,,O,"$3,348.13 ",$0.00 ,8/6/2019,wbra,8/7/2019,wbra,670," - ANES, AIRWAY, LMA IGEL 4"," - ANES, AIRWAY, LMA IGEL 4",8204000,ANESTHE ,I8204,,25/CS,$261.88 ,1,0,0,,17,Total Tx Amt. $0.00
2, - CARDINAL HEALTH,1587,,,O,"$3,348.13 ",$0.00 ,8/6/2019,wbra,8/7/2019,wbra,31, - DRAPE CYSTO PACK, - DRAPE CYSTO PACK,SPP99CY1AA,DRAPE   ,SPP99CY1AA,,6/CS,$118.62 ,2,0,0,,17,Total Tx Amt. $0.00
2, - CARDINAL HEALTH,1587,,,O,"$3,348.13 ",$0.00 ,8/6/2019,wbra,8/7/2019,wbra,542, - DRP PACK MINOR PROCEDURE, - DRP PACK MINOR PROCEDURE,SPP99MN7AA,DRAPE   ,SPP99MN7AA,,4/CS,$92.00 ,2,0,0,,17,Total Tx Amt. $0.00
2, - CARDINAL HEALTH,1587,,,O,"$3,348.13 ",$0.00 ,8/6/2019,wbra,8/7/2019,wbra,603, - DISINFECT CAVICIDE 1 MIN SURFACE CLEANER, - DISINFECT CAVICIDE 1 MIN SURFACE CLEANER,13-5024,HSKPNG  ,13-5024,,12/CS,$56.23 ,1,0,0,,17,Total Tx Amt. $0.00
2, - CARDINAL HEALTH,1587,,,O,"$3,348.13 ",$0.00 ,8/6/2019,wbra,8/7/2019,wbra,71, - GLOVE EXAM SMALL NITRILE, - GLOVE EXAM SMALL NITRILE,88TN02S,GENERAL ,88TN02S,,10/CS,$97.20 ,1,0,0,,17,Total Tx Amt. $0.00
2, - CARDINAL HEALTH,1587,,,O,"$3,348.13 ",$0.00 ,8/6/2019,wbra,8/7/2019,wbra,103, - GLOVE PROTEXIS PI 8 LATEX FREE, - GLOVE PROTEXIS PI 8 LATEX FREE,2D72PT80X,GENERAL ,2D72PT80X,,50/BX,$89.45 ,1,0,0,,17,Total Tx Amt. $0.00
2, - CARDINAL HEALTH,1587,,,O,"$3,348.13 ",$0.00 ,8/6/2019,wbra,8/7/2019,wbra,99, - GLOVE PROTEXIS PI 6 LATEX FREE, - GLOVE PROTEXIS PI 6 LATEX FREE,2D72PT60X,GENERAL ,2D72PT60X,,50/BX,$89.45 ,1,0,0,,17,Total Tx Amt. $0.00
2, - CARDINAL HEALTH,1587,,,O,"$3,348.13 ",$0.00 ,8/6/2019,wbra,8/7/2019,wbra,74, - GLOVE EXAM MEDIUM NITRILE, - GLOVE EXAM MEDIUM NITRILE,88TN03M,GENERAL ,88TN03M,,1/CS,$97.20 ,1,0,0,,17,Total Tx Amt. $0.00
2, - CARDINAL HEALTH,1587,,,O,"$3,348.13 ",$0.00 ,8/6/2019,wbra,8/7/2019,wbra,796," - King UltraFlex 72"" breathing circuit"," - King UltraFlex 72"" breathing circuit",,ANESTHE ,8753F6121Z,,30/BX,$199.55 ,2,0,0,,17,Total Tx Amt. $0.00
31, - NEOTRACT/ UROLIFT,1588,,,O,"$22,800.00 ",$0.00 ,8/6/2019,wbra,8/6/2019,wbra,665, - UROLIFT SYSTEM IMPLANT, - UROLIFT SYSTEM IMPLANT,UL400-4,GENERAL ,UL400-4,,4/CS,"$3,800.00 ",6,0,0,"Note, need 6 cases of 4ea for a total of 24.",1,Total Tx Amt. $0.00
8, - STERIS,1589,,,O,$476.83 ,$0.00 ,8/6/2019,wbra,8/7/2019,wbra,759, - Steris Printer Rolls, - Steris Printer Rolls,93929-020,STRL PRO,P093929-020,,1/BX,$13.18 ,2,0,0,,3,Total Tx Amt. $0.00
8, - STERIS,1589,,,O,$476.83 ,$0.00 ,8/6/2019,wbra,8/7/2019,wbra,523, - STERIS CELERITY 20HP BI, - STERIS CELERITY 20HP BI,LCB044,STRL PRO,LCB044,,25/BX,$311.25 ,1,0,0,,3,Total Tx Amt. $0.00
8, - STERIS,1589,,,O,$476.83 ,$0.00 ,8/6/2019,wbra,8/7/2019,wbra,801, - Revital0Ox ResertR60 Solution test strip, - Revital0Ox ResertR60 Solution test strip,PCC054,STRL PRO,PCC054,,2/CS,$69.61 ,2,0,0,,3,Total Tx Amt. $0.00
1, - MCKESSON,1590,,,O,"$1,714.39 ",$0.00 ,8/6/2019,wbra,8/9/2019,wbra,726," - SUPP, Y TUBING"," - SUPP, Y TUBING",2C4005,GENERAL ,200390,,12/BX,$121.28 ,2,0,0,,21,Total Tx Amt. $0.00
1, - MCKESSON,1590,,,O,"$1,714.39 ",$0.00 ,8/6/2019,wbra,8/9/2019,wbra,868," - Solidifier, Canister Express Maetrex"," - Solidifier, Canister Express Maetrex",50-5058,GENERAL ,444816,,20/BX,$333.28 ,1,0,0,,21,Total Tx Amt. $0.00
1, - MCKESSON,1590,,,O,"$1,714.39 ",$0.00 ,8/6/2019,wbra,8/9/2019,wbra,275, - PREP PAD CLEANER ALCOHOL, - PREP PAD CLEANER ALCOHOL,191089,PACU    ,191089,,EA,$1.43 ,3,0,0,,21,Total Tx Amt. $0.00
1, - MCKESSON,1590,,,O,"$1,714.39 ",$0.00 ,8/6/2019,wbra,8/9/2019,wbra,140, - FLUID NACL 3000ML, - FLUID NACL 3000ML,230132,GENERAL ,230132,,4/CS,$34.32 ,3,0,0,,21,Total Tx Amt. $0.00
1, - MCKESSON,1590,,,O,"$1,714.39 ",$0.00 ,8/6/2019,wbra,8/9/2019,wbra,421, - SYRINGE LL 20ML, - SYRINGE LL 20ML,1031802,,1031802,,100/BX,$19.80 ,2,0,0,,21,Total Tx Amt. $0.00
1, - MCKESSON,1590,,,O,"$1,714.39 ",$0.00 ,8/6/2019,wbra,8/9/2019,wbra,420, - SYRINGE LL 10ML, - SYRINGE LL 10ML,1031801,,1031801,,100/BX,$7.50 ,2,0,0,,21,Total Tx Amt. $0.00
1, - MCKESSON,1590,,,O,"$1,714.39 ",$0.00 ,8/6/2019,wbra,8/9/2019,wbra,764," - Mask, Face Surg Light Blue pleated with ties"," - Mask, Face Surg Light Blue pleated with ties",48100,GENERAL ,206484,,6/BX,$23.81 ,1,0,0,,21,Total Tx Amt. $0.00
1, - MCKESSON,1590,,,O,"$1,714.39 ",$0.00 ,8/6/2019,wbra,8/9/2019,wbra,754," - Nasal Canula, Flared tip"," - Nasal Canula, Flared tip",1104,PACU    ,37358,,50/CS,$18.57 ,2,0,0,,21,Total Tx Amt. $0.00
1, - MCKESSON,1590,,,O,"$1,714.39 ",$0.00 ,8/6/2019,wbra,8/9/2019,wbra,1087," - Pillow, bed pillow"," - Pillow, bed pillow",939590,,939590,,EA,$5.91 ,5,0,0,,21,Total Tx Amt. $0.00
1, - MCKESSON,1590,,,O,"$1,714.39 ",$0.00 ,8/6/2019,wbra,8/9/2019,wbra,632," - SHARPS, 18 GAL RED CONTAINER"," - SHARPS, 18 GAL RED CONTAINER",862336,HSKPNG  ,862336,,EA,$16.26 ,5,0,0,,21,Total Tx Amt. $0.00
1, - MCKESSON,1590,,,O,"$1,714.39 ",$0.00 ,8/6/2019,wbra,8/9/2019,wbra,379, - FLUID GEL ULTRASOUND 5000ML, - FLUID GEL ULTRASOUND 5000ML,227102,,227102,,EA,$15.11 ,1,0,0,,21,Total Tx Amt. $0.00
1, - MCKESSON,1590,,,O,"$1,714.39 ",$0.00 ,8/6/2019,wbra,8/9/2019,wbra,141, - FLUID NACL 500ML, - FLUID NACL 500ML,467132,GENERAL ,467132,,18/CS,$39.48 ,2,0,0,,21,Total Tx Amt. $0.00
1, - MCKESSON,1590,,,O,"$1,714.39 ",$0.00 ,8/6/2019,wbra,8/9/2019,wbra,20, - POSITIONER DONUT FOAM 9IN, - POSITIONER DONUT FOAM 9IN,40402,ANESTHE ,724301,,30/BX,$78.23 ,1,0,0,,21,Total Tx Amt. $0.00
1, - MCKESSON,1590,,,O,"$1,714.39 ",$0.00 ,8/6/2019,wbra,8/9/2019,wbra,624," - MED, OMNIPAQUE 300"," - MED, OMNIPAQUE 300",407141361,MEDS    ,533382,,10/BX,$57.83 ,2,0,0,,21,Total Tx Amt. $0.00
1, - MCKESSON,1590,,,O,"$1,714.39 ",$0.00 ,8/6/2019,wbra,8/9/2019,wbra,770," - liner, trash can 60 gal roll"," - liner, trash can 60 gal roll",980394,HSKPNG  ,980394,,20/CS,$27.84 ,2,0,0,,21,Total Tx Amt. $0.00
1, - MCKESSON,1590,,,O,"$1,714.39 ",$0.00 ,8/6/2019,wbra,8/9/2019,wbra,192, - MED LIDOCAINE 2% 50ML, - MED LIDOCAINE 2% 50ML,300448,HSKPNG  ,300448,,25/BX,$80.96 ,1,0,0,,21,Total Tx Amt. $0.00
1, - MCKESSON,1590,,,O,"$1,714.39 ",$0.00 ,8/6/2019,wbra,8/9/2019,wbra,849," - Lidocaine 1 % HCI Injection, USP 500mg/50ml Multi"," - Lidocaine 1 % HCI Injection, USP 500mg/50ml Multi",239936,,239936,,25/CT,$57.17 ,2,0,0,,21,Total Tx Amt. $0.00
1, - MCKESSON,1590,,,O,"$1,714.39 ",$0.00 ,8/6/2019,wbra,8/9/2019,wbra,136, - FLUID LR 1000ML, - FLUID LR 1000ML,515492,GENERAL ,515492,,14/CS,$31.21 ,2,0,0,,21,Total Tx Amt. $0.00
1, - MCKESSON,1590,,,O,"$1,714.39 ",$0.00 ,8/6/2019,wbra,8/9/2019,wbra,235, - NDL SPINAL 22X7, - NDL SPINAL 22X7,190450,MEDS    ,797482,,10/BX,$64.60 ,1,0,0,,21,Total Tx Amt. $0.00
1, - MCKESSON,1590,,,O,"$1,714.39 ",$0.00 ,8/6/2019,wbra,8/9/2019,wbra,142, - FLUID NACL 1000ML, - FLUID NACL 1000ML,515490,GENERAL ,515490,,14/CS,$29.99 ,2,0,0,,21,Total Tx Amt. $0.00
1, - MCKESSON,1590,,,O,"$1,714.39 ",$0.00 ,8/6/2019,wbra,8/9/2019,wbra,141, - FLUID NACL 500ML, - FLUID NACL 500ML,467132,GENERAL ,467132,,18/CS,$39.48 ,2,0,0,,21,Total Tx Amt. $0.00
3, - BOSTON SCIENTIFIC,1591,,,O,"$2,624.84 ",$0.00 ,8/6/2019,wbra,8/9/2019,wbra,548," - BASKET, BOSTON SCIENTIFIC, SEGURA 3FRX120X16MM"," - BASKET, BOSTON SCIENTIFIC, SEGURA 3FRX120X16MM",M0063801000,GENERAL ,M0063801000,,EA,$317.11 ,4,0,0,,4,Total Tx Amt. $0.00
3, - BOSTON SCIENTIFIC,1591,,,O,"$2,624.84 ",$0.00 ,8/6/2019,wbra,8/9/2019,wbra,1066," - Basket, Gemini 4wire Zero tip 120 cm"," - Basket, Gemini 4wire Zero tip 120 cm",m0063301080,GENERAL ,m0063301080,,EA,$317.11 ,2,0,0,,4,Total Tx Amt. $0.00
3, - BOSTON SCIENTIFIC,1591,,,O,"$2,624.84 ",$0.00 ,8/6/2019,wbra,8/9/2019,wbra,872, - Sten .035 dia Angle Tip Sensor Wire, - Sten .035 dia Angle Tip Sensor Wire,M0066703010,GENERAL ,M0066703010,,5/BX,$374.66 ,1,0,0,,4,Total Tx Amt. $0.00
3, - BOSTON SCIENTIFIC,1591,,,O,"$2,624.84 ",$0.00 ,8/6/2019,wbra,8/9/2019,wbra,598, - 8/10 DILATOR/SHEATH SET, - 8/10 DILATOR/SHEATH SET,M0062601200,GENERAL ,M0062601200,,EA,$86.88 ,4,0,0,,4,Total Tx Amt. $0.00
11, - RICHARD WOLF,1592,,,O,$414.00 ,$0.00 ,8/6/2019,wbra,8/7/2019,wbra,724," - STOPCOCK, RICHARD WOLF LUES LOCK CONNECTION"," - STOPCOCK, RICHARD WOLF LUES LOCK CONNECTION",884,STRL PRO,884,,EA,$69.00 ,6,0,0,,1,Total Tx Amt. $0.00
21, - BK Medical,1593,,,O,"$1,180.00 ",$0.00 ,8/7/2019,wbra,8/7/2019,wbra,723," - SUPP, ULTRASOUND GUIDE, BK"," - SUPP, ULTRASOUND GUIDE, BK",UA1322-S,GENERAL ,UA1322-S,,18/CS,$295.00 ,4,0,0,,1,Total Tx Amt. $0.00
33, - MEDTRONIC,1594,,,O,$940.00 ,$0.00 ,8/8/2019,wbra,8/8/2019,wbra,841, - Interstim Test Stimulation Lead Kit, - Interstim Test Stimulation Lead Kit,309101,GENERAL ,309101,,EA,$80.00 ,3,0,0,,2,Total Tx Amt. $0.00
33, - MEDTRONIC,1594,,,O,$940.00 ,$0.00 ,8/8/2019,wbra,8/8/2019,wbra,736," - IMP, INTERSTIM TEST STIM 353101"," - IMP, INTERSTIM TEST STIM 353101",353101,GENERAL ,353101,,EA,$350.00 ,2,0,0,,2,Total Tx Amt. $0.00
16, - OLYMPUS,1595,,,O,"$1,145.00 ",$0.00 ,8/8/2019,wbra,8/8/2019,wbra,528, - GLIDEWIRE 0.035 STR TIP STIFF OLYMPUS, - GLIDEWIRE 0.035 STR TIP STIFF OLYMPUS,UWS1035,GENERAL ,UWS1035,,5/BX,$405.00 ,2,0,0,,2,Total Tx Amt. $0.00
16, - OLYMPUS,1595,,,O,"$1,145.00 ",$0.00 ,8/8/2019,wbra,8/8/2019,wbra,588, - GLIDEWIRE 0.035 ANG TIP STIFF OLYMPUS, - GLIDEWIRE 0.035 ANG TIP STIFF OLYMPUS,UWS6035,GENERAL ,UWS6035,,5/BX,$335.00 ,1,0,0,,2,Total Tx Amt. $0.00
17, - HEALTHTRONICS MOBILE SOLUTIONS,1596,,,O,"$1,250.00 ",$0.00 ,8/8/2019,wbra,8/8/2019,wbra,529, - LASER FIBER HO 200 SINGLE USE, - LASER FIBER HO 200 SINGLE USE,95193,GENERAL ,95193,,EA,$125.00 ,10,0,0,,1,Total Tx Amt. $0.00
13, - CARE FUSION,1597,,,O,$494.02 ,$0.00 ,8/8/2019,wbra,8/8/2019,wbra,1088," - Instrument, Weighted Vaginal Speculum"," - Instrument, Weighted Vaginal Speculum",GL258,STRL PRO,GL258,,EA,$247.01 ,2,0,0,,1,Total Tx Amt. $0.00
2, - CARDINAL HEALTH,1598,,,O,"$2,557.60 ",$0.00 ,8/9/2019,wbra,8/9/2019,wbra,57, - GAUZE PETROLEUM 11X8, - GAUZE PETROLEUM 11X8,C-WMD18P,DRESSING,C-WMD18P,,50/BX,$42.85 ,2,0,0,,19,Total Tx Amt. $0.00
2, - CARDINAL HEALTH,1598,,,O,"$2,557.60 ",$0.00 ,8/9/2019,wbra,8/9/2019,wbra,422, - DISINFECT CAVIWIPE 1MIN, - DISINFECT CAVIWIPE 1MIN,MX13-1150,HSKPNG  ,MX13-1150,,12/BX,$64.95 ,1,0,0,,19,Total Tx Amt. $0.00
2, - CARDINAL HEALTH,1598,,,O,"$2,557.60 ",$0.00 ,8/9/2019,wbra,8/9/2019,wbra,619," - ANES, AIRWAY ORAL 90MM YELLOW"," - ANES, AIRWAY ORAL 90MM YELLOW",122790A,ANESTHE ,122790A,,10/BX,$9.82 ,1,0,0,,19,Total Tx Amt. $0.00
2, - CARDINAL HEALTH,1598,,,O,"$2,557.60 ",$0.00 ,8/9/2019,wbra,8/9/2019,wbra,31, - DRAPE CYSTO PACK, - DRAPE CYSTO PACK,SPP99CY1AA,DRAPE   ,SPP99CY1AA,,6/CS,$118.62 ,2,0,0,,19,Total Tx Amt. $0.00
2, - CARDINAL HEALTH,1598,,,O,"$2,557.60 ",$0.00 ,8/9/2019,wbra,8/9/2019,wbra,564, - ANES AIRWAY ORAL 100MM RED, - ANES AIRWAY ORAL 100MM RED,16-2101G,ANESTHE ,1227100A,,10/BX,$9.82 ,2,0,0,,19,Total Tx Amt. $0.00
2, - CARDINAL HEALTH,1598,,,O,"$2,557.60 ",$0.00 ,8/9/2019,wbra,8/9/2019,wbra,796," - King UltraFlex 72"" breathing circuit"," - King UltraFlex 72"" breathing circuit",,ANESTHE ,8753F6121Z,,30/BX,$199.55 ,2,0,0,,19,Total Tx Amt. $0.00
2, - CARDINAL HEALTH,1598,,,O,"$2,557.60 ",$0.00 ,8/9/2019,wbra,8/9/2019,wbra,281, - SOCK SLIPPER ADULT XL, - SOCK SLIPPER ADULT XL,68125-GRY,,68125-GRY,,48/BX,$33.01 ,3,0,0,,19,Total Tx Amt. $0.00
2, - CARDINAL HEALTH,1598,,,O,"$2,557.60 ",$0.00 ,8/9/2019,wbra,8/9/2019,wbra,670," - ANES, AIRWAY, LMA IGEL 4"," - ANES, AIRWAY, LMA IGEL 4",8204000,ANESTHE ,I8204,,25/CS,$261.88 ,2,0,0,,19,Total Tx Amt. $0.00
2, - CARDINAL HEALTH,1598,,,O,"$2,557.60 ",$0.00 ,8/9/2019,wbra,8/9/2019,wbra,404, - SUTURE CHROMIC 4-0 18IN P-3, - SUTURE CHROMIC 4-0 18IN P-3,1654G,,1654G,,12/BX,$72.97 ,1,0,0,,19,Total Tx Amt. $0.00
2, - CARDINAL HEALTH,1598,,,O,"$2,557.60 ",$0.00 ,8/9/2019,wbra,8/9/2019,wbra,134, - IV START KIT, - IV START KIT,01-9000A,GENERAL ,01-9000A,,100/CS,$100.00 ,1,0,0,,19,Total Tx Amt. $0.00
2, - CARDINAL HEALTH,1598,,,O,"$2,557.60 ",$0.00 ,8/9/2019,wbra,8/9/2019,wbra,544," - SPD, INDICATOR, ULTRASONIC"," - SPD, INDICATOR, ULTRASONIC",U501,STRL PRO,u501,,50/BX,$19.05 ,2,0,0,,19,Total Tx Amt. $0.00
2, - CARDINAL HEALTH,1598,,,O,"$2,557.60 ",$0.00 ,8/9/2019,wbra,8/9/2019,wbra,542, - DRP PACK MINOR PROCEDURE, - DRP PACK MINOR PROCEDURE,SPP99MN7AA,DRAPE   ,SPP99MN7AA,,4/CS,$92.00 ,2,0,0,,19,Total Tx Amt. $0.00
2, - CARDINAL HEALTH,1598,,,O,"$2,557.60 ",$0.00 ,8/9/2019,wbra,8/9/2019,wbra,363, - CONTAINER SUCTION 3000ML, - CONTAINER SUCTION 3000ML,65651-230,GENERAL ,65651-230,,40/CS,$70.47 ,1,0,0,,19,Total Tx Amt. $0.00
2, - CARDINAL HEALTH,1598,,,O,"$2,557.60 ",$0.00 ,8/9/2019,wbra,8/9/2019,wbra,409, - SUTURE MONOCRYL 4-0 18IN, - SUTURE MONOCRYL 4-0 18IN,Y496G,,Y496G,,12/BX,$69.64 ,3,0,0,,19,Total Tx Amt. $0.00
2, - CARDINAL HEALTH,1598,,,O,"$2,557.60 ",$0.00 ,8/9/2019,wbra,8/9/2019,wbra,26," - DRAPE SHEET, THREE QUARTER"," - DRAPE SHEET, THREE QUARTER",9349,ANESTHE ,9349,,20/CS,$29.43 ,1,0,0,,19,Total Tx Amt. $0.00
2, - CARDINAL HEALTH,1598,,,O,"$2,557.60 ",$0.00 ,8/9/2019,wbra,8/9/2019,wbra,372, - DRAPE TOWEL SURGICAL 4PK BLUE, - DRAPE TOWEL SURGICAL 4PK BLUE,28700-004,DRAPE   ,28700-004,,20/CS,$37.00 ,1,0,0,,19,Total Tx Amt. $0.00
2, - CARDINAL HEALTH,1598,,,O,"$2,557.60 ",$0.00 ,8/9/2019,wbra,8/9/2019,wbra,99, - GLOVE PROTEXIS PI 6 LATEX FREE, - GLOVE PROTEXIS PI 6 LATEX FREE,2D72PT60X,GENERAL ,2D72PT60X,,50/BX,$89.45 ,1,0,0,,19,Total Tx Amt. $0.00
2, - CARDINAL HEALTH,1598,,,O,"$2,557.60 ",$0.00 ,8/9/2019,wbra,8/9/2019,wbra,100, - GLOVE PROTEXIS PI 6.5 LATEX FREE, - GLOVE PROTEXIS PI 6.5 LATEX FREE,2D72PT65X,GENERAL ,2D72PT65X,,50/BX,$89.45 ,2,0,0,,19,Total Tx Amt. $0.00
2, - CARDINAL HEALTH,1598,,,O,"$2,557.60 ",$0.00 ,8/9/2019,wbra,8/9/2019,wbra,93, - MASK FOAM EYE SHIELD TIES BLUE, - MASK FOAM EYE SHIELD TIES BLUE,AT74635,GENERAL ,AT74635,,25/CS,$27.28 ,4,0,0,,19,Total Tx Amt. $0.00
1, - MCKESSON,1599,,,O,"$2,616.18 ",$0.00 ,8/9/2019,wbra,8/9/2019,wbra,710," - SUPP, NASAL CAN GAS SAMPLE 7'"," - SUPP, NASAL CAN GAS SAMPLE 7'",999489,ANESTHE ,999489,,25/CS,$42.19 ,2,0,0,,15,Total Tx Amt. $0.00
1, - MCKESSON,1599,,,O,"$2,616.18 ",$0.00 ,8/9/2019,wbra,8/9/2019,wbra,211, - MED PROPOFOL 20ML, - MED PROPOFOL 20ML,989562,IVSUPPLY,989562,,25/BX,$56.86 ,4,0,0,,15,Total Tx Amt. $0.00
1, - MCKESSON,1599,,,O,"$2,616.18 ",$0.00 ,8/9/2019,wbra,8/9/2019,wbra,833," - Mask, Anes size 6 Adult Elongated"," - Mask, Anes size 6 Adult Elongated",854706,ANESTHE ,854706,,30/BX,$46.88 ,2,0,0,,15,Total Tx Amt. $0.00
1, - MCKESSON,1599,,,O,"$2,616.18 ",$0.00 ,8/9/2019,wbra,8/9/2019,wbra,162, - MED ANCEF 1G, - MED ANCEF 1G,1107414,GLV/MSK ,1107414,,25/BX,$25.94 ,2,0,0,,15,Total Tx Amt. $0.00
1, - MCKESSON,1599,,,O,"$2,616.18 ",$0.00 ,8/9/2019,wbra,8/9/2019,wbra,135, - FLUID LR 1000ML, - FLUID LR 1000ML,208829,GENERAL ,208829,,12/CS,$38.66 ,2,0,0,,15,Total Tx Amt. $0.00
1, - MCKESSON,1599,,,O,"$2,616.18 ",$0.00 ,8/9/2019,wbra,8/9/2019,wbra,761, - Patien belong bags, - Patien belong bags,30421100,PACU    ,447753,,250/CS,$32.79 ,1,0,0,,15,Total Tx Amt. $0.00
1, - MCKESSON,1599,,,O,"$2,616.18 ",$0.00 ,8/9/2019,wbra,8/9/2019,wbra,846," - Albuterol, INH Proair HFA W/Counter 90 MCG"," - Albuterol, INH Proair HFA W/Counter 90 MCG",59310057922,ANESTHE ,830603,,EA,$77.84 ,10,0,0,,15,Total Tx Amt. $0.00
1, - MCKESSON,1599,,,O,"$2,616.18 ",$0.00 ,8/9/2019,wbra,8/9/2019,wbra,207, - MED ZOFRAN 2ML, - MED ZOFRAN 2ML,1113028,IVSUPPLY,1113028,,25/CT,$13.91 ,4,0,0,,15,Total Tx Amt. $0.00
1, - MCKESSON,1599,,,O,"$2,616.18 ",$0.00 ,8/9/2019,wbra,8/9/2019,wbra,907," - Meds, Ephedrine, AMP 50Mg/ml 1ml"," - Meds, Ephedrine, AMP 50Mg/ml 1ml",17478041510,ANESTHE ,1092978,,10/BX,$252.34 ,4,0,0,,15,Total Tx Amt. $0.00
1, - MCKESSON,1599,,,O,"$2,616.18 ",$0.00 ,8/9/2019,wbra,8/9/2019,wbra,830, - syringe/needle 3cc Blnt LL 18ga x 1 1/2, - syringe/needle 3cc Blnt LL 18ga x 1 1/2,305060,GENERAL ,459506,,100/BX,$16.85 ,3,0,0,,15,Total Tx Amt. $0.00
1, - MCKESSON,1599,,,O,"$2,616.18 ",$0.00 ,8/9/2019,wbra,8/9/2019,wbra,1089," - Meds,Labetalol HCI 5mg/ml MDV 20ml"," - Meds,Labetalol HCI 5mg/ml MDV 20ml",1079284,,1079284,,EA,$3.87 ,4,0,0,,15,Total Tx Amt. $0.00
1, - MCKESSON,1599,,,O,"$2,616.18 ",$0.00 ,8/9/2019,wbra,8/9/2019,wbra,420, - SYRINGE LL 10ML, - SYRINGE LL 10ML,1031801,,1031801,,100/BX,$7.50 ,2,0,0,,15,Total Tx Amt. $0.00
1, - MCKESSON,1599,,,O,"$2,616.18 ",$0.00 ,8/9/2019,wbra,8/9/2019,wbra,421, - SYRINGE LL 20ML, - SYRINGE LL 20ML,1031802,,1031802,,100/BX,$19.80 ,2,0,0,,15,Total Tx Amt. $0.00
1, - MCKESSON,1599,,,O,"$2,616.18 ",$0.00 ,8/9/2019,wbra,8/9/2019,wbra,418, - SYRINGE LL 60ML NS, - SYRINGE LL 60ML NS,102-S60C,,869662,,25/CT,$8.29 ,1,0,0,,15,Total Tx Amt. $0.00
1, - MCKESSON,1599,,,O,"$2,616.18 ",$0.00 ,8/9/2019,wbra,8/9/2019,wbra,717, - SAFETY GLASSES, - SAFETY GLASSES,765740,GLV/MSK ,765740,,20/BX,$76.29 ,1,0,0,,15,Total Tx Amt. $0.00
15, - TELEFLEX/ARROW,1600,,,O,$606.00 ,$0.00 ,8/9/2019,wbra,8/9/2019,wbra,519, - ANES LMA 4 EVO, - ANES LMA 4 EVO,1D2040,ANESTHE ,1D2040,,10/BX,$151.50 ,4,0,0,,1,Total Tx Amt. $0.00
32, - RICAHRDS MEDICAL,1601,,,O,$215.00 ,$0.00 ,8/9/2019,wbra,8/9/2019,wbra,666," - TRY, SINGLE SHOT EPIDURAL 18Ga"," - TRY, SINGLE SHOT EPIDURAL 18Ga",3404388,ANESTHE ,3404388,,10/CS,$215.00 ,1,0,0,,1,Total Tx Amt. $0.00
23, - COLOPLAST,1602,,,O,"$3,132.00 ",$0.00 ,8/9/2019,wbra,8/9/2019,wbra,657," - IMPLANT, TUTOPERICARDIUM 6X6"," - IMPLANT, TUTOPERICARDIUM 6X6",93-8266,GENERAL ,93-8266,,EA,"$1,566.00 ",2,0,0,,1,Total Tx Amt. $0.00
13, - CARE FUSION,1603,,,O,$355.58 ,$0.00 ,8/9/2019,wbra,8/16/2019,wbra,1090," - Instrument, Mayo Straight Scissors"," - Instrument, Mayo Straight Scissors",SU1804,,SU1804,,EA,$68.06 ,4,0,0,,2,Total Tx Amt. $0.00
13, - CARE FUSION,1603,,,O,$355.58 ,$0.00 ,8/9/2019,wbra,8/16/2019,wbra,1097," - Instrument, Babcock"," - Instrument, Babcock",SU5000,,SU5000,,EA,$41.67 ,2,0,0,,2,Total Tx Amt. $0.00
35, - MINDRAY,1604,,,O,$0.00 ,$0.00 ,8/9/2019,wbra,8/9/2019,wbra,1091," - ANES, Water Trap, Dryline II  Passport 12"," - ANES, Water Trap, Dryline II  Passport 12",115043024-00,ANESTHE ,115043024-00,,10/BX,$0.00 ,1,0,0,,1,Total Tx Amt. $0.00
26, - CUSTOM MEDICAL SPECILTIES,1605,,,O,$258.00 ,$0.00 ,8/9/2019,wbra,8/9/2019,wbra,637," - BAG, DRAIN SURGICAL TABLE"," - BAG, DRAIN SURGICAL TABLE",CMS-999,GENERAL ,CMS-999,,20/CS,$129.00 ,2,0,0,,1,Total Tx Amt. $0.00
4, - COOK MEDICAL,1606,,,O,"$1,530.24 ",$0.00 ,8/9/2019,wbra,8/9/2019,wbra,639," - COOK, NCIRCLE NITINOL TIPLESS STONE EXTRACTOR"," - COOK, NCIRCLE NITINOL TIPLESS STONE EXTRACTOR",G46206,GENERAL ,G46206,,EA,$194.00 ,1,0,0,,7,Total Tx Amt. $0.00
4, - COOK MEDICAL,1606,,,O,"$1,530.24 ",$0.00 ,8/9/2019,wbra,8/9/2019,wbra,460, - COOK URETERAL STENT FIRM UNIVERSA, - COOK URETERAL STENT FIRM UNIVERSA,G23407,GENERAL ,G23407,,EA,$49.50 ,3,0,0,,7,Total Tx Amt. $0.00
4, - COOK MEDICAL,1606,,,O,"$1,530.24 ",$0.00 ,8/9/2019,wbra,8/9/2019,wbra,458, - COOK URETERAL STENT FIRM UNIVERSA, - COOK URETERAL STENT FIRM UNIVERSA,G23405,GENERAL ,G23405,,EA,$49.50 ,10,0,0,,7,Total Tx Amt. $0.00
4, - COOK MEDICAL,1606,,,O,"$1,530.24 ",$0.00 ,8/9/2019,wbra,8/9/2019,wbra,468, - COOK URETERAL STENT UNIVERSA FIRM 6X22, - COOK URETERAL STENT UNIVERSA FIRM 6X22,G23404,GENERAL ,G23404,,EA,$49.50 ,3,0,0,,7,Total Tx Amt. $0.00
4, - COOK MEDICAL,1606,,,O,"$1,530.24 ",$0.00 ,8/9/2019,wbra,8/9/2019,wbra,459, - COOK URETERAL STENT FIRM UNIVERSA, - COOK URETERAL STENT FIRM UNIVERSA,G23406,GENERAL ,G23406,,EA,$49.50 ,6,0,0,,7,Total Tx Amt. $0.00
4, - COOK MEDICAL,1606,,,O,"$1,530.24 ",$0.00 ,8/9/2019,wbra,8/9/2019,wbra,545, - COOK URETERAL STENT UNIVERSAL FIRM 5X28, - COOK URETERAL STENT UNIVERSAL FIRM 5X28,G49867,GENERAL ,G49867,,EA,$78.30 ,2,0,0,,7,Total Tx Amt. $0.00
4, - COOK MEDICAL,1606,,,O,"$1,530.24 ",$0.00 ,8/9/2019,wbra,8/9/2019,wbra,465, - COOK OPEN-END URETERAL CATH 5Fr, - COOK OPEN-END URETERAL CATH 5Fr,G14274,GENERAL ,G14274,,10/BX,$90.64 ,1,0,0,,7,Total Tx Amt. $0.00
19, - STRAND DX,1608,,,O,$0.03 ,$0.00 ,8/9/2019,wbra,8/9/2019,wbra,563," - BIOPSY KIT, KNOW ERROR"," - BIOPSY KIT, KNOW ERROR",KIT,GENERAL ,KIT,,12/BX,$0.01 ,3,0,0,,1,Total Tx Amt. $0.00
1, - MCKESSON,1609,,,O,"$3,480.61 ",$0.00 ,8/15/2019,wbra,8/15/2019,wbra,, - 10 gal clear trash can liner 682408, - 10 gal clear trash can liner 682408,,,,,20/BX,$16.41 ,2,0,0,,25,Total Tx Amt. $0.00
1, - MCKESSON,1609,,,O,"$3,480.61 ",$0.00 ,8/15/2019,wbra,8/15/2019,wbra,, - Trash Can Liner 24 x 33  835858, - Trash Can Liner 24 x 33  835858,,,,,100/BX,$29.79 ,1,0,0,,25,Total Tx Amt. $0.00
1, - MCKESSON,1609,,,O,"$3,480.61 ",$0.00 ,8/15/2019,wbra,8/15/2019,wbra,870," - GENTAMICIN SULFATE, MDV 40MG/ML 2ML"," - GENTAMICIN SULFATE, MDV 40MG/ML 2ML",401954,MEDS    ,401954,,25/BX,$99.50 ,2,0,0,,25,Total Tx Amt. $0.00
1, - MCKESSON,1609,,,O,"$3,480.61 ",$0.00 ,8/15/2019,wbra,8/15/2019,wbra,740," - MEDS, VANCOMYCIN 500MG SDV"," - MEDS, VANCOMYCIN 500MG SDV",45265,MEDS    ,1078985,,10/BX,$37.08 ,2,0,0,,25,Total Tx Amt. $0.00
1, - MCKESSON,1609,,,O,"$3,480.61 ",$0.00 ,8/15/2019,wbra,8/15/2019,wbra,268, - MARKER SKIN MINI NS, - MARKER SKIN MINI NS,1042455,MEDS    ,1042455,,100/BX,$33.13 ,2,0,0,,25,Total Tx Amt. $0.00
1, - MCKESSON,1609,,,O,"$3,480.61 ",$0.00 ,8/15/2019,wbra,8/15/2019,wbra,1034," - Bandage, Sterile conforming 2"""," - Bandage, Sterile conforming 2""",999367,GENERAL ,999367,,12/BX,$1.65 ,2,0,0,,25,Total Tx Amt. $0.00
1, - MCKESSON,1609,,,O,"$3,480.61 ",$0.00 ,8/15/2019,wbra,8/15/2019,wbra,52, - PAD TELFA 3X8, - PAD TELFA 3X8,1238-,DRESSING,9924,,50/BX,$3.34 ,3,0,0,,25,Total Tx Amt. $0.00
1, - MCKESSON,1609,,,O,"$3,480.61 ",$0.00 ,8/15/2019,wbra,8/15/2019,wbra,140, - FLUID NACL 3000ML, - FLUID NACL 3000ML,230132,GENERAL ,230132,,4/CS,$34.32 ,4,0,0,,25,Total Tx Amt. $0.00
1, - MCKESSON,1609,,,O,"$3,480.61 ",$0.00 ,8/15/2019,wbra,8/15/2019,wbra,148, - FLUID WATER 500ML BOTTLE, - FLUID WATER 500ML BOTTLE,161730,GENERAL ,161730,,16/cs,$28.50 ,4,0,0,,25,Total Tx Amt. $0.00
1, - MCKESSON,1609,,,O,"$3,480.61 ",$0.00 ,8/15/2019,wbra,8/15/2019,wbra,726," - SUPP, Y TUBING"," - SUPP, Y TUBING",2C4005,GENERAL ,200390,,12/BX,$121.28 ,2,0,0,,25,Total Tx Amt. $0.00
1, - MCKESSON,1609,,,O,"$3,480.61 ",$0.00 ,8/15/2019,wbra,8/15/2019,wbra,348, - CAUTERY TIP NDL, - CAUTERY TIP NDL,ES02,GENERAL ,275608,,25/BX,$45.75 ,2,0,0,,25,Total Tx Amt. $0.00
1, - MCKESSON,1609,,,O,"$3,480.61 ",$0.00 ,8/15/2019,wbra,8/15/2019,wbra,189, - MED TORADOL 1ML, - MED TORADOL 1ML,333340,HSKPNG  ,1081340,,25/BX,$36.47 ,2,0,0,,25,Total Tx Amt. $0.00
1, - MCKESSON,1609,,,O,"$3,480.61 ",$0.00 ,8/15/2019,wbra,8/15/2019,wbra,123, - TOWEL PAPER C-FOLD, - TOWEL PAPER C-FOLD,1040599,GENERAL ,1040599,,1/CS,$18.08 ,2,0,0,,25,Total Tx Amt. $0.00
1, - MCKESSON,1609,,,O,"$3,480.61 ",$0.00 ,8/15/2019,wbra,8/15/2019,wbra,178, - MED LASIX 4ML, - MED LASIX 4ML,00409-6102-04,GLV/MSK ,1029033,,25/BX,$85.14 ,2,0,0,,25,Total Tx Amt. $0.00
1, - MCKESSON,1609,,,O,"$3,480.61 ",$0.00 ,8/15/2019,wbra,8/15/2019,wbra,209, - MED PHENYLEPHRINE 10MG/ML, - MED PHENYLEPHRINE 10MG/ML,836006,IVSUPPLY,836006,,25/BX,$177.68 ,2,0,0,,25,Total Tx Amt. $0.00
1, - MCKESSON,1609,,,O,"$3,480.61 ",$0.00 ,8/15/2019,wbra,8/15/2019,wbra,743, - EKG Monitor Button Red Dot, - EKG Monitor Button Red Dot,2560,ANESTHE ,199314,,50/CS,$164.65 ,1,0,0,,25,Total Tx Amt. $0.00
1, - MCKESSON,1609,,,O,"$3,480.61 ",$0.00 ,8/15/2019,wbra,8/15/2019,wbra,710," - SUPP, NASAL CAN GAS SAMPLE 7'"," - SUPP, NASAL CAN GAS SAMPLE 7'",999489,ANESTHE ,999489,,25/CS,$42.19 ,2,0,0,,25,Total Tx Amt. $0.00
1, - MCKESSON,1609,,,O,"$3,480.61 ",$0.00 ,8/15/2019,wbra,8/15/2019,wbra,211, - MED PROPOFOL 20ML, - MED PROPOFOL 20ML,989562,IVSUPPLY,989562,,25/BX,$56.86 ,2,0,0,,25,Total Tx Amt. $0.00
1, - MCKESSON,1609,,,O,"$3,480.61 ",$0.00 ,8/15/2019,wbra,8/15/2019,wbra,254, - CUP DENTURE, - CUP DENTURE,1028136,PACU    ,1028136,,250/CS,$41.19 ,1,0,0,,25,Total Tx Amt. $0.00
1, - MCKESSON,1609,,,O,"$3,480.61 ",$0.00 ,8/15/2019,wbra,8/15/2019,wbra,," - Alcohol, Isopropyl"," - Alcohol, Isopropyl",,,,,ea,$1.32 ,2,0,0,,25,Total Tx Amt. $0.00
1, - MCKESSON,1609,,,O,"$3,480.61 ",$0.00 ,8/15/2019,wbra,8/15/2019,wbra,228, - NDL CHIBA 20G, - NDL CHIBA 20G,CNM-2008,IVSUPPLY,629155,,10/BX,$81.23 ,5,0,0,,25,Total Tx Amt. $0.00
1, - MCKESSON,1609,,,O,"$3,480.61 ",$0.00 ,8/15/2019,wbra,8/15/2019,wbra,15, - ANES ADULT MASK SIZE 5, - ANES ADULT MASK SIZE 5,204234,ANESTHE ,204234,,50/CS,$88.77 ,1,0,0,,25,Total Tx Amt. $0.00
1, - MCKESSON,1609,,,O,"$3,480.61 ",$0.00 ,8/15/2019,wbra,8/15/2019,wbra,136, - FLUID LR 1000ML, - FLUID LR 1000ML,515492,GENERAL ,515492,,14/CS,$31.21 ,2,0,0,,25,Total Tx Amt. $0.00
1, - MCKESSON,1609,,,O,"$3,480.61 ",$0.00 ,8/15/2019,wbra,8/15/2019,wbra,137, - FLUID LR 500ML, - FLUID LR 500ML,186663,GENERAL ,186663,,24/CS,$55.43 ,2,0,0,,25,Total Tx Amt. $0.00
1, - MCKESSON,1609,,,O,"$3,480.61 ",$0.00 ,8/15/2019,wbra,8/15/2019,wbra,699," - MED, SEVOFLURANE INHAL"," - MED, SEVOFLURANE INHAL",6679401525,MEDS    ,779244,,EA,$128.40 ,6,0,0,,25,Total Tx Amt. $0.00
2, - CARDINAL HEALTH,1610,,,O,"$2,044.05 ",$0.00 ,8/15/2019,wbra,8/16/2019,wbra,1025, - Hydrox Isopropyll Rubbing Alcohol  16 oz, - Hydrox Isopropyll Rubbing Alcohol  16 oz,HDX22CMC,STRL PRO,HDX22CMC,,EA,$1.85 ,6,0,0,,16,Total Tx Amt. $0.00
2, - CARDINAL HEALTH,1610,,,O,"$2,044.05 ",$0.00 ,8/15/2019,wbra,8/16/2019,wbra,1092," - Mask, N-95 Flat Fold Repirator/Surgical mask"," - Mask, N-95 Flat Fold Repirator/Surgical mask",USA-N95-S,,USA-N95-S,,50/BX,$44.81 ,1,0,0,,16,Total Tx Amt. $0.00
2, - CARDINAL HEALTH,1610,,,O,"$2,044.05 ",$0.00 ,8/15/2019,wbra,8/16/2019,wbra,55, - GAUZE 4X4 NS PKG, - GAUZE 4X4 NS PKG,C-NSG4412zs,DRESSING,C-NSG4412ZS,,125/PK,$54.38 ,1,0,0,,16,Total Tx Amt. $0.00
2, - CARDINAL HEALTH,1610,,,O,"$2,044.05 ",$0.00 ,8/15/2019,wbra,8/16/2019,wbra,967," - Tape, Durapore 2"" Silk Tape, 3M"," - Tape, Durapore 2"" Silk Tape, 3M",1538-2,GENERAL ,M1538-2,,6/BX,$7.91 ,2,0,0,,16,Total Tx Amt. $0.00
2, - CARDINAL HEALTH,1610,,,O,"$2,044.05 ",$0.00 ,8/15/2019,wbra,8/16/2019,wbra,101, - GLOVE PROTEXIS PI 7 LATEX FREE, - GLOVE PROTEXIS PI 7 LATEX FREE,2D72PT70X,GENERAL ,2D72PT70X,,50/BX,$89.45 ,1,0,0,,16,Total Tx Amt. $0.00
2, - CARDINAL HEALTH,1610,,,O,"$2,044.05 ",$0.00 ,8/15/2019,wbra,8/16/2019,wbra,102, - GLOVE PROTEXIS PI 7.5 LATEX FREE, - GLOVE PROTEXIS PI 7.5 LATEX FREE,2D72PT75X,GENERAL ,2D72PT75X,,50/BX,$89.45 ,1,0,0,,16,Total Tx Amt. $0.00
2, - CARDINAL HEALTH,1610,,,O,"$2,044.05 ",$0.00 ,8/15/2019,wbra,8/16/2019,wbra,604," - SURGICAL CAP, BOUFANT"," - SURGICAL CAP, BOUFANT",3274,GLV/MSK ,3274,,10/CS,$62.15 ,1,0,0,,16,Total Tx Amt. $0.00
2, - CARDINAL HEALTH,1610,,,O,"$2,044.05 ",$0.00 ,8/15/2019,wbra,8/16/2019,wbra,298, - PREP TRAY IODINE STERILE, - PREP TRAY IODINE STERILE,Nov-08,,Nov-08,,20/CS,$77.40 ,2,0,0,,16,Total Tx Amt. $0.00
2, - CARDINAL HEALTH,1610,,,O,"$2,044.05 ",$0.00 ,8/15/2019,wbra,8/16/2019,wbra,684," - GOWN, LG AAMI 4 SMART SLEEVE (LEVINE)"," - GOWN, LG AAMI 4 SMART SLEEVE (LEVINE)",9011,GENERAL ,9011,,20/CS,$63.77 ,1,0,0,,16,Total Tx Amt. $0.00
2, - CARDINAL HEALTH,1610,,,O,"$2,044.05 ",$0.00 ,8/15/2019,wbra,8/16/2019,wbra,70, - GLOVE EXAM LARGE NITRILE, - GLOVE EXAM LARGE NITRILE,88TN04L,GENERAL ,88TN04L,,10/CS,$97.20 ,1,0,0,,16,Total Tx Amt. $0.00
2, - CARDINAL HEALTH,1610,,,O,"$2,044.05 ",$0.00 ,8/15/2019,wbra,8/16/2019,wbra,323, - WRAP DOUBLE LAYER 36X36, - WRAP DOUBLE LAYER 36X36,CH5G0036,,CH5G0036,,75/PK,$121.13 ,2,0,0,,16,Total Tx Amt. $0.00
2, - CARDINAL HEALTH,1610,,,O,"$2,044.05 ",$0.00 ,8/15/2019,wbra,8/16/2019,wbra,305, - TEST PACK BOWIE DICK, - TEST PACK BOWIE DICK,00135ls,STRL PRO,M00135LF,,30/CS,$107.47 ,1,0,0,,16,Total Tx Amt. $0.00
2, - CARDINAL HEALTH,1610,,,O,"$2,044.05 ",$0.00 ,8/15/2019,wbra,8/16/2019,wbra,1093," - Pain Pack, Standard"," - Pain Pack, Standard",34PAIN06,,34PAIN06,,10/BX,$609.00 ,1,0,0,,16,Total Tx Amt. $0.00
2, - CARDINAL HEALTH,1610,,,O,"$2,044.05 ",$0.00 ,8/15/2019,wbra,8/16/2019,wbra,31, - DRAPE CYSTO PACK, - DRAPE CYSTO PACK,SPP99CY1AA,DRAPE   ,SPP99CY1AA,,6/CS,$118.62 ,2,0,0,,16,Total Tx Amt. $0.00
2, - CARDINAL HEALTH,1610,,,O,"$2,044.05 ",$0.00 ,8/15/2019,wbra,8/16/2019,wbra,778, - Suture Vicyrl 2-0 70 cm, - Suture Vicyrl 2-0 70 cm,J417H,,J417H,,12/BX,$18.32 ,3,0,0,,16,Total Tx Amt. $0.00
2, - CARDINAL HEALTH,1610,,,O,"$2,044.05 ",$0.00 ,8/15/2019,wbra,8/16/2019,wbra,405, - SUTURE CHROMIC 3-0 SH 27IN, - SUTURE CHROMIC 3-0 SH 27IN,G122H,,G122H,,36/BX,$110.19 ,1,0,0,,16,Total Tx Amt. $0.00
14, - BARD,1611,,,O,$198.24 ,$0.00 ,8/15/2019,wbra,8/15/2019,wbra,1094," - Cath, 18 Fr Counci Tip Foley"," - Cath, 18 Fr Counci Tip Foley",0196L18,,0196L18,,12/BX,$198.24 ,1,0,0,,1,Total Tx Amt. $0.00
3, - BOSTON SCIENTIFIC,1612,,,O,"$3,845.15 ",$0.00 ,8/15/2019,wbra,8/16/2019,wbra,642," - SLING, OBTRYX CURVED"," - SLING, OBTRYX CURVED",M0068504000,GENERAL ,M0068504000,,EA,$888.03 ,1,0,0,,4,Total Tx Amt. $0.00
3, - BOSTON SCIENTIFIC,1612,,,O,"$3,845.15 ",$0.00 ,8/15/2019,wbra,8/16/2019,wbra,645," - BASKET, ZERO TIP 1.9FR X 120CM BOSTON"," - BASKET, ZERO TIP 1.9FR X 120CM BOSTON",M0063901050,GENERAL ,M0063901050,,EA,$348.60 ,5,0,0,,4,Total Tx Amt. $0.00
3, - BOSTON SCIENTIFIC,1612,,,O,"$3,845.15 ",$0.00 ,8/15/2019,wbra,8/16/2019,wbra,446, - BOSTON SCI WIRE GUIDE SENSOR .035 STR, - BOSTON SCI WIRE GUIDE SENSOR .035 STR,M0066703081,GENERAL ,M0066703081,,5/BX,$374.66 ,2,0,0,,4,Total Tx Amt. $0.00
3, - BOSTON SCIENTIFIC,1612,,,O,"$3,845.15 ",$0.00 ,8/15/2019,wbra,8/16/2019,wbra,546, - UROMAX BALLOON KIT 15FR X 4CM, - UROMAX BALLOON KIT 15FR X 4CM,M0062251210,GENERAL ,m0062251210,,1/KT,$464.80 ,1,0,0,,4,Total Tx Amt. $0.00
23, - COLOPLAST,1613,,,O,$732.00 ,$0.00 ,8/15/2019,wbra,8/16/2019,wbra,601," - SLING, FEMALE ARIS TRANSOBTURATOR KIT"," - SLING, FEMALE ARIS TRANSOBTURATOR KIT",93-4400,GENERAL ,93-4400,,EA,$732.00 ,1,0,0,,1,Total Tx Amt. $0.00
23, - COLOPLAST,1614,,,O,"$10,321.00 ",$0.00 ,8/16/2019,wbra,8/16/2019,wbra,899," - Impl, Assembly Kit"," - Impl, Assembly Kit",91-9480SC,,91-9480SC,,EA,$486.00 ,1,0,0,Batch Code 6781712,4,Total Tx Amt. $0.00
23, - COLOPLAST,1614,,,O,"$10,321.00 ",$0.00 ,8/16/2019,wbra,8/16/2019,wbra,808," - IMP, TITAN RESERVOIR ECLD 125CC"," - IMP, TITAN RESERVOIR ECLD 125CC",ER8125,GENERAL ,ER8125,,EA,"$1,771.00 ",1,0,0,Batch Code 6773368,4,Total Tx Amt. $0.00
23, - COLOPLAST,1614,,,O,"$10,321.00 ",$0.00 ,8/16/2019,wbra,8/16/2019,wbra,1095," - Imp, Titan Cylinder Set, Zero Angle"," - Imp, Titan Cylinder Set, Zero Angle",E17924,,E17924,,EA,"$4,032.00 ",1,0,0,Batch Code 6125001,4,Total Tx Amt. $0.00
23, - COLOPLAST,1614,,,O,"$10,321.00 ",$0.00 ,8/16/2019,wbra,8/16/2019,wbra,1096," - Imp, Touch Pump"," - Imp, Touch Pump",517750,,517750,,EA,"$4,032.00 ",1,0,0,Batch Code 6781644,4,Total Tx Amt. $0.00
11, - RICHARD WOLF,1615,,,O,$441.45 ,$0.00 ,8/16/2019,wbra,8/16/2019,wbra,719, - E-LINE KNIFE ELECTRODE 22-25FR MONO, - E-LINE KNIFE ELECTRODE 22-25FR MONO,8423.1905,GENERAL ,8423.1905,,5/BX,$441.45 ,1,0,0,,1,Total Tx Amt. $0.00
1, - MCKESSON,1616,,,O,$922.45 ,$0.00 ,8/16/2019,wbra,8/16/2019,wbra,695," - NDL, BUTTERFLY 21G"," - NDL, BUTTERFLY 21G",4665,NEEDLES ,4665,,50/BX,$33.13 ,1,0,0,,10,Total Tx Amt. $0.00
1, - MCKESSON,1616,,,O,$922.45 ,$0.00 ,8/16/2019,wbra,8/16/2019,wbra,152, - FLUID WATER 1000ML, - FLUID WATER 1000ML,513059,GENERAL ,513059,,14/CS,$56.50 ,3,0,0,,10,Total Tx Amt. $0.00
1, - MCKESSON,1616,,,O,$922.45 ,$0.00 ,8/16/2019,wbra,8/16/2019,wbra,151, - FLUID WATER 3000ML, - FLUID WATER 3000ML,200388,GLV/MSK ,200388,,4/CS,$33.79 ,4,0,0,,10,Total Tx Amt. $0.00
1, - MCKESSON,1616,,,O,$922.45 ,$0.00 ,8/16/2019,wbra,8/16/2019,wbra,624," - MED, OMNIPAQUE 300"," - MED, OMNIPAQUE 300",407141361,MEDS    ,533382,,10/BX,$57.83 ,2,0,0,,10,Total Tx Amt. $0.00
1, - MCKESSON,1616,,,O,$922.45 ,$0.00 ,8/16/2019,wbra,8/16/2019,wbra,1042," - Meds, Methylprednisolone 40mg/ml"," - Meds, Methylprednisolone 40mg/ml",514379,IVSUPPLY,514379,,25/BX,$182.96 ,1,0,0,,10,Total Tx Amt. $0.00
1, - MCKESSON,1616,,,O,$922.45 ,$0.00 ,8/16/2019,wbra,8/16/2019,wbra,830, - syringe/needle 3cc Blnt LL 18ga x 1 1/2, - syringe/needle 3cc Blnt LL 18ga x 1 1/2,305060,GENERAL ,459506,,100/BX,$16.85 ,2,0,0,,10,Total Tx Amt. $0.00
1, - MCKESSON,1616,,,O,$922.45 ,$0.00 ,8/16/2019,wbra,8/16/2019,wbra,285, - TEST PREG CASSETTE, - TEST PREG CASSETTE,5001,,949871,,25/BX,$20.31 ,2,0,0,,10,Total Tx Amt. $0.00
1, - MCKESSON,1616,,,O,$922.45 ,$0.00 ,8/16/2019,wbra,8/16/2019,wbra,140, - FLUID NACL 3000ML, - FLUID NACL 3000ML,230132,GENERAL ,230132,,4/CS,$34.32 ,3,0,0,,10,Total Tx Amt. $0.00
1, - MCKESSON,1616,,,O,$922.45 ,$0.00 ,8/16/2019,wbra,8/16/2019,wbra,632," - SHARPS, 18 GAL RED CONTAINER"," - SHARPS, 18 GAL RED CONTAINER",862336,HSKPNG  ,862336,,EA,$16.26 ,6,0,0,,10,Total Tx Amt. $0.00
1, - MCKESSON,1616,,,O,$922.45 ,$0.00 ,8/16/2019,wbra,8/16/2019,wbra,229, - NDL HYPO 18X1.5, - NDL HYPO 18X1.5,1031789,IVS     ,1031789,,100/BX,$2.80 ,4,0,0,,10,Total Tx Amt. $0.00
4, - COOK MEDICAL,1617,,,O,"$1,793.78 ",$0.00 ,8/16/2019,wbra,8/16/2019,wbra,455, - COOK URETERAL STENT FIRM UNIVERSA 5FR X 24, - COOK URETERAL STENT FIRM UNIVERSA 5FR X 24,G23397,GENERAL ,G23397,,EA,$49.50 ,3,0,0,,7,Total Tx Amt. $0.00
4, - COOK MEDICAL,1617,,,O,"$1,793.78 ",$0.00 ,8/16/2019,wbra,8/16/2019,wbra,456, - COOK URETERAL STENT FIRM UNIVERSA 5FR X 26, - COOK URETERAL STENT FIRM UNIVERSA 5FR X 26,G23398,GENERAL ,G23398,,EA,$49.50 ,4,0,0,,7,Total Tx Amt. $0.00
4, - COOK MEDICAL,1617,,,O,"$1,793.78 ",$0.00 ,8/16/2019,wbra,8/16/2019,wbra,1098," - Stent, 5 x 28 Universal Firm Stent Set"," - Stent, 5 x 28 Universal Firm Stent Set",G23399,,G23399,,EA,$49.50 ,2,0,0,,7,Total Tx Amt. $0.00
4, - COOK MEDICAL,1617,,,O,"$1,793.78 ",$0.00 ,8/16/2019,wbra,8/16/2019,wbra,985, - COOK STENT 7 x 22 Universal, - COOK STENT 7 x 22 Universal,G23413,,G23413,,EA,$49.50 ,2,0,0,,7,Total Tx Amt. $0.00
4, - COOK MEDICAL,1617,,,O,"$1,793.78 ",$0.00 ,8/16/2019,wbra,8/16/2019,wbra,439, - COOK TIPLESS STONE EXTRACTOR 2.2 x 115, - COOK TIPLESS STONE EXTRACTOR 2.2 x 115,G18778,GENERAL ,G18778,,EA,$174.00 ,2,0,0,,7,Total Tx Amt. $0.00
4, - COOK MEDICAL,1617,,,O,"$1,793.78 ",$0.00 ,8/16/2019,wbra,8/16/2019,wbra,440, - COOK WIRE GUIDE MOTION .035 STRAIGHT, - COOK WIRE GUIDE MOTION .035 STRAIGHT,G44846,GENERAL ,G44846,,5/BX,$240.00 ,3,0,0,,7,Total Tx Amt. $0.00
4, - COOK MEDICAL,1617,,,O,"$1,793.78 ",$0.00 ,8/16/2019,wbra,8/16/2019,wbra,465, - COOK OPEN-END URETERAL CATH 5Fr, - COOK OPEN-END URETERAL CATH 5Fr,G14274,GENERAL ,G14274,,10/BX,$90.64 ,2,0,0,,7,Total Tx Amt. $0.00
23, - COLOPLAST,1618,,,O,"$10,321.00 ",$0.00 ,8/16/2019,wbra,8/26/2019,wbra,686," - IMP, TITAN ASSEMBLY KIT"," - IMP, TITAN ASSEMBLY KIT",9480SC,GENERAL ,9480SC,,EA,$486.00 ,1,0,0,batch cold 6401111,3,Total Tx Amt. $0.00
23, - COLOPLAST,1618,,,O,"$10,321.00 ",$0.00 ,8/16/2019,wbra,8/26/2019,wbra,808," - IMP, TITAN RESERVOIR ECLD 125CC"," - IMP, TITAN RESERVOIR ECLD 125CC",ER8125,GENERAL ,ER8125,,EA,"$1,771.00 ",1,0,0,Batch Code 629375,3,Total Tx Amt. $0.00
23, - COLOPLAST,1618,,,O,"$10,321.00 ",$0.00 ,8/16/2019,wbra,8/26/2019,wbra,916," - Impl, Touch Scrotal Zero Degree Angle C;ylinder wi"," - Impl, Touch Scrotal Zero Degree Angle C;ylinder wi",ES2922,,ES2922,,EA,"$8,064.00 ",1,0,0,Batch Code 6781626,3,Total Tx Amt. $0.00
1, - MCKESSON,1619,,,O,"$1,357.17 ",$0.00 ,8/26/2019,wbra,8/26/2019,wbra,710," - SUPP, NASAL CAN GAS SAMPLE 7'"," - SUPP, NASAL CAN GAS SAMPLE 7'",999489,ANESTHE ,999489,,25/CS,$42.19 ,1,0,0,,23,Total Tx Amt. $0.00
1, - MCKESSON,1619,,,O,"$1,357.17 ",$0.00 ,8/26/2019,wbra,8/26/2019,wbra,211, - MED PROPOFOL 20ML, - MED PROPOFOL 20ML,989562,IVSUPPLY,989562,,25/BX,$56.86 ,2,0,0,,23,Total Tx Amt. $0.00
1, - MCKESSON,1619,,,O,"$1,357.17 ",$0.00 ,8/26/2019,wbra,8/26/2019,wbra,833," - Mask, Anes size 6 Adult Elongated"," - Mask, Anes size 6 Adult Elongated",854706,ANESTHE ,854706,,30/BX,$46.88 ,1,0,0,,23,Total Tx Amt. $0.00
1, - MCKESSON,1619,,,O,"$1,357.17 ",$0.00 ,8/26/2019,wbra,8/26/2019,wbra,135, - FLUID LR 1000ML, - FLUID LR 1000ML,208829,GENERAL ,208829,,12/CS,$38.66 ,1,0,0,,23,Total Tx Amt. $0.00
1, - MCKESSON,1619,,,O,"$1,357.17 ",$0.00 ,8/26/2019,wbra,8/26/2019,wbra,152, - FLUID WATER 1000ML, - FLUID WATER 1000ML,513059,GENERAL ,513059,,14/CS,$56.50 ,2,0,0,,23,Total Tx Amt. $0.00
1, - MCKESSON,1619,,,O,"$1,357.17 ",$0.00 ,8/26/2019,wbra,8/26/2019,wbra,151, - FLUID WATER 3000ML, - FLUID WATER 3000ML,200388,GLV/MSK ,200388,,4/CS,$33.79 ,3,0,0,,23,Total Tx Amt. $0.00
1, - MCKESSON,1619,,,O,"$1,357.17 ",$0.00 ,8/26/2019,wbra,8/26/2019,wbra,761, - Patien belong bags, - Patien belong bags,30421100,PACU    ,447753,,250/CS,$32.79 ,1,0,0,,23,Total Tx Amt. $0.00
1, - MCKESSON,1619,,,O,"$1,357.17 ",$0.00 ,8/26/2019,wbra,8/26/2019,wbra,275, - PREP PAD CLEANER ALCOHOL, - PREP PAD CLEANER ALCOHOL,191089,PACU    ,191089,,EA,$1.43 ,1,0,0,,23,Total Tx Amt. $0.00
1, - MCKESSON,1619,,,O,"$1,357.17 ",$0.00 ,8/26/2019,wbra,8/26/2019,wbra,361, - BASIN URINE STRAINER, - BASIN URINE STRAINER,25-460,PACU    ,482530,,100/BX,$121.28 ,1,0,0,,23,Total Tx Amt. $0.00
1, - MCKESSON,1619,,,O,"$1,357.17 ",$0.00 ,8/26/2019,wbra,8/26/2019,wbra,289, - BASIN URINAL 1QT, - BASIN URINAL 1QT,1020361,,1020361,,48/CS,$26.68 ,1,0,0,,23,Total Tx Amt. $0.00
1, - MCKESSON,1619,,,O,"$1,357.17 ",$0.00 ,8/26/2019,wbra,8/26/2019,wbra,715," - CATH, TUBE HOLDER, FOLEY"," - CATH, TUBE HOLDER, FOLEY",1107740,DRESSING,1107740,,10/BX,$23.28 ,2,0,0,,23,Total Tx Amt. $0.00
1, - MCKESSON,1619,,,O,"$1,357.17 ",$0.00 ,8/26/2019,wbra,8/26/2019,wbra,162, - MED ANCEF 1G, - MED ANCEF 1G,1107414,GLV/MSK ,1107414,,25/BX,$25.94 ,4,0,0,,23,Total Tx Amt. $0.00
1, - MCKESSON,1619,,,O,"$1,357.17 ",$0.00 ,8/26/2019,wbra,8/26/2019,wbra,189, - MED TORADOL 1ML, - MED TORADOL 1ML,333340,HSKPNG  ,1081340,,25/BX,$36.47 ,2,0,0,,23,Total Tx Amt. $0.00
1, - MCKESSON,1619,,,O,"$1,357.17 ",$0.00 ,8/26/2019,wbra,8/26/2019,wbra,175, - MED ESMOLOL 10ML, - MED ESMOLOL 10ML,1010119,GLV/MSK ,1010119,,EA,$5.17 ,5,0,0,,23,Total Tx Amt. $0.00
1, - MCKESSON,1619,,,O,"$1,357.17 ",$0.00 ,8/26/2019,wbra,8/26/2019,wbra,795," - Underpads Regular,23 x 24"," - Underpads Regular,23 x 24",UPLT2324,GENERAL ,730985,,1800/CS,$20.42 ,1,0,0,,23,Total Tx Amt. $0.00
1, - MCKESSON,1619,,,O,"$1,357.17 ",$0.00 ,8/26/2019,wbra,8/26/2019,wbra,764," - Mask, Face Surg Light Blue pleated with ties"," - Mask, Face Surg Light Blue pleated with ties",48100,GENERAL ,206484,,6/BX,$23.81 ,1,0,0,,23,Total Tx Amt. $0.00
1, - MCKESSON,1619,,,O,"$1,357.17 ",$0.00 ,8/26/2019,wbra,8/26/2019,wbra,20, - POSITIONER DONUT FOAM 9IN, - POSITIONER DONUT FOAM 9IN,40402,ANESTHE ,724301,,30/BX,$78.23 ,1,0,0,,23,Total Tx Amt. $0.00
1, - MCKESSON,1619,,,O,"$1,357.17 ",$0.00 ,8/26/2019,wbra,8/26/2019,wbra,633," - TUBING, SUCTION NS BUBBLE"," - TUBING, SUCTION NS BUBBLE",8888280412,GLV/MSK ,774642,,1/CS,$13.84 ,3,0,0,,23,Total Tx Amt. $0.00
1, - MCKESSON,1619,,,O,"$1,357.17 ",$0.00 ,8/26/2019,wbra,8/26/2019,wbra,284, - SUPPORTER ADULT LRG, - SUPPORTER ADULT LRG,452706,DRESSING,452706,,EA,$6.04 ,6,0,0,,23,Total Tx Amt. $0.00
1, - MCKESSON,1619,,,O,"$1,357.17 ",$0.00 ,8/26/2019,wbra,8/26/2019,wbra,709," - SUT, LIQUIBAND"," - SUT, LIQUIBAND",122-LBX,SUTURE  ,948660,,10/BX,$186.84 ,1,0,0,,23,Total Tx Amt. $0.00
1, - MCKESSON,1619,,,O,"$1,357.17 ",$0.00 ,8/26/2019,wbra,8/26/2019,wbra,123, - TOWEL PAPER C-FOLD, - TOWEL PAPER C-FOLD,1040599,GENERAL ,1040599,,1/CS,$18.08 ,2,0,0,,23,Total Tx Amt. $0.00
1, - MCKESSON,1619,,,O,"$1,357.17 ",$0.00 ,8/26/2019,wbra,8/26/2019,wbra,120, - TISSUE TOLIET WHT, - TISSUE TOLIET WHT,165-tp500p,GENERAL ,1045390,,96/CS,$41.56 ,1,0,0,,23,Total Tx Amt. $0.00
1, - MCKESSON,1619,,,O,"$1,357.17 ",$0.00 ,8/26/2019,wbra,8/26/2019,wbra,," - Alcohol, Isopropyl 70% 16 oz"," - Alcohol, Isopropyl 70% 16 oz",,,,,ea,$1.32 ,4,0,0,,23,Total Tx Amt. $0.00
2, - CARDINAL HEALTH,1620,,,O,"$2,277.38 ",$0.00 ,8/26/2019,wbra,8/26/2019,wbra,670," - ANES, AIRWAY, LMA IGEL 4"," - ANES, AIRWAY, LMA IGEL 4",8204000,ANESTHE ,I8204,,25/CS,$261.88 ,1,0,0,,19,Total Tx Amt. $0.00
2, - CARDINAL HEALTH,1620,,,O,"$2,277.38 ",$0.00 ,8/26/2019,wbra,8/26/2019,wbra,796," - King UltraFlex 72"" breathing circuit"," - King UltraFlex 72"" breathing circuit",,ANESTHE ,8753F6121Z,,30/BX,$199.55 ,1,0,0,,19,Total Tx Amt. $0.00
2, - CARDINAL HEALTH,1620,,,O,"$2,277.38 ",$0.00 ,8/26/2019,wbra,8/26/2019,wbra,619," - ANES, AIRWAY ORAL 90MM YELLOW"," - ANES, AIRWAY ORAL 90MM YELLOW",122790A,ANESTHE ,122790A,,10/BX,$9.82 ,1,0,0,,19,Total Tx Amt. $0.00
2, - CARDINAL HEALTH,1620,,,O,"$2,277.38 ",$0.00 ,8/26/2019,wbra,8/26/2019,wbra,564, - ANES AIRWAY ORAL 100MM RED, - ANES AIRWAY ORAL 100MM RED,16-2101G,ANESTHE ,1227100A,,10/BX,$9.82 ,1,0,0,,19,Total Tx Amt. $0.00
2, - CARDINAL HEALTH,1620,,,O,"$2,277.38 ",$0.00 ,8/26/2019,wbra,8/26/2019,wbra,281, - SOCK SLIPPER ADULT XL, - SOCK SLIPPER ADULT XL,68125-GRY,,68125-GRY,,48/BX,$33.01 ,2,0,0,,19,Total Tx Amt. $0.00
2, - CARDINAL HEALTH,1620,,,O,"$2,277.38 ",$0.00 ,8/26/2019,wbra,8/26/2019,wbra,134, - IV START KIT, - IV START KIT,01-9000A,GENERAL ,01-9000A,,100/CS,$100.00 ,1,0,0,,19,Total Tx Amt. $0.00
2, - CARDINAL HEALTH,1620,,,O,"$2,277.38 ",$0.00 ,8/26/2019,wbra,8/26/2019,wbra,739, - SafeDay IV Administration Set, - SafeDay IV Administration Set,352904,PACU    ,352899,,50/BX,$141.94 ,2,0,0,,19,Total Tx Amt. $0.00
2, - CARDINAL HEALTH,1620,,,O,"$2,277.38 ",$0.00 ,8/26/2019,wbra,8/26/2019,wbra,340, - CAUTERY BIPOLAR CABLE 11FT, - CAUTERY BIPOLAR CABLE 11FT,88-001000,,88-001000,,10/BX,$17.46 ,2,0,0,,19,Total Tx Amt. $0.00
2, - CARDINAL HEALTH,1620,,,O,"$2,277.38 ",$0.00 ,8/26/2019,wbra,8/26/2019,wbra,1004," - Gloves, Nitrile Exam  XS"," - Gloves, Nitrile Exam  XS",88LC01XS,GENERAL ,88LC01XS,,10/CT,$108.80 ,1,0,0,,19,Total Tx Amt. $0.00
2, - CARDINAL HEALTH,1620,,,O,"$2,277.38 ",$0.00 ,8/26/2019,wbra,8/26/2019,wbra,372, - DRAPE TOWEL SURGICAL 4PK BLUE, - DRAPE TOWEL SURGICAL 4PK BLUE,28700-004,DRAPE   ,28700-004,,20/CS,$37.00 ,1,0,0,,19,Total Tx Amt. $0.00
2, - CARDINAL HEALTH,1620,,,O,"$2,277.38 ",$0.00 ,8/26/2019,wbra,8/26/2019,wbra,542, - DRP PACK MINOR PROCEDURE, - DRP PACK MINOR PROCEDURE,SPP99MN7AA,DRAPE   ,SPP99MN7AA,,4/CS,$92.00 ,1,0,0,,19,Total Tx Amt. $0.00
2, - CARDINAL HEALTH,1620,,,O,"$2,277.38 ",$0.00 ,8/26/2019,wbra,8/26/2019,wbra,31, - DRAPE CYSTO PACK, - DRAPE CYSTO PACK,SPP99CY1AA,DRAPE   ,SPP99CY1AA,,6/CS,$118.62 ,3,0,0,,19,Total Tx Amt. $0.00
2, - CARDINAL HEALTH,1620,,,O,"$2,277.38 ",$0.00 ,8/26/2019,wbra,8/26/2019,wbra,39, - DRAPE MAYO STAND COVER, - DRAPE MAYO STAND COVER,8337,DRAPE   ,8337,,30/CS,$28.73 ,1,0,0,,19,Total Tx Amt. $0.00
2, - CARDINAL HEALTH,1620,,,O,"$2,277.38 ",$0.00 ,8/26/2019,wbra,8/26/2019,wbra,294, - PREP CHLORAPREP 26ML TINT, - PREP CHLORAPREP 26ML TINT,260815,,260815,,25/CS,$328.63 ,1,0,0,,19,Total Tx Amt. $0.00
2, - CARDINAL HEALTH,1620,,,O,"$2,277.38 ",$0.00 ,8/26/2019,wbra,8/26/2019,wbra,108, - HAND SCRUB SURGICAL BRUSH CHG 4%, - HAND SCRUB SURGICAL BRUSH CHG 4%,371073,GENERAL ,371073,,30/BX,$38.40 ,1,0,0,,19,Total Tx Amt. $0.00
2, - CARDINAL HEALTH,1620,,,O,"$2,277.38 ",$0.00 ,8/26/2019,wbra,8/26/2019,wbra,103, - GLOVE PROTEXIS PI 8 LATEX FREE, - GLOVE PROTEXIS PI 8 LATEX FREE,2D72PT80X,GENERAL ,2D72PT80X,,50/BX,$89.45 ,1,0,0,,19,Total Tx Amt. $0.00
2, - CARDINAL HEALTH,1620,,,O,"$2,277.38 ",$0.00 ,8/26/2019,wbra,8/26/2019,wbra,74, - GLOVE EXAM MEDIUM NITRILE, - GLOVE EXAM MEDIUM NITRILE,88TN03M,GENERAL ,88TN03M,,1/CS,$97.20 ,1,0,0,,19,Total Tx Amt. $0.00
2, - CARDINAL HEALTH,1620,,,O,"$2,277.38 ",$0.00 ,8/26/2019,wbra,8/26/2019,wbra,422, - DISINFECT CAVIWIPE 1MIN, - DISINFECT CAVIWIPE 1MIN,MX13-1150,HSKPNG  ,MX13-1150,,12/BX,$64.95 ,1,0,0,,19,Total Tx Amt. $0.00
2, - CARDINAL HEALTH,1620,,,O,"$2,277.38 ",$0.00 ,8/26/2019,wbra,8/26/2019,wbra,363, - CONTAINER SUCTION 3000ML, - CONTAINER SUCTION 3000ML,65651-230,GENERAL ,65651-230,,40/CS,$70.47 ,1,0,0,,19,Total Tx Amt. $0.00
23, - COLOPLAST,1621,,,O,"$2,556.00 ",$0.00 ,8/26/2019,wbra,8/27/2019,wbra,653," - SLING, FEMALE, SUPRIS RETROPUBIC KIT"," - SLING, FEMALE, SUPRIS RETROPUBIC KIT",93-4450,GENERAL ,93-4450,,EA,$732.00 ,2,0,0,Conf # Line 1 Order # 50955167 / Line 2 Order #  50955170,2,Total Tx Amt. $0.00
23, - COLOPLAST,1621,,,O,"$2,556.00 ",$0.00 ,8/26/2019,wbra,8/27/2019,wbra,1026," - IMPLt, Access Dermis 4cm x 7 cm"," - IMPLt, Access Dermis 4cm x 7 cm",93-9247,GENERAL ,93-9247,,EA,"$1,092.00 ",1,0,0,,2,Total Tx Amt. $0.00
23, - COLOPLAST,1622,,,O,"$10,321.00 ",$0.00 ,8/26/2019,wbra,9/10/2019,wbra,899," - Impl, Assembly Kit"," - Impl, Assembly Kit",91-9480SC,,91-9480SC,,EA,$486.00 ,1,0,0,Batch Code 6732392,3,Total Tx Amt. $0.00
23, - COLOPLAST,1622,,,O,"$10,321.00 ",$0.00 ,8/26/2019,wbra,9/10/2019,wbra,687," - IMP, TITAN RESEVOIR 75CC"," - IMP, TITAN RESEVOIR 75CC",ER8075,GENERAL ,ER8075,,EA,"$1,771.00 ",1,0,0,Batch Code 5953990,3,Total Tx Amt. $0.00
23, - COLOPLAST,1622,,,O,"$10,321.00 ",$0.00 ,8/26/2019,wbra,9/10/2019,wbra,1099," - Impl, Scrotal Zero Degree Angle set w/Pump"," - Impl, Scrotal Zero Degree Angle set w/Pump",ES8918,,ES8918,,EA,"$8,064.00 ",1,0,0,Batch Code 6565136,3,Total Tx Amt. $0.00
8, - STERIS,1623,,,O,$815.22 ,$0.00 ,8/26/2019,wbra,8/26/2019,wbra,503," - SUPP, STERIS LIGHT HANDLE COVER"," - SUPP, STERIS LIGHT HANDLE COVER",LB53,GENERAL ,LB53,,125/CS,$172.98 ,1,0,0,,4,Total Tx Amt. $0.00
8, - STERIS,1623,,,O,$815.22 ,$0.00 ,8/26/2019,wbra,8/26/2019,wbra,1043, - Steric Vaprox HC, - Steric Vaprox HC,PB007,STRL PRO,PB007,,1/CS,$521.10 ,1,0,0,,4,Total Tx Amt. $0.00
8, - STERIS,1623,,,O,$815.22 ,$0.00 ,8/26/2019,wbra,8/26/2019,wbra,759, - Steris Printer Rolls, - Steris Printer Rolls,93929-020,STRL PRO,P093929-020,,1/BX,$13.18 ,2,0,0,,4,Total Tx Amt. $0.00
8, - STERIS,1623,,,O,$815.22 ,$0.00 ,8/26/2019,wbra,8/26/2019,wbra,720," - SPD, STERIS STERILIZER INK CARTRIDGE"," - SPD, STERIS STERILIZER INK CARTRIDGE",150828-440,STRL PRO,150828-440,,2/CS,$47.39 ,2,0,0,,4,Total Tx Amt. $0.00
2, - CARDINAL HEALTH,1624,,,O,"$1,110.91 ",$0.00 ,8/26/2019,wbra,8/28/2019,wbra,1100, - ID BAND SENTRY WATER-RESISTANT IMPRINT 1INX11 1/2I, - ID BAND SENTRY WATER-RESISTANT IMPRINT 1INX11 1/2I,5040-11-pdm,PACU    ,10154-011,,1/BX,$62.20 ,2,0,0,,8,Total Tx Amt. $0.00
2, - CARDINAL HEALTH,1624,,,O,"$1,110.91 ",$0.00 ,8/26/2019,wbra,8/28/2019,wbra,31, - DRAPE CYSTO PACK, - DRAPE CYSTO PACK,SPP99CY1AA,DRAPE   ,SPP99CY1AA,,6/CS,$118.62 ,2,0,0,,8,Total Tx Amt. $0.00
2, - CARDINAL HEALTH,1624,,,O,"$1,110.91 ",$0.00 ,8/26/2019,wbra,8/28/2019,wbra,298, - PREP TRAY IODINE STERILE, - PREP TRAY IODINE STERILE,Nov-08,,Nov-08,,20/CS,$77.40 ,1,0,0,Conf # 1065119411,8,Total Tx Amt. $0.00
2, - CARDINAL HEALTH,1624,,,O,"$1,110.91 ",$0.00 ,8/26/2019,wbra,8/28/2019,wbra,422, - DISINFECT CAVIWIPE 1MIN, - DISINFECT CAVIWIPE 1MIN,MX13-1150,HSKPNG  ,MX13-1150,,12/BX,$64.95 ,1,0,0,,8,Total Tx Amt. $0.00
2, - CARDINAL HEALTH,1624,,,O,"$1,110.91 ",$0.00 ,8/26/2019,wbra,8/28/2019,wbra,1103, - UltraSound digital printer paper, - UltraSound digital printer paper,UPP-110HG-,,UPP-110HG-,,10/BX,$183.13 ,1,0,0,,8,Total Tx Amt. $0.00
2, - CARDINAL HEALTH,1624,,,O,"$1,110.91 ",$0.00 ,8/26/2019,wbra,8/28/2019,wbra,38, - DRAPE IOBAN 23X17, - DRAPE IOBAN 23X17,M6650EZ,DRAPE   ,M6650EZ,,10/BX,$65.99 ,1,0,0,,8,Total Tx Amt. $0.00
2, - CARDINAL HEALTH,1624,,,O,"$1,110.91 ",$0.00 ,8/26/2019,wbra,8/28/2019,wbra,99, - GLOVE PROTEXIS PI 6 LATEX FREE, - GLOVE PROTEXIS PI 6 LATEX FREE,2D72PT60X,GENERAL ,2D72PT60X,,50/BX,$89.45 ,2,0,0,,8,Total Tx Amt. $0.00
2, - CARDINAL HEALTH,1624,,,O,"$1,110.91 ",$0.00 ,8/26/2019,wbra,8/28/2019,wbra,128, - IV CATH INTROCAN 22X1, - IV CATH INTROCAN 22X1,629338,GENERAL ,425251902A,,50/BX,$89.45 ,2,0,0,,8,Total Tx Amt. $0.00
14, - BARD,1625,,,O,$900.00 ,$0.00 ,8/26/2019,wbra,8/26/2019,wbra,224, - NDL BIOPSY MAX CORE, - NDL BIOPSY MAX CORE,MC1825,IVSUPPLY,MC1825,,5/BX,$90.00 ,10,0,0,,1,Total Tx Amt. $0.00
31, - NEOTRACT/ UROLIFT,1626,,,O,"$11,400.00 ",$0.00 ,8/26/2019,wbra,8/26/2019,wbra,665, - UROLIFT SYSTEM IMPLANT, - UROLIFT SYSTEM IMPLANT,UL400-4,GENERAL ,UL400-4,,4/CS,"$3,800.00 ",3,0,0,,1,Total Tx Amt. $0.00
17, - HEALTHTRONICS MOBILE SOLUTIONS,1627,,,O,$625.00 ,$0.00 ,8/26/2019,wbra,8/26/2019,wbra,531, - LASER FIBER HO 365 SINGLE USE, - LASER FIBER HO 365 SINGLE USE,95612,GENERAL ,95612,,EA,$125.00 ,5,0,0,,1,Total Tx Amt. $0.00
1, - MCKESSON,1628,,,O,"$2,011.26 ",$0.00 ,8/27/2019,wbra,8/27/2019,wbra,827," - Botox, Therapeutic VL  100units, Allergan"," - Botox, Therapeutic VL  100units, Allergan",,MEDS    ,349702,,1/BT,$670.42 ,3,0,0,,1,Total Tx Amt. $0.00
16, - OLYMPUS,1629,,,O,$810.00 ,$0.00 ,8/27/2019,wbra,8/27/2019,wbra,528, - GLIDEWIRE 0.035 STR TIP STIFF OLYMPUS, - GLIDEWIRE 0.035 STR TIP STIFF OLYMPUS,UWS1035,GENERAL ,UWS1035,,5/BX,$405.00 ,2,0,0,,1,Total Tx Amt. $0.00
4, - COOK MEDICAL,1630,,,O,"$1,141.50 ",$0.00 ,8/27/2019,wbra,8/27/2019,wbra,459, - COOK URETERAL STENT FIRM UNIVERSA, - COOK URETERAL STENT FIRM UNIVERSA,G23406,GENERAL ,G23406,,EA,$49.50 ,5,0,0,,3,Total Tx Amt. $0.00
4, - COOK MEDICAL,1630,,,O,"$1,141.50 ",$0.00 ,8/27/2019,wbra,8/27/2019,wbra,460, - COOK URETERAL STENT FIRM UNIVERSA, - COOK URETERAL STENT FIRM UNIVERSA,G23407,GENERAL ,G23407,,EA,$49.50 ,4,0,0,,3,Total Tx Amt. $0.00
4, - COOK MEDICAL,1630,,,O,"$1,141.50 ",$0.00 ,8/27/2019,wbra,8/27/2019,wbra,439, - COOK TIPLESS STONE EXTRACTOR 2.2 x 115, - COOK TIPLESS STONE EXTRACTOR 2.2 x 115,G18778,GENERAL ,G18778,,EA,$174.00 ,4,0,0,,3,Total Tx Amt. $0.00
3, - BOSTON SCIENTIFIC,1631,,,O,"$1,737.56 ",$0.00 ,8/27/2019,wbra,8/27/2019,wbra,598, - 8/10 DILATOR/SHEATH SET, - 8/10 DILATOR/SHEATH SET,M0062601200,GENERAL ,M0062601200,,EA,$86.88 ,4,0,0,,3,Total Tx Amt. $0.00
3, - BOSTON SCIENTIFIC,1631,,,O,"$1,737.56 ",$0.00 ,8/27/2019,wbra,8/27/2019,wbra,446, - BOSTON SCI WIRE GUIDE SENSOR .035 STR, - BOSTON SCI WIRE GUIDE SENSOR .035 STR,M0066703081,GENERAL ,M0066703081,,5/BX,$374.66 ,2,0,0,,3,Total Tx Amt. $0.00
3, - BOSTON SCIENTIFIC,1631,,,O,"$1,737.56 ",$0.00 ,8/27/2019,wbra,8/27/2019,wbra,561," - GUIDEWIRE, ZIPWIRE 0.035 X 150CM"," - GUIDEWIRE, ZIPWIRE 0.035 X 150CM",M006630205B1,GENERAL ,M00663020580,,5/BX,$320.36 ,2,0,0,,3,Total Tx Amt. $0.00
29, - ALLERGAN,1632,,,O,$148.00 ,$0.00 ,8/27/2019,wbra,8/27/2019,wbra,1037," - Needle, injeTAK DIS 199, 35 cm"," - Needle, injeTAK DIS 199, 35 cm",96031,,96031,,2/CS,$74.00 ,2,0,0,,1,Total Tx Amt. $0.00
1, - MCKESSON,1633,,,O,"$1,740.00 ",$0.00 ,8/27/2019,wbra,8/27/2019,wbra,149, - MED ACETOMINOPHEN 500MG, - MED ACETOMINOPHEN 500MG,555688,PACU    ,555688,,1/BT,$1.47 ,1,0,0,,11,Total Tx Amt. $0.00
1, - MCKESSON,1633,,,O,"$1,740.00 ",$0.00 ,8/27/2019,wbra,8/27/2019,wbra,1101," - Meds, Ibuprofen 600 mg Tablet Bottle 500 Tablets"," - Meds, Ibuprofen 600 mg Tablet Bottle 500 Tablets",1094498,PACU    ,1094498,,1/BT,$61.94 ,1,0,0,,11,Total Tx Amt. $0.00
1, - MCKESSON,1633,,,O,"$1,740.00 ",$0.00 ,8/27/2019,wbra,8/27/2019,wbra,1102, - Ertapenem Sodium 1 Gram Intramuscular or Intraven, - Ertapenem Sodium 1 Gram Intramuscular or Intraven,1112299,PACU    ,1112299,,10/BX,$946.68 ,1,0,0,,11,Total Tx Amt. $0.00
1, - MCKESSON,1633,,,O,"$1,740.00 ",$0.00 ,8/27/2019,wbra,8/27/2019,wbra,901, - Coverall Bunny Suit, - Coverall Bunny Suit,293648,GENERAL ,293566,,25/BX,$43.81 ,1,0,0,,11,Total Tx Amt. $0.00
1, - MCKESSON,1633,,,O,"$1,740.00 ",$0.00 ,8/27/2019,wbra,8/27/2019,wbra,140, - FLUID NACL 3000ML, - FLUID NACL 3000ML,230132,GENERAL ,230132,,4/CS,$34.32 ,4,0,0,,11,Total Tx Amt. $0.00
1, - MCKESSON,1633,,,O,"$1,740.00 ",$0.00 ,8/27/2019,wbra,8/27/2019,wbra,135, - FLUID LR 1000ML, - FLUID LR 1000ML,208829,GENERAL ,208829,,12/CS,$38.66 ,2,0,0,,11,Total Tx Amt. $0.00
1, - MCKESSON,1633,,,O,"$1,740.00 ",$0.00 ,8/27/2019,wbra,8/27/2019,wbra,178, - MED LASIX 4ML, - MED LASIX 4ML,00409-6102-04,GLV/MSK ,1029033,,25/BX,$85.14 ,1,0,0,,11,Total Tx Amt. $0.00
1, - MCKESSON,1633,,,O,"$1,740.00 ",$0.00 ,8/27/2019,wbra,8/27/2019,wbra,543, - CAP CATH PLUG STERILE, - CAP CATH PLUG STERILE,76,GENERAL ,240912,,250/CS,$87.01 ,1,0,0,,11,Total Tx Amt. $0.00
1, - MCKESSON,1633,,,O,"$1,740.00 ",$0.00 ,8/27/2019,wbra,8/27/2019,wbra,936," - fluid, Sod Chl, 0.9 % 100Ml bag"," - fluid, Sod Chl, 0.9 % 100Ml bag",161938,GENERAL ,161938,,1/CS,$101.58 ,1,0,0,,11,Total Tx Amt. $0.00
1, - MCKESSON,1633,,,O,"$1,740.00 ",$0.00 ,8/27/2019,wbra,8/27/2019,wbra,138, - FLUID LR 500ML, - FLUID LR 500ML,467133,GENERAL ,467133,,24/CS,$48.20 ,2,0,0,,11,Total Tx Amt. $0.00
1, - MCKESSON,1633,,,O,"$1,740.00 ",$0.00 ,8/27/2019,wbra,8/27/2019,wbra,151, - FLUID WATER 3000ML, - FLUID WATER 3000ML,200388,GLV/MSK ,200388,,4/CS,$33.79 ,3,0,0,,11,Total Tx Amt. $0.00
1, - MCKESSON,1634,,,O,$402.69 ,$0.00 ,8/28/2019,wbra,8/28/2019,wbra,770," - liner, trash can 60 gal roll"," - liner, trash can 60 gal roll",980394,HSKPNG  ,980394,,20/CS,$27.84 ,3,0,0,,5,Total Tx Amt. $0.00
1, - MCKESSON,1634,,,O,$402.69 ,$0.00 ,8/28/2019,wbra,8/28/2019,wbra,140, - FLUID NACL 3000ML, - FLUID NACL 3000ML,230132,GENERAL ,230132,,4/CS,$34.32 ,4,0,0,,5,Total Tx Amt. $0.00
1, - MCKESSON,1634,,,O,$402.69 ,$0.00 ,8/28/2019,wbra,8/28/2019,wbra,151, - FLUID WATER 3000ML, - FLUID WATER 3000ML,200388,GLV/MSK ,200388,,4/CS,$33.79 ,3,0,0,,5,Total Tx Amt. $0.00
1, - MCKESSON,1634,,,O,$402.69 ,$0.00 ,8/28/2019,wbra,8/28/2019,wbra,554, - MED BUPIVACAINE 0.25% 50ML VIAL 25/PK, - MED BUPIVACAINE 0.25% 50ML VIAL 25/PK,1077280,MEDS    ,1077280,,25/CT,$40.38 ,1,0,0,,5,Total Tx Amt. $0.00
1, - MCKESSON,1634,,,O,$402.69 ,$0.00 ,8/28/2019,wbra,8/28/2019,wbra,894, - MED BUPIVACAINE 0.5% 50 ML, - MED BUPIVACAINE 0.5% 50 ML,55150025050,,1077277,,25/BX,$40.14 ,1,0,0,,5,Total Tx Amt. $0.00
27, - BESSE MEDICAL,1635,,,O,$271.50 ,$0.00 ,8/28/2019,wbra,8/29/2019,wbra,1104," - Meds, plisol? Tuberculin Purified Protein Derivati"," - Meds, plisol? Tuberculin Purified Protein Derivati",653303,PACU    ,31842,,1/BT,$90.50 ,3,0,0,,1,Total Tx Amt. $0.00
3, - BOSTON SCIENTIFIC,1636,,,O,"$11,916.00 ",$0.00 ,8/28/2019,wbra,8/28/2019,wbra,943," - Impl, SKW Deep Scrotal retraction System"," - Impl, SKW Deep Scrotal retraction System",72403867,GENERAL ,72403867,,EA,$421.00 ,1,0,0,Serial/Lot/Batch 9270675219,2,Total Tx Amt. $0.00
3, - BOSTON SCIENTIFIC,1636,,,O,"$11,916.00 ",$0.00 ,8/28/2019,wbra,8/28/2019,wbra,1105," - Impl, Tactra 11mm x 16cm x 25 cm"," - Impl, Tactra 11mm x 16cm x 25 cm",720081-01,,720081-01,,EA,"$11,495.00 ",1,0,0,Serial/Lot/Batch 24052785,2,Total Tx Amt. $0.00
40, - Office Depot Business Solutions,1637,,,O,$817.74 ,$0.00 ,8/29/2019,wbra,8/30/2019,wbra,1106," - Officer, Toner 87a for HP Laserjet"," - Officer, Toner 87a for HP Laserjet",87A,,813701,,EA,$201.44 ,2,0,0,,6,Total Tx Amt. $0.00
40, - Office Depot Business Solutions,1637,,,O,$817.74 ,$0.00 ,8/29/2019,wbra,8/30/2019,wbra,1107," - Office, Toner TN-420 Brother Printer"," - Office, Toner TN-420 Brother Printer",TN-420,,695697,,EA,$63.98 ,2,0,0,,6,Total Tx Amt. $0.00
40, - Office Depot Business Solutions,1637,,,O,$817.74 ,$0.00 ,8/29/2019,wbra,8/30/2019,wbra,1110," - Office, Paper Three Hole Punched"," - Office, Paper Three Hole Punched",196589,,196589,,1/BX,$37.35 ,3,0,0,,6,Total Tx Amt. $0.00
40, - Office Depot Business Solutions,1637,,,O,$817.74 ,$0.00 ,8/29/2019,wbra,8/30/2019,wbra,1111," - Office, Black ink pens"," - Office, Black ink pens",2028745,,2028745,,1/BX,$7.64 ,2,0,0,,6,Total Tx Amt. $0.00
40, - Office Depot Business Solutions,1637,,,O,$817.74 ,$0.00 ,8/29/2019,wbra,8/30/2019,wbra,, - Swingline 747 Stapler, - Swingline 747 Stapler,,,,,ea,$12.59 ,1,0,0,,6,Total Tx Amt. $0.00
40, - Office Depot Business Solutions,1637,,,O,$817.74 ,$0.00 ,8/29/2019,wbra,8/30/2019,wbra,1114," - Office, Toner TK-1142"," - Office, Toner TK-1142",TK-1142,,TK-1142,,EA,$73.49 ,2,0,0,,6,Total Tx Amt. $0.00
3, - BOSTON SCIENTIFIC,1638,,,O,"$3,369.80 ",$0.00 ,8/29/2019,wbra,8/30/2019,wbra,646, - UROMAX BALLOON KIT 12FR X 4CM, - UROMAX BALLOON KIT 12FR X 4CM,M0062251200,GENERAL ,M0062251200,,EA,$464.80 ,1,0,0,,3,Total Tx Amt. $0.00
3, - BOSTON SCIENTIFIC,1638,,,O,"$3,369.80 ",$0.00 ,8/29/2019,wbra,8/30/2019,wbra,546, - UROMAX BALLOON KIT 15FR X 4CM, - UROMAX BALLOON KIT 15FR X 4CM,M0062251210,GENERAL ,m0062251210,,1/KT,$464.80 ,1,0,0,,3,Total Tx Amt. $0.00
3, - BOSTON SCIENTIFIC,1638,,,O,"$3,369.80 ",$0.00 ,8/29/2019,wbra,8/30/2019,wbra,645," - BASKET, ZERO TIP 1.9FR X 120CM BOSTON"," - BASKET, ZERO TIP 1.9FR X 120CM BOSTON",M0063901050,GENERAL ,M0063901050,,EA,$348.60 ,7,0,0,,3,Total Tx Amt. $0.00
2, - CARDINAL HEALTH,1639,,,O,"$1,822.16 ",$0.00 ,8/29/2019,wbra,8/30/2019,wbra,542, - DRP PACK MINOR PROCEDURE, - DRP PACK MINOR PROCEDURE,SPP99MN7AA,DRAPE   ,SPP99MN7AA,,4/CS,$92.00 ,3,0,0,,16,Total Tx Amt. $0.00
2, - CARDINAL HEALTH,1639,,,O,"$1,822.16 ",$0.00 ,8/29/2019,wbra,8/30/2019,wbra,31, - DRAPE CYSTO PACK, - DRAPE CYSTO PACK,SPP99CY1AA,DRAPE   ,SPP99CY1AA,,6/CS,$118.62 ,2,0,0,,16,Total Tx Amt. $0.00
2, - CARDINAL HEALTH,1639,,,O,"$1,822.16 ",$0.00 ,8/29/2019,wbra,8/30/2019,wbra,670," - ANES, AIRWAY, LMA IGEL 4"," - ANES, AIRWAY, LMA IGEL 4",8204000,ANESTHE ,I8204,,25/CS,$261.88 ,1,0,0,,16,Total Tx Amt. $0.00
2, - CARDINAL HEALTH,1639,,,O,"$1,822.16 ",$0.00 ,8/29/2019,wbra,8/30/2019,wbra,796," - King UltraFlex 72"" breathing circuit"," - King UltraFlex 72"" breathing circuit",,ANESTHE ,8753F6121Z,,30/BX,$199.55 ,1,0,0,,16,Total Tx Amt. $0.00
2, - CARDINAL HEALTH,1639,,,O,"$1,822.16 ",$0.00 ,8/29/2019,wbra,8/30/2019,wbra,619," - ANES, AIRWAY ORAL 90MM YELLOW"," - ANES, AIRWAY ORAL 90MM YELLOW",122790A,ANESTHE ,122790A,,10/BX,$9.82 ,2,0,0,,16,Total Tx Amt. $0.00
2, - CARDINAL HEALTH,1639,,,O,"$1,822.16 ",$0.00 ,8/29/2019,wbra,8/30/2019,wbra,564, - ANES AIRWAY ORAL 100MM RED, - ANES AIRWAY ORAL 100MM RED,16-2101G,ANESTHE ,1227100A,,10/BX,$9.82 ,1,0,0,,16,Total Tx Amt. $0.00
2, - CARDINAL HEALTH,1639,,,O,"$1,822.16 ",$0.00 ,8/29/2019,wbra,8/30/2019,wbra,281, - SOCK SLIPPER ADULT XL, - SOCK SLIPPER ADULT XL,68125-GRY,,68125-GRY,,48/BX,$33.01 ,2,0,0,,16,Total Tx Amt. $0.00
2, - CARDINAL HEALTH,1639,,,O,"$1,822.16 ",$0.00 ,8/29/2019,wbra,8/30/2019,wbra,134, - IV START KIT, - IV START KIT,01-9000A,GENERAL ,01-9000A,,100/CS,$100.00 ,1,0,0,,16,Total Tx Amt. $0.00
2, - CARDINAL HEALTH,1639,,,O,"$1,822.16 ",$0.00 ,8/29/2019,wbra,8/30/2019,wbra,739, - SafeDay IV Administration Set, - SafeDay IV Administration Set,352904,PACU    ,352899,,50/BX,$141.94 ,2,0,0,,16,Total Tx Amt. $0.00
2, - CARDINAL HEALTH,1639,,,O,"$1,822.16 ",$0.00 ,8/29/2019,wbra,8/30/2019,wbra,26," - DRAPE SHEET, THREE QUARTER"," - DRAPE SHEET, THREE QUARTER",9349,ANESTHE ,9349,,20/CS,$29.43 ,1,0,0,,16,Total Tx Amt. $0.00
2, - CARDINAL HEALTH,1639,,,O,"$1,822.16 ",$0.00 ,8/29/2019,wbra,8/30/2019,wbra,372, - DRAPE TOWEL SURGICAL 4PK BLUE, - DRAPE TOWEL SURGICAL 4PK BLUE,28700-004,DRAPE   ,28700-004,,20/CS,$37.00 ,1,0,0,,16,Total Tx Amt. $0.00
2, - CARDINAL HEALTH,1639,,,O,"$1,822.16 ",$0.00 ,8/29/2019,wbra,8/30/2019,wbra,298, - PREP TRAY IODINE STERILE, - PREP TRAY IODINE STERILE,Nov-08,,Nov-08,,20/CS,$77.40 ,1,0,0,,16,Total Tx Amt. $0.00
2, - CARDINAL HEALTH,1639,,,O,"$1,822.16 ",$0.00 ,8/29/2019,wbra,8/30/2019,wbra,52, - PAD TELFA 3X8, - PAD TELFA 3X8,1238-,DRESSING,1238-,,50/BX,$8.74 ,2,0,0,,16,Total Tx Amt. $0.00
2, - CARDINAL HEALTH,1639,,,O,"$1,822.16 ",$0.00 ,8/29/2019,wbra,8/30/2019,wbra,36, - GOWN LARGE, - GOWN LARGE,9515,DRAPE   ,9515,,20/CS,$63.77 ,1,0,0,,16,Total Tx Amt. $0.00
2, - CARDINAL HEALTH,1639,,,O,"$1,822.16 ",$0.00 ,8/29/2019,wbra,8/30/2019,wbra,106, - GOWN XLARGE, - GOWN XLARGE,9545,GENERAL ,9545,,20/CS,$45.85 ,1,0,0,,16,Total Tx Amt. $0.00
2, - CARDINAL HEALTH,1639,,,O,"$1,822.16 ",$0.00 ,8/29/2019,wbra,8/30/2019,wbra,76, - GLOVE EXAM XLARGE NITRILE, - GLOVE EXAM XLARGE NITRILE,88TN05XL,GENERAL ,88TN05XL,,10/CS,$97.20 ,1,0,0,,16,Total Tx Amt. $0.00
19, - STRAND DX,1640,,,O,$0.04 ,$0.00 ,8/29/2019,wbra,8/29/2019,wbra,563," - BIOPSY KIT, KNOW ERROR"," - BIOPSY KIT, KNOW ERROR",KIT,GENERAL ,KIT,,12/BX,$0.01 ,4,0,0,,1,Total Tx Amt. $0.00
1, - MCKESSON,1641,,,O,$751.56 ,$0.00 ,8/29/2019,wbra,8/29/2019,wbra,555, - BLANKET BAIR HUGGER UPPER, - BLANKET BAIR HUGGER UPPER,1045420,GENERAL ,1045420,,10/BX,$69.61 ,3,0,0,,9,Total Tx Amt. $0.00
1, - MCKESSON,1641,,,O,$751.56 ,$0.00 ,8/29/2019,wbra,8/29/2019,wbra,710," - SUPP, NASAL CAN GAS SAMPLE 7'"," - SUPP, NASAL CAN GAS SAMPLE 7'",999489,ANESTHE ,999489,,25/CS,$42.19 ,1,0,0,,9,Total Tx Amt. $0.00
1, - MCKESSON,1641,,,O,$751.56 ,$0.00 ,8/29/2019,wbra,8/29/2019,wbra,211, - MED PROPOFOL 20ML, - MED PROPOFOL 20ML,989562,IVSUPPLY,989562,,25/BX,$56.86 ,3,0,0,,9,Total Tx Amt. $0.00
1, - MCKESSON,1641,,,O,$751.56 ,$0.00 ,8/29/2019,wbra,8/29/2019,wbra,833," - Mask, Anes size 6 Adult Elongated"," - Mask, Anes size 6 Adult Elongated",854706,ANESTHE ,854706,,30/BX,$46.88 ,1,0,0,,9,Total Tx Amt. $0.00
1, - MCKESSON,1641,,,O,$751.56 ,$0.00 ,8/29/2019,wbra,8/29/2019,wbra,162, - MED ANCEF 1G, - MED ANCEF 1G,1107414,GLV/MSK ,1107414,,25/BX,$25.94 ,2,0,0,,9,Total Tx Amt. $0.00
1, - MCKESSON,1641,,,O,$751.56 ,$0.00 ,8/29/2019,wbra,8/29/2019,wbra,135, - FLUID LR 1000ML, - FLUID LR 1000ML,208829,GENERAL ,208829,,12/CS,$38.66 ,2,0,0,,9,Total Tx Amt. $0.00
1, - MCKESSON,1641,,,O,$751.56 ,$0.00 ,8/29/2019,wbra,8/29/2019,wbra,138, - FLUID LR 500ML, - FLUID LR 500ML,467133,GENERAL ,467133,,24/CS,$48.20 ,2,0,0,,9,Total Tx Amt. $0.00
1, - MCKESSON,1641,,,O,$751.56 ,$0.00 ,8/29/2019,wbra,8/29/2019,wbra,289, - BASIN URINAL 1QT, - BASIN URINAL 1QT,1020361,,1020361,,48/CS,$27.28 ,1,0,0,,9,Total Tx Amt. $0.00
1, - MCKESSON,1641,,,O,$751.56 ,$0.00 ,8/29/2019,wbra,8/29/2019,wbra,284, - SUPPORTER ADULT LRG, - SUPPORTER ADULT LRG,452706,DRESSING,452706,,EA,$6.04 ,5,0,0,,9,Total Tx Amt. $0.00
1, - MCKESSON,1642,,,O,$603.75 ,$0.00 ,8/30/2019,wbra,8/30/2019,wbra,1112, - Iodoform Packing Strip 1/4 x 5 yards, - Iodoform Packing Strip 1/4 x 5 yards,470440,,470440,,12/BX,$26.60 ,1,0,0,,6,Total Tx Amt. $0.00
1, - MCKESSON,1642,,,O,$603.75 ,$0.00 ,8/30/2019,wbra,8/30/2019,wbra,246, - COMPRESS COLD, - COMPRESS COLD,16-9702,MEDS    ,476731,,24/CS,$7.71 ,1,0,0,,6,Total Tx Amt. $0.00
1, - MCKESSON,1642,,,O,$603.75 ,$0.00 ,8/30/2019,wbra,8/30/2019,wbra,247, - COMPRESS HOT, - COMPRESS HOT,16-9706,PACU    ,520561,,24/CS,$14.04 ,1,0,0,,6,Total Tx Amt. $0.00
1, - MCKESSON,1642,,,O,$603.75 ,$0.00 ,8/30/2019,wbra,8/30/2019,wbra,228, - NDL CHIBA 20G, - NDL CHIBA 20G,CNM-2008,IVSUPPLY,629155,,10/BX,$81.23 ,5,0,0,,6,Total Tx Amt. $0.00
1, - MCKESSON,1642,,,O,$603.75 ,$0.00 ,8/30/2019,wbra,8/30/2019,wbra,190, - MED LIDOCAINE 1% EPI 20ML, - MED LIDOCAINE 1% EPI 20ML,763949,HSKPNG  ,763949,,25/BX,$86.83 ,1,0,0,,6,Total Tx Amt. $0.00
1, - MCKESSON,1642,,,O,$603.75 ,$0.00 ,8/30/2019,wbra,8/30/2019,wbra,136, - FLUID LR 1000ML, - FLUID LR 1000ML,515492,GENERAL ,515492,,14/CS,$31.21 ,2,0,0,,6,Total Tx Amt. $0.00
41, - MEDLINE,1643,,,C,$57.88 ,$0.00 ,8/30/2019,wbra,9/12/2019,wbra,1113," - DRSH, Vaginal Tail Sponge"," - DRSH, Vaginal Tail Sponge",MDS50403,,MDS50403,,100/CS,$57.88 ,1,0,0,,1,Total Tx Amt. $0.00
23, - COLOPLAST,1644,,,O,"$4,368.00 ",$0.00 ,8/30/2019,wbra,8/30/2019,wbra,1026," - IMPLt, Access Dermis 4cm x 7 cm"," - IMPLt, Access Dermis 4cm x 7 cm",93-9247,GENERAL ,93-9247,,EA,"$1,092.00 ",4,0,0,,1,Total Tx Amt. $0.00
21, - BK Medical,1645,,,O,$885.00 ,$0.00 ,8/30/2019,wbra,8/30/2019,wbra,723," - SUPP, ULTRASOUND GUIDE, BK"," - SUPP, ULTRASOUND GUIDE, BK",UA1322-S,GENERAL ,UA1322-S,,18/CS,$295.00 ,3,0,0,,1,Total Tx Amt. $0.00
17, - HEALTHTRONICS MOBILE SOLUTIONS,1646,,,O,$750.00 ,$0.00 ,8/30/2019,wbra,8/30/2019,wbra,531, - LASER FIBER HO 365 SINGLE USE, - LASER FIBER HO 365 SINGLE USE,95612,GENERAL ,95612,,EA,$125.00 ,6,0,0,,1,Total Tx Amt. $0.00
4, - COOK MEDICAL,1647,,,O,"$1,123.50 ",$0.00 ,8/30/2019,wbra,8/30/2019,wbra,456, - COOK URETERAL STENT FIRM UNIVERSA 5FR X 26, - COOK URETERAL STENT FIRM UNIVERSA 5FR X 26,G23398,GENERAL ,G23398,,EA,$49.50 ,3,0,0,,4,Total Tx Amt. $0.00
4, - COOK MEDICAL,1647,,,O,"$1,123.50 ",$0.00 ,8/30/2019,wbra,8/30/2019,wbra,468, - COOK URETERAL STENT UNIVERSA FIRM 6X22, - COOK URETERAL STENT UNIVERSA FIRM 6X22,G23404,GENERAL ,G23404,,EA,$49.50 ,3,0,0,,4,Total Tx Amt. $0.00
4, - COOK MEDICAL,1647,,,O,"$1,123.50 ",$0.00 ,8/30/2019,wbra,8/30/2019,wbra,458, - COOK URETERAL STENT FIRM UNIVERSA, - COOK URETERAL STENT FIRM UNIVERSA,G23405,GENERAL ,G23405,,EA,$49.50 ,7,0,0,,4,Total Tx Amt. $0.00
4, - COOK MEDICAL,1647,,,O,"$1,123.50 ",$0.00 ,8/30/2019,wbra,8/30/2019,wbra,440, - COOK WIRE GUIDE MOTION .035 STRAIGHT, - COOK WIRE GUIDE MOTION .035 STRAIGHT,G44846,GENERAL ,G44846,,5/BX,$240.00 ,2,0,0,,4,Total Tx Amt. $0.00
11, - RICHARD WOLF,1648,,,O,"$1,220.00 ",$0.00 ,8/30/2019,wbra,9/3/2019,wbra,594, - SHARK/ S-LINE CUTTING ELECTRODE BIPO 24FR, - SHARK/ S-LINE CUTTING ELECTRODE BIPO 24FR,4622.1313,GENERAL ,4622.1313,,1/BX,"$1,220.00 ",1,0,0,,1,Total Tx Amt. $0.00
1, - MCKESSON,1649,,,O,$83.36 ,$0.00 ,8/30/2019,wbra,8/30/2019,wbra,165, - MED CIPRO 400MG/200ML, - MED CIPRO 400MG/200ML,916163,ANESTHE ,806731,,24/CS,$83.36 ,1,0,0,,1,Total Tx Amt. $0.00
1, - MCKESSON,1650,,,O,$312.29 ,$0.00 ,9/3/2019,wbra,9/3/2019,wbra,351, - CAUTERY PAD GROUND ADULT 10FT CONMED, - CAUTERY PAD GROUND ADULT 10FT CONMED,22-ESREC,,1018818,,50/BX,$132.19 ,1,0,0,,5,Total Tx Amt. $0.00
1, - MCKESSON,1650,,,O,$312.29 ,$0.00 ,9/3/2019,wbra,9/3/2019,wbra,249, - CONTROL PREG HCG, - CONTROL PREG HCG,5011,MEDS    ,951315,,EA,$17.04 ,2,0,0,,5,Total Tx Amt. $0.00
1, - MCKESSON,1650,,,O,$312.29 ,$0.00 ,9/3/2019,wbra,9/3/2019,wbra,927," - IV Admin Set, Secondary 15 drp"," - IV Admin Set, Secondary 15 drp",sc9001,PACU    ,685495,,50/BX,$40.87 ,2,0,0,,5,Total Tx Amt. $0.00
1, - MCKESSON,1650,,,O,$312.29 ,$0.00 ,9/3/2019,wbra,9/3/2019,wbra,791, - Two-Bag Irrigation Set W/Bubble Chamber, - Two-Bag Irrigation Set W/Bubble Chamber,811890,GENERAL ,811890,,10/BX,$56.57 ,1,0,0,,5,Total Tx Amt. $0.00
1, - MCKESSON,1650,,,O,$312.29 ,$0.00 ,9/3/2019,wbra,9/3/2019,wbra,246, - COMPRESS COLD, - COMPRESS COLD,16-9702,MEDS    ,476731,,24/CS,$7.71 ,1,0,0,,5,Total Tx Amt. $0.00
40, - Office Depot Business Solutions,1651,,,O,$170.28 ,$0.00 ,9/3/2019,wbra,9/3/2019,wbra,1115," - Office, Diet Coke"," - Office, Diet Coke",208185,,208185,,24/CS,$12.32 ,1,0,0,,9,Total Tx Amt. $0.00
40, - Office Depot Business Solutions,1651,,,O,$170.28 ,$0.00 ,9/3/2019,wbra,9/3/2019,wbra,1116," - Office, Diet Ginger Ale"," - Office, Diet Ginger Ale",207730,,207730,,24/CS,$14.49 ,1,0,0,,9,Total Tx Amt. $0.00
40, - Office Depot Business Solutions,1651,,,O,$170.28 ,$0.00 ,9/3/2019,wbra,9/3/2019,wbra,1117," - Office, Ginger Ale"," - Office, Ginger Ale",208402,,208402,,24/CS,$12.32 ,1,0,0,,9,Total Tx Amt. $0.00
40, - Office Depot Business Solutions,1651,,,O,$170.28 ,$0.00 ,9/3/2019,wbra,9/3/2019,wbra,1118," - Office, Sprite"," - Office, Sprite",208255,,208255,,24/CS,$12.32 ,1,0,0,,9,Total Tx Amt. $0.00
40, - Office Depot Business Solutions,1651,,,O,$170.28 ,$0.00 ,9/3/2019,wbra,9/3/2019,wbra,1119," - Office, Sprite Zero"," - Office, Sprite Zero",207786,,207786,,24/CS,$15.09 ,1,0,0,,9,Total Tx Amt. $0.00
40, - Office Depot Business Solutions,1651,,,O,$170.28 ,$0.00 ,9/3/2019,wbra,9/3/2019,wbra,1120," - Office, Apple Juice"," - Office, Apple Juice",5548896,,5548896,,48/BX,$26.29 ,1,0,0,,9,Total Tx Amt. $0.00
40, - Office Depot Business Solutions,1651,,,O,$170.28 ,$0.00 ,9/3/2019,wbra,9/3/2019,wbra,1122," - Office, Cranberry Juice"," - Office, Cranberry Juice",987923,,987923,,48/BX,$47.49 ,1,0,0,,9,Total Tx Amt. $0.00
40, - Office Depot Business Solutions,1651,,,O,$170.28 ,$0.00 ,9/3/2019,wbra,9/3/2019,wbra,1125," - Office, Bottled Water"," - Office, Bottled Water",595347,,595347,,24/CS,$7.99 ,3,0,0,,9,Total Tx Amt. $0.00
40, - Office Depot Business Solutions,1651,,,O,$170.28 ,$0.00 ,9/3/2019,wbra,9/3/2019,wbra,, - Gorilla Glue, - Gorilla Glue,,,,,ea,$5.99 ,1,0,0,,9,Total Tx Amt. $0.00
32, - RICAHRDS MEDICAL,1652,,,O,$195.00 ,$0.00 ,9/3/2019,wbra,9/3/2019,wbra,1126, - Richards Medical Spinal Tray Sprotte Needle, - Richards Medical Spinal Tray Sprotte Needle,TBL132,,TBL132,,10/BX,$195.00 ,1,0,0,,1,Total Tx Amt. $0.00
2, - CARDINAL HEALTH,1653,,,O,"$1,302.12 ",$0.00 ,9/3/2019,wbra,9/4/2019,wbra,604," - SURGICAL CAP, BOUFANT"," - SURGICAL CAP, BOUFANT",3274,GLV/MSK ,3274,,10/CS,$62.15 ,1,0,0,,11,Total Tx Amt. $0.00
2, - CARDINAL HEALTH,1653,,,O,"$1,302.12 ",$0.00 ,9/3/2019,wbra,9/4/2019,wbra,259, - BAND ID ALLERGY RED NO PRE-PRT, - BAND ID ALLERGY RED NO PRE-PRT,420-16PDM,MEDS    ,420-16,,250/CS,$65.91 ,2,0,0,,11,Total Tx Amt. $0.00
2, - CARDINAL HEALTH,1653,,,O,"$1,302.12 ",$0.00 ,9/3/2019,wbra,9/4/2019,wbra,31, - DRAPE CYSTO PACK, - DRAPE CYSTO PACK,SPP99CY1AA,DRAPE   ,SPP99CY1AA,,6/CS,$118.62 ,1,0,0,,11,Total Tx Amt. $0.00
2, - CARDINAL HEALTH,1653,,,O,"$1,302.12 ",$0.00 ,9/3/2019,wbra,9/4/2019,wbra,99, - GLOVE PROTEXIS PI 6 LATEX FREE, - GLOVE PROTEXIS PI 6 LATEX FREE,2D72PT60X,GENERAL ,2D72PT60X,,50/BX,$89.45 ,1,0,0,,11,Total Tx Amt. $0.00
2, - CARDINAL HEALTH,1653,,,O,"$1,302.12 ",$0.00 ,9/3/2019,wbra,9/4/2019,wbra,101, - GLOVE PROTEXIS PI 7 LATEX FREE, - GLOVE PROTEXIS PI 7 LATEX FREE,2D72PT70X,GENERAL ,2D72PT70X,,50/BX,$89.45 ,2,0,0,,11,Total Tx Amt. $0.00
2, - CARDINAL HEALTH,1653,,,O,"$1,302.12 ",$0.00 ,9/3/2019,wbra,9/4/2019,wbra,102, - GLOVE PROTEXIS PI 7.5 LATEX FREE, - GLOVE PROTEXIS PI 7.5 LATEX FREE,2D72PT75X,GENERAL ,2D72PT75X,,50/BX,$89.45 ,1,0,0,,11,Total Tx Amt. $0.00
2, - CARDINAL HEALTH,1653,,,O,"$1,302.12 ",$0.00 ,9/3/2019,wbra,9/4/2019,wbra,103, - GLOVE PROTEXIS PI 8 LATEX FREE, - GLOVE PROTEXIS PI 8 LATEX FREE,2D72PT80X,GENERAL ,2D72PT80X,,50/BX,$89.45 ,2,0,0,,11,Total Tx Amt. $0.00
2, - CARDINAL HEALTH,1653,,,O,"$1,302.12 ",$0.00 ,9/3/2019,wbra,9/4/2019,wbra,669," - PREP, CLIPPER SURGICAL HEAD"," - PREP, CLIPPER SURGICAL HEAD",CAH4406D,PREP    ,CAH4406D,,25/BX,$126.48 ,1,0,0,,11,Total Tx Amt. $0.00
2, - CARDINAL HEALTH,1653,,,O,"$1,302.12 ",$0.00 ,9/3/2019,wbra,9/4/2019,wbra,422, - DISINFECT CAVIWIPE 1MIN, - DISINFECT CAVIWIPE 1MIN,MX13-1150,HSKPNG  ,MX13-1150,,12/BX,$64.95 ,1,0,0,,11,Total Tx Amt. $0.00
2, - CARDINAL HEALTH,1653,,,O,"$1,302.12 ",$0.00 ,9/3/2019,wbra,9/4/2019,wbra,542, - DRP PACK MINOR PROCEDURE, - DRP PACK MINOR PROCEDURE,SPP99MN7AA,DRAPE   ,SPP99MN7AA,,4/CS,$92.00 ,2,0,0,,11,Total Tx Amt. $0.00
2, - CARDINAL HEALTH,1653,,,O,"$1,302.12 ",$0.00 ,9/3/2019,wbra,9/4/2019,wbra,298, - PREP TRAY IODINE STERILE, - PREP TRAY IODINE STERILE,Nov-08,,Nov-08,,20/CS,$77.40 ,1,0,0,,11,Total Tx Amt. $0.00
23, - COLOPLAST,1654,,,O,"$1,566.00 ",$0.00 ,9/3/2019,wbra,9/4/2019,wbra,657," - IMPLANT, TUTOPERICARDIUM 6X6"," - IMPLANT, TUTOPERICARDIUM 6X6",93-8266,GENERAL ,93-8266,,EA,"$1,566.00 ",1,0,0,,1,Total Tx Amt. $0.00
17, - HEALTHTRONICS MOBILE SOLUTIONS,1655,,,O,"$4,470.00 ",$0.00 ,9/4/2019,wbra,9/4/2019,wbra,1128," - Fiber, 272um Single Use Optical Fiber 60Watt"," - Fiber, 272um Single Use Optical Fiber 60Watt",OAF702711,,OAF702711,,EA,$200.00 ,3,0,0,,5,Total Tx Amt. $0.00
17, - HEALTHTRONICS MOBILE SOLUTIONS,1655,,,O,"$4,470.00 ",$0.00 ,9/4/2019,wbra,9/4/2019,wbra,1129," - Fiber, 365um Single Use Optical Fiber 60Watt"," - Fiber, 365um Single Use Optical Fiber 60Watt",OAF703611,,OAF703611,,EA,$200.00 ,3,0,0,,5,Total Tx Amt. $0.00
17, - HEALTHTRONICS MOBILE SOLUTIONS,1655,,,O,"$4,470.00 ",$0.00 ,9/4/2019,wbra,9/4/2019,wbra,1130," - Fiber, 550um Single Use Optical Fiber 60Watt"," - Fiber, 550um Single Use Optical Fiber 60Watt",OAF005511,,OAF005511,,EA,$240.00 ,3,0,0,,5,Total Tx Amt. $0.00
17, - HEALTHTRONICS MOBILE SOLUTIONS,1655,,,O,"$4,470.00 ",$0.00 ,9/4/2019,wbra,9/4/2019,wbra,1131," - Fiber, 800um Single Use Optical Fiber 60Watt"," - Fiber, 800um Single Use Optical Fiber 60Watt",OAF008011,,OAF008011,,EA,$360.00 ,3,0,0,,5,Total Tx Amt. $0.00
17, - HEALTHTRONICS MOBILE SOLUTIONS,1655,,,O,"$4,470.00 ",$0.00 ,9/4/2019,wbra,9/4/2019,wbra,1132," - Fiber, 1000um Single Use Optical Fiber 60Watt"," - Fiber, 1000um Single Use Optical Fiber 60Watt",OAF009911,,OAF009911,,EA,$490.00 ,3,0,0,,5,Total Tx Amt. $0.00
1, - MCKESSON,1656,,,O,"$1,299.47 ",$0.00 ,9/4/2019,wbra,9/4/2019,wbra,165, - MED CIPRO 400MG/200ML, - MED CIPRO 400MG/200ML,916163,ANESTHE ,806731,,24/CS,$69.12 ,1,0,0,,6,Total Tx Amt. $0.00
1, - MCKESSON,1656,,,O,"$1,299.47 ",$0.00 ,9/4/2019,wbra,9/4/2019,wbra,," - Epinephrine, Preservative Free 1 mg / mL (1:1000)"," - Epinephrine, Preservative Free 1 mg / mL (1:1000)",,,,,10/BX,$108.15 ,1,0,0,P/N 980198,6,Total Tx Amt. $0.00
1, - MCKESSON,1656,,,O,"$1,299.47 ",$0.00 ,9/4/2019,wbra,9/4/2019,wbra,177, - MED FLUMAZENIL 5ML, - MED FLUMAZENIL 5ML,787797,GLV/MSK ,787797,,10/BX,$49.13 ,1,0,0,,6,Total Tx Amt. $0.00
1, - MCKESSON,1656,,,O,"$1,299.47 ",$0.00 ,9/4/2019,wbra,9/4/2019,wbra,783," - Sponge, Gauze 4x4 12 Ply"," - Sponge, Gauze 4x4 12 Ply",44122000,GENERAL ,440343,,10/CT,$40.38 ,1,0,0,,6,Total Tx Amt. $0.00
1, - MCKESSON,1656,,,O,"$1,299.47 ",$0.00 ,9/4/2019,wbra,9/4/2019,wbra,181, - MED HUMULIN R, - MED HUMULIN R,719610,GLV/MSK ,719610,,EA,$52.84 ,1,0,0,,6,Total Tx Amt. $0.00
1, - MCKESSON,1656,,,O,"$1,299.47 ",$0.00 ,9/4/2019,wbra,9/4/2019,wbra,1142," - Meds, Vasostrict 20unit/ml mdv 1 ml"," - Meds, Vasostrict 20unit/ml mdv 1 ml",950105,,950105,,EA,$195.97 ,5,0,0,,6,Total Tx Amt. $0.00
27, - BESSE MEDICAL,1657,,,O,$396.75 ,$0.00 ,9/4/2019,wbra,9/4/2019,wbra,1044," - meds, Succinylcholine /chloride mg/ml  10 ml vial"," - meds, Succinylcholine /chloride mg/ml  10 ml vial",364606,MEDS    ,54496,,25/BX,$396.75 ,1,0,0,,1,Total Tx Amt. $0.00
26, - CUSTOM MEDICAL SPECILTIES,1658,,,O,$258.00 ,$0.00 ,9/4/2019,wbra,9/4/2019,wbra,637," - BAG, DRAIN SURGICAL TABLE"," - BAG, DRAIN SURGICAL TABLE",CMS-999,GENERAL ,CMS-999,,20/CS,$129.00 ,2,0,0,,1,Total Tx Amt. $0.00
2, - CARDINAL HEALTH,1659,,,O,"$3,874.11 ",$0.00 ,9/4/2019,wbra,9/9/2019,wbra,323, - WRAP DOUBLE LAYER 36X36, - WRAP DOUBLE LAYER 36X36,CH5G0036,,CH5G0036,,75/PK,$121.13 ,2,0,0,,18,Total Tx Amt. $0.00
2, - CARDINAL HEALTH,1659,,,O,"$3,874.11 ",$0.00 ,9/4/2019,wbra,9/9/2019,wbra,542, - DRP PACK MINOR PROCEDURE, - DRP PACK MINOR PROCEDURE,SPP99MN7AA,DRAPE   ,SPP99MN7AA,,4/CS,$92.00 ,1,0,0,,18,Total Tx Amt. $0.00
2, - CARDINAL HEALTH,1659,,,O,"$3,874.11 ",$0.00 ,9/4/2019,wbra,9/9/2019,wbra,670," - ANES, AIRWAY, LMA IGEL 4"," - ANES, AIRWAY, LMA IGEL 4",8204000,ANESTHE ,I8204,,25/CS,$261.88 ,2,0,0,,18,Total Tx Amt. $0.00
2, - CARDINAL HEALTH,1659,,,O,"$3,874.11 ",$0.00 ,9/4/2019,wbra,9/9/2019,wbra,619," - ANES, AIRWAY ORAL 90MM YELLOW"," - ANES, AIRWAY ORAL 90MM YELLOW",122790A,ANESTHE ,122790A,,10/BX,$9.82 ,2,0,0,,18,Total Tx Amt. $0.00
2, - CARDINAL HEALTH,1659,,,O,"$3,874.11 ",$0.00 ,9/4/2019,wbra,9/9/2019,wbra,564, - ANES AIRWAY ORAL 100MM RED, - ANES AIRWAY ORAL 100MM RED,16-2101G,ANESTHE ,1227100A,,10/BX,$9.82 ,2,0,0,,18,Total Tx Amt. $0.00
2, - CARDINAL HEALTH,1659,,,O,"$3,874.11 ",$0.00 ,9/4/2019,wbra,9/9/2019,wbra,281, - SOCK SLIPPER ADULT XL, - SOCK SLIPPER ADULT XL,68125-GRY,,68125-GRY,,48/BX,$36.48 ,2,0,0,,18,Total Tx Amt. $0.00
2, - CARDINAL HEALTH,1659,,,O,"$3,874.11 ",$0.00 ,9/4/2019,wbra,9/9/2019,wbra,134, - IV START KIT, - IV START KIT,01-9000A,GENERAL ,01-9000A,,100/CS,$100.00 ,1,0,0,,18,Total Tx Amt. $0.00
2, - CARDINAL HEALTH,1659,,,O,"$3,874.11 ",$0.00 ,9/4/2019,wbra,9/9/2019,wbra,739, - SafeDay IV Administration Set, - SafeDay IV Administration Set,352904,PACU    ,352899,,50/BX,$366.36 ,2,0,0,,18,Total Tx Amt. $0.00
2, - CARDINAL HEALTH,1659,,,O,"$3,874.11 ",$0.00 ,9/4/2019,wbra,9/9/2019,wbra,612," - SPD, PEEL POUCH 5.5X10"," - SPD, PEEL POUCH 5.5X10",92510,STRL PRO,92510,,1/BX,$63.24 ,4,0,0,,18,Total Tx Amt. $0.00
2, - CARDINAL HEALTH,1659,,,O,"$3,874.11 ",$0.00 ,9/4/2019,wbra,9/9/2019,wbra,614," - SPD, PEEL POUCH 9.125X25.5"," - SPD, PEEL POUCH 9.125X25.5",92923,STRL PRO,92923,,100/BX,$114.62 ,2,0,0,,18,Total Tx Amt. $0.00
2, - CARDINAL HEALTH,1659,,,O,"$3,874.11 ",$0.00 ,9/4/2019,wbra,9/9/2019,wbra,745, - 3M Sterilization Indicator Strip comply Steam Chem, - 3M Sterilization Indicator Strip comply Steam Chem,1243ac,STRL PRO,1243AC,,2/CS,$48.45 ,2,0,0,,18,Total Tx Amt. $0.00
2, - CARDINAL HEALTH,1659,,,O,"$3,874.11 ",$0.00 ,9/4/2019,wbra,9/9/2019,wbra,304, - TEST PACK BIOLOGICAL INDICATOR, - TEST PACK BIOLOGICAL INDICATOR,M1496V,,M1496V,,24/CS,$198.54 ,4,0,0,,18,Total Tx Amt. $0.00
2, - CARDINAL HEALTH,1659,,,O,"$3,874.11 ",$0.00 ,9/4/2019,wbra,9/9/2019,wbra,305, - TEST PACK BOWIE DICK, - TEST PACK BOWIE DICK,00135ls,STRL PRO,M00135LF,,30/CS,$107.47 ,1,0,0,,18,Total Tx Amt. $0.00
2, - CARDINAL HEALTH,1659,,,O,"$3,874.11 ",$0.00 ,9/4/2019,wbra,9/9/2019,wbra,325, - TAPE STERILIZATION STEAM, - TAPE STERILIZATION STEAM,T40313A,,T40313A,,1/RL,$4.00 ,5,0,0,,18,Total Tx Amt. $0.00
2, - CARDINAL HEALTH,1659,,,O,"$3,874.11 ",$0.00 ,9/4/2019,wbra,9/9/2019,wbra,363, - CONTAINER SUCTION 3000ML, - CONTAINER SUCTION 3000ML,65651-230,GENERAL ,65651-230,,40/CS,$70.47 ,2,0,0,,18,Total Tx Amt. $0.00
2, - CARDINAL HEALTH,1659,,,O,"$3,874.11 ",$0.00 ,9/4/2019,wbra,9/9/2019,wbra,1147, - CAUTERY PAD GROUND ADULT 10FT CONMED, - CAUTERY PAD GROUND ADULT 10FT CONMED,410-2000A,,410-2000A,,25/BX,$73.85 ,2,0,0,,18,Total Tx Amt. $0.00
2, - CARDINAL HEALTH,1659,,,O,"$3,874.11 ",$0.00 ,9/4/2019,wbra,9/9/2019,wbra,96, - SHOE COVER DURAFIT NON-SKID X-LARGE, - SHOE COVER DURAFIT NON-SKID X-LARGE,4854,GENERAL ,4854,,4/CS,$44.52 ,1,0,0,,18,Total Tx Amt. $0.00
2, - CARDINAL HEALTH,1659,,,O,"$3,874.11 ",$0.00 ,9/4/2019,wbra,9/9/2019,wbra,31, - DRAPE CYSTO PACK, - DRAPE CYSTO PACK,SPP99CY1AA,DRAPE   ,SPP99CY1AA,,6/CS,$118.62 ,2,0,0,,18,Total Tx Amt. $0.00
15, - TELEFLEX/ARROW,1660,,,O,$606.00 ,$0.00 ,9/4/2019,wbra,9/4/2019,wbra,518, - ANES LMA 4 UNIQUE, - ANES LMA 4 UNIQUE,105200-000040,ANESTHE ,105200-000040,,10/BX,$151.50 ,4,0,0,,1,Total Tx Amt. $0.00
13, - CARE FUSION,1661,,,O,"$1,038.93 ",$0.00 ,9/4/2019,wbra,9/23/2019,wbra,1133," - Instrument, Adson Micro Forcep Del Jaw 1x2 teeth"," - Instrument, Adson Micro Forcep Del Jaw 1x2 teeth",NL1411,,NL1411,,EA,$18.12 ,2,0,0,,5,Total Tx Amt. $0.00
13, - CARE FUSION,1661,,,O,"$1,038.93 ",$0.00 ,9/4/2019,wbra,9/23/2019,wbra,1134," - Instrument, Adson Micro Forcep Serr Jaw 4 3/4"""," - Instrument, Adson Micro Forcep Serr Jaw 4 3/4""",NL1401,,NL1401,,EA,$15.55 ,2,0,0,,5,Total Tx Amt. $0.00
13, - CARE FUSION,1661,,,O,"$1,038.93 ",$0.00 ,9/4/2019,wbra,9/23/2019,wbra,1135," - Instrument, Bipolar Jewelers Forceps 0.4mm 4"" stra"," - Instrument, Bipolar Jewelers Forceps 0.4mm 4"" stra",F-3000,,F-3000,,EA,$248.88 ,3,0,0,,5,Total Tx Amt. $0.00
13, - CARE FUSION,1661,,,O,"$1,038.93 ",$0.00 ,9/4/2019,wbra,9/23/2019,wbra,1138," - Instrument, Bowman Lacrimal Probe Dbl-End SZ 5-6"," - Instrument, Bowman Lacrimal Probe Dbl-End SZ 5-6",OP7020-056,,OP7020-056,,EA,$54.90 ,1,0,0,,5,Total Tx Amt. $0.00
13, - CARE FUSION,1661,,,O,"$1,038.93 ",$0.00 ,9/4/2019,wbra,9/23/2019,wbra,1141," - Instrument, Frazier Suct. Tube 6fr WK 3 7/8"" long"," - Instrument, Frazier Suct. Tube 6fr WK 3 7/8"" long",NL1900-6,,NL1900-6,,EA,$170.05 ,1,0,0,,5,Total Tx Amt. $0.00
1, - MCKESSON,1662,,,O,$790.52 ,$0.00 ,9/5/2019,wbra,9/5/2019,wbra,148, - FLUID WATER 500ML BOTTLE, - FLUID WATER 500ML BOTTLE,161730,GENERAL ,161730,,16/cs,$28.50 ,1,0,0,,5,Total Tx Amt. $0.00
1, - MCKESSON,1662,,,O,$790.52 ,$0.00 ,9/5/2019,wbra,9/5/2019,wbra,140, - FLUID NACL 3000ML, - FLUID NACL 3000ML,230132,GENERAL ,230132,,4/CS,$34.32 ,4,0,0,,5,Total Tx Amt. $0.00
1, - MCKESSON,1662,,,O,$790.52 ,$0.00 ,9/5/2019,wbra,9/5/2019,wbra,633," - TUBING, SUCTION NS BUBBLE"," - TUBING, SUCTION NS BUBBLE",8888280412,GLV/MSK ,774642,,1/CS,$13.84 ,4,0,0,,5,Total Tx Amt. $0.00
1, - MCKESSON,1662,,,O,$790.52 ,$0.00 ,9/5/2019,wbra,9/5/2019,wbra,907," - Meds, Ephedrine, AMP 50Mg/ml 1ml"," - Meds, Ephedrine, AMP 50Mg/ml 1ml",17478041510,ANESTHE ,1092978,,10/BX,$252.34 ,1,0,0,,5,Total Tx Amt. $0.00
1, - MCKESSON,1662,,,O,$790.52 ,$0.00 ,9/5/2019,wbra,9/5/2019,wbra,127, - IV CATH INTROCAN 20X1, - IV CATH INTROCAN 20X1,629114,PACU    ,629114,,50/BX,$158.52 ,2,0,0,,5,Total Tx Amt. $0.00
42, - Accurate Surgical & Scientific Instruments,1663,,,O,"$1,537.20 ",$0.00 ,9/5/2019,wbra,9/5/2019,wbra,1144," - Instrument, Needle Holder 18 CM curved W/O lock"," - Instrument, Needle Holder 18 CM curved W/O lock",ASSI.B188TCC,,ASSI.B188TCC,,EA,$493.20 ,2,0,0,,2,Total Tx Amt. $0.00
42, - Accurate Surgical & Scientific Instruments,1663,,,O,"$1,537.20 ",$0.00 ,9/5/2019,wbra,9/5/2019,wbra,1143," - Instrument, Classic Forceps 18cmm Rd Hdl W/Platfor"," - Instrument, Classic Forceps 18cmm Rd Hdl W/Platfor",ASSI.230,,ASSI.230,,EA,$275.40 ,2,0,0,,2,Total Tx Amt. $0.00
14, - BARD,1664,,,O,$75.20 ,$0.00 ,9/5/2019,wbra,9/5/2019,wbra,573, - ELLIK EVACUTOR, - ELLIK EVACUTOR,451,GENERAL ,451,,10/BX,$75.20 ,1,0,0,,1,Total Tx Amt. $0.00
1, - MCKESSON,1665,,,O,$314.77 ,$0.00 ,9/6/2019,wbra,9/6/2019,wbra,874," - Kitchen, Coffee Cups"," - Kitchen, Coffee Cups",1002351,GENERAL ,1002351,,1/CS,$61.83 ,1,0,0,,3,Total Tx Amt. $0.00
1, - MCKESSON,1665,,,O,$314.77 ,$0.00 ,9/6/2019,wbra,9/6/2019,wbra,624," - MED, OMNIPAQUE 300"," - MED, OMNIPAQUE 300",407141361,MEDS    ,533382,,10/BX,$57.83 ,2,0,0,,3,Total Tx Amt. $0.00
1, - MCKESSON,1665,,,O,$314.77 ,$0.00 ,9/6/2019,wbra,9/6/2019,wbra,140, - FLUID NACL 3000ML, - FLUID NACL 3000ML,230132,GENERAL ,230132,,4/CS,$34.32 ,4,0,0,,3,Total Tx Amt. $0.00
11, - RICHARD WOLF,1666,,,O,$130.00 ,$0.00 ,9/6/2019,wbra,9/6/2019,wbra,672," - BROKEN SCOPE REPAIR, URETERORENSCOPE 5DEGREE"," - BROKEN SCOPE REPAIR, URETERORENSCOPE 5DEGREE",8632.284,STRL PRO,7378.071,,EA,$130.00 ,1,0,0,,1,Total Tx Amt. $0.00
40, - Office Depot Business Solutions,1667,,,O,$15.29 ,$0.00 ,9/6/2019,wbra,9/9/2019,wbra,1145," - Office, Envelopes Brown Kraft"," - Office, Envelopes Brown Kraft",11562,PACU    ,11562,,1/BX,$0.00 ,1,0,0,,2,Total Tx Amt. $0.00
40, - Office Depot Business Solutions,1667,,,O,$15.29 ,$0.00 ,9/6/2019,wbra,9/9/2019,wbra,1146," - Office, EXPO Low-Order Dry erase Markers"," - Office, EXPO Low-Order Dry erase Markers",528712,,528712,,12/BX,$15.29 ,1,0,0,,2,Total Tx Amt. $0.00
1, - MCKESSON,1668,,,O,$759.17 ,$0.00 ,9/9/2019,wbra,9/9/2019,wbra,927," - IV Admin Set, Secondary 15 drp"," - IV Admin Set, Secondary 15 drp",sc9001,PACU    ,685495,,50/BX,$40.87 ,1,0,0,,17,Total Tx Amt. $0.00
1, - MCKESSON,1668,,,O,$759.17 ,$0.00 ,9/9/2019,wbra,9/9/2019,wbra,211, - MED PROPOFOL 20ML, - MED PROPOFOL 20ML,989562,IVSUPPLY,989562,,25/BX,$56.86 ,3,0,0,,17,Total Tx Amt. $0.00
1, - MCKESSON,1668,,,O,$759.17 ,$0.00 ,9/9/2019,wbra,9/9/2019,wbra,162, - MED ANCEF 1G, - MED ANCEF 1G,1107414,GLV/MSK ,1107414,,25/BX,$25.94 ,2,0,0,,17,Total Tx Amt. $0.00
1, - MCKESSON,1668,,,O,$759.17 ,$0.00 ,9/9/2019,wbra,9/9/2019,wbra,135, - FLUID LR 1000ML, - FLUID LR 1000ML,208829,GENERAL ,208829,,12/CS,$38.66 ,2,0,0,,17,Total Tx Amt. $0.00
1, - MCKESSON,1668,,,O,$759.17 ,$0.00 ,9/9/2019,wbra,9/9/2019,wbra,710," - SUPP, NASAL CAN GAS SAMPLE 7'"," - SUPP, NASAL CAN GAS SAMPLE 7'",999489,ANESTHE ,999489,,25/CS,$42.19 ,1,0,0,,17,Total Tx Amt. $0.00
1, - MCKESSON,1668,,,O,$759.17 ,$0.00 ,9/9/2019,wbra,9/9/2019,wbra,833," - Mask, Anes size 6 Adult Elongated"," - Mask, Anes size 6 Adult Elongated",854706,ANESTHE ,854706,,30/BX,$46.88 ,1,0,0,,17,Total Tx Amt. $0.00
1, - MCKESSON,1668,,,O,$759.17 ,$0.00 ,9/9/2019,wbra,9/9/2019,wbra,1148," - Mask, Oxygen Mask 7 Ft Tube"," - Mask, Oxygen Mask 7 Ft Tube",911719,,911719,,50/BX,$28.13 ,1,0,0,,17,Total Tx Amt. $0.00
1, - MCKESSON,1668,,,O,$759.17 ,$0.00 ,9/9/2019,wbra,9/9/2019,wbra,875," - Kitchen, Forks"," - Kitchen, Forks",DIXPFM21,GENERAL ,547574,,1/CS,$16.67 ,1,0,0,,17,Total Tx Amt. $0.00
1, - MCKESSON,1668,,,O,$759.17 ,$0.00 ,9/9/2019,wbra,9/9/2019,wbra,877," - Kitchen, Knife"," - Kitchen, Knife",959246,GENERAL ,959246,,1/CS,$8.63 ,1,0,0,,17,Total Tx Amt. $0.00
1, - MCKESSON,1668,,,O,$759.17 ,$0.00 ,9/9/2019,wbra,9/9/2019,wbra,876," - Kitchen, Spoons"," - Kitchen, Spoons",730273,GENERAL ,730273,,1/CS,$13.00 ,1,0,0,,17,Total Tx Amt. $0.00
1, - MCKESSON,1668,,,O,$759.17 ,$0.00 ,9/9/2019,wbra,9/9/2019,wbra,952," - Kitchen, Paper Plates"," - Kitchen, Paper Plates",992735,GENERAL ,992735,,1/CS,$40.21 ,1,0,0,,17,Total Tx Amt. $0.00
1, - MCKESSON,1668,,,O,$759.17 ,$0.00 ,9/9/2019,wbra,9/9/2019,wbra,236, - NDL SPINAL 22X3.5 QUINCKE, - NDL SPINAL 22X3.5 QUINCKE,797482,MEDS    ,797482,,25/BX,$33.02 ,1,0,0,,17,Total Tx Amt. $0.00
1, - MCKESSON,1668,,,O,$759.17 ,$0.00 ,9/9/2019,wbra,9/9/2019,wbra,123, - TOWEL PAPER C-FOLD, - TOWEL PAPER C-FOLD,1040599,GENERAL ,1040599,,1/CS,$18.08 ,1,0,0,,17,Total Tx Amt. $0.00
1, - MCKESSON,1668,,,O,$759.17 ,$0.00 ,9/9/2019,wbra,9/9/2019,wbra,878," - Kitchen, Napkins"," - Kitchen, Napkins",MRC-6506PK,DRESSING,737581,,4000/CS,$6.93 ,1,0,0,,17,Total Tx Amt. $0.00
1, - MCKESSON,1668,,,O,$759.17 ,$0.00 ,9/9/2019,wbra,9/9/2019,wbra,148, - FLUID WATER 500ML BOTTLE, - FLUID WATER 500ML BOTTLE,161730,GENERAL ,161730,,16/cs,$28.50 ,1,0,0,,17,Total Tx Amt. $0.00
1, - MCKESSON,1668,,,O,$759.17 ,$0.00 ,9/9/2019,wbra,9/9/2019,wbra,420, - SYRINGE LL 10ML, - SYRINGE LL 10ML,1031801,,1031801,,100/BX,$7.50 ,2,0,0,,17,Total Tx Amt. $0.00
1, - MCKESSON,1668,,,O,$759.17 ,$0.00 ,9/9/2019,wbra,9/9/2019,wbra,726," - SUPP, Y TUBING"," - SUPP, Y TUBING",2C4005,GENERAL ,200390,,12/BX,$121.28 ,1,0,0,,17,Total Tx Amt. $0.00
4, - COOK MEDICAL,1669,,,O,"$1,132.71 ",$0.00 ,9/9/2019,wbra,9/9/2019,wbra,432, - COOK ACCESS SHEATH URETERAL 14FR 35CM, - COOK ACCESS SHEATH URETERAL 14FR 35CM,G30389,GENERAL ,G30389,,EA,$113.55 ,5,0,0,,5,Total Tx Amt. $0.00
4, - COOK MEDICAL,1669,,,O,"$1,132.71 ",$0.00 ,9/9/2019,wbra,9/9/2019,wbra,459, - COOK URETERAL STENT FIRM UNIVERSA, - COOK URETERAL STENT FIRM UNIVERSA,G23406,GENERAL ,G23406,,EA,$49.50 ,4,0,0,,5,Total Tx Amt. $0.00
4, - COOK MEDICAL,1669,,,O,"$1,132.71 ",$0.00 ,9/9/2019,wbra,9/9/2019,wbra,460, - COOK URETERAL STENT FIRM UNIVERSA, - COOK URETERAL STENT FIRM UNIVERSA,G23407,GENERAL ,G23407,,EA,$49.50 ,2,0,0,,5,Total Tx Amt. $0.00
4, - COOK MEDICAL,1669,,,O,"$1,132.71 ",$0.00 ,9/9/2019,wbra,9/9/2019,wbra,746, - Catheter Dual Lumen 10Fr, - Catheter Dual Lumen 10Fr,G17330,,G17330,,EA,$39.82 ,3,0,0,,5,Total Tx Amt. $0.00
4, - COOK MEDICAL,1669,,,O,"$1,132.71 ",$0.00 ,9/9/2019,wbra,9/9/2019,wbra,986, - COOK STENT 7 x 24 Universal Stent, - COOK STENT 7 x 24 Universal Stent,G23415,,G23415,,EA,$49.50 ,3,0,0,,5,Total Tx Amt. $0.00
3, - BOSTON SCIENTIFIC,1670,,,O,"$1,700.65 ",$0.00 ,9/9/2019,wbra,9/10/2019,wbra,1066," - Basket, Gemini 4wire Zero tip 120 cm"," - Basket, Gemini 4wire Zero tip 120 cm",m0063301080,GENERAL ,m0063301080,,EA,$317.11 ,3,0,0,,2,Total Tx Amt. $0.00
3, - BOSTON SCIENTIFIC,1670,,,O,"$1,700.65 ",$0.00 ,9/9/2019,wbra,9/10/2019,wbra,446, - BOSTON SCI WIRE GUIDE SENSOR .035 STR, - BOSTON SCI WIRE GUIDE SENSOR .035 STR,M0066703081,GENERAL ,M0066703081,,5/BX,$374.66 ,2,0,0,,2,Total Tx Amt. $0.00
17, - HEALTHTRONICS MOBILE SOLUTIONS,1671,,,O,$500.00 ,$0.00 ,9/9/2019,wbra,9/10/2019,wbra,529, - LASER FIBER HO 200 SINGLE USE, - LASER FIBER HO 200 SINGLE USE,95193,GENERAL ,95193,,EA,$125.00 ,4,0,0,,1,Total Tx Amt. $0.00
3, - BOSTON SCIENTIFIC,1672,,,O,"$29,150.00 ",$0.00 ,9/10/2019,wbra,9/10/2019,wbra,1149," - Impl, Hex Wrench"," - Impl, Hex Wrench",SC-4245,,SC-4275,,EA,$75.00 ,1,0,0,Lot # 21606658,3,Total Tx Amt. $0.00
3, - BOSTON SCIENTIFIC,1672,,,O,"$29,150.00 ",$0.00 ,9/10/2019,wbra,9/10/2019,wbra,1150," - Impl, Precision Nove Implantable Pulse Generator"," - Impl, Precision Nove Implantable Pulse Generator",SC-1140,,SC-1140,,EA,"$27,285.00 ",1,0,0,S/N 201918,3,Total Tx Amt. $0.00
3, - BOSTON SCIENTIFIC,1672,,,O,"$29,150.00 ",$0.00 ,9/10/2019,wbra,9/10/2019,wbra,1151," - IMPL, Freelink, Remote Control Kit"," - IMPL, Freelink, Remote Control Kit",SC-5562-1,,SC-5562-1,,EA,"$1,790.00 ",1,0,0,S/N 101460,3,Total Tx Amt. $0.00
40, - Office Depot Business Solutions,1673,,,O,$25.48 ,$0.00 ,9/10/2019,wbra,9/10/2019,wbra,1152," - Office, Heavy Weight Sheet Protectors"," - Office, Heavy Weight Sheet Protectors",491658,,491658,,100/BX,$12.74 ,2,0,0,,1,Total Tx Amt. $0.00
1, - MCKESSON,1674,,,O,"$5,691.23 ",$0.00 ,9/10/2019,wbra,9/10/2019,wbra,827," - Botox, Therapeutic VL  100units, Allergan"," - Botox, Therapeutic VL  100units, Allergan",,MEDS    ,349702,,1/BT,$670.42 ,5,0,0,,9,Total Tx Amt. $0.00
1, - MCKESSON,1674,,,O,"$5,691.23 ",$0.00 ,9/10/2019,wbra,9/10/2019,wbra,830, - syringe/needle 3cc Blnt LL 18ga x 1 1/2, - syringe/needle 3cc Blnt LL 18ga x 1 1/2,305060,GENERAL ,459506,,100/BX,$16.85 ,4,0,0,,9,Total Tx Amt. $0.00
1, - MCKESSON,1674,,,O,"$5,691.23 ",$0.00 ,9/10/2019,wbra,9/10/2019,wbra,710," - SUPP, NASAL CAN GAS SAMPLE 7'"," - SUPP, NASAL CAN GAS SAMPLE 7'",999489,ANESTHE ,999489,,25/CS,$42.19 ,2,0,0,,9,Total Tx Amt. $0.00
1, - MCKESSON,1674,,,O,"$5,691.23 ",$0.00 ,9/10/2019,wbra,9/10/2019,wbra,699," - MED, SEVOFLURANE INHAL"," - MED, SEVOFLURANE INHAL",6679401525,MEDS    ,779244,,EA,$128.40 ,6,0,0,,9,Total Tx Amt. $0.00
1, - MCKESSON,1674,,,O,"$5,691.23 ",$0.00 ,9/10/2019,wbra,9/10/2019,wbra,229, - NDL HYPO 18X1.5, - NDL HYPO 18X1.5,1031789,IVS     ,1031789,,100/BX,$2.80 ,4,0,0,,9,Total Tx Amt. $0.00
1, - MCKESSON,1674,,,O,"$5,691.23 ",$0.00 ,9/10/2019,wbra,9/10/2019,wbra,743, - EKG Monitor Button Red Dot, - EKG Monitor Button Red Dot,2560,ANESTHE ,199314,,50/CS,$164.65 ,2,0,0,,9,Total Tx Amt. $0.00
1, - MCKESSON,1674,,,O,"$5,691.23 ",$0.00 ,9/10/2019,wbra,9/10/2019,wbra,907," - Meds, Ephedrine, AMP 50Mg/ml 1ml"," - Meds, Ephedrine, AMP 50Mg/ml 1ml",17478041510,ANESTHE ,1092978,,10/BX,$252.34 ,4,0,0,,9,Total Tx Amt. $0.00
1, - MCKESSON,1674,,,O,"$5,691.23 ",$0.00 ,9/10/2019,wbra,9/10/2019,wbra,765, - Sani-Cloth Surface Disinfectant liquid Wipe, - Sani-Cloth Surface Disinfectant liquid Wipe,H04082,PACU    ,297456,,50/BX,$5.34 ,2,0,0,,9,Total Tx Amt. $0.00
1, - MCKESSON,1674,,,O,"$5,691.23 ",$0.00 ,9/10/2019,wbra,9/10/2019,wbra,372, - DRAPE TOWEL SURGICAL 4PK BLUE, - DRAPE TOWEL SURGICAL 4PK BLUE,28700-004,DRAPE   ,1126167,,20/BX,$56.41 ,1,0,0,,9,Total Tx Amt. $0.00
43, - Bound Tree,1675,,,O,$252.78 ,$0.00 ,9/10/2019,wbra,9/10/2019,wbra,1153," - ANES, LARYNGOSCOPE MAC #3 DISPOSABLE"," - ANES, LARYNGOSCOPE MAC #3 DISPOSABLE",301-LED-030S,ANESTHE ,301-LED-030S,,EA,$11.49 ,10,0,0,,3,Total Tx Amt. $0.00
43, - Bound Tree,1675,,,O,$252.78 ,$0.00 ,9/10/2019,wbra,9/10/2019,wbra,1154," - ANES, LARYNGOSCOPE MAC #4 DISPOSABLE"," - ANES, LARYNGOSCOPE MAC #4 DISPOSABLE",301-LED-040S,ANESTHE ,301-LED-040S,,EA,$11.49 ,6,0,0,,3,Total Tx Amt. $0.00
43, - Bound Tree,1675,,,O,$252.78 ,$0.00 ,9/10/2019,wbra,9/10/2019,wbra,1155," - ANES, LARYNGOSCOPE MIL #2  DISPOSABL"," - ANES, LARYNGOSCOPE MIL #2  DISPOSABL",301-LED-102S,ANESTHE ,301-LED-102S,,EA,$11.49 ,6,0,0,,3,Total Tx Amt. $0.00
33, - MEDTRONIC,1676,,,O,$700.00 ,$0.00 ,9/10/2019,wbra,9/10/2019,wbra,736," - IMP, INTERSTIM TEST STIM 353101"," - IMP, INTERSTIM TEST STIM 353101",353101,GENERAL ,353101,,EA,$350.00 ,2,0,0,,1,Total Tx Amt. $0.00
2, - CARDINAL HEALTH,1677,,,O,$501.27 ,$0.00 ,9/11/2019,wbra,9/11/2019,wbra,602," - ANES, TUBING, MICROBORE EXTENSION 60"""," - ANES, TUBING, MICROBORE EXTENSION 60""",N1602,ANESTHE ,N1602,,100/BX,$94.14 ,1,0,0,,6,Total Tx Amt. $0.00
2, - CARDINAL HEALTH,1677,,,O,$501.27 ,$0.00 ,9/11/2019,wbra,9/11/2019,wbra,317, - TEST TAPE STEAM, - TEST TAPE STEAM,T40311A,,T40311A,,1/RL,$13.08 ,6,0,0,,6,Total Tx Amt. $0.00
2, - CARDINAL HEALTH,1677,,,O,$501.27 ,$0.00 ,9/11/2019,wbra,9/11/2019,wbra,847, - Gown xxl, - Gown xxl,44675,GENERAL ,44675,,1/CS,$181.03 ,1,0,0,,6,Total Tx Amt. $0.00
2, - CARDINAL HEALTH,1677,,,O,$501.27 ,$0.00 ,9/11/2019,wbra,9/11/2019,wbra,684," - GOWN, LG AAMI 4 SMART SLEEVE (LEVINE)"," - GOWN, LG AAMI 4 SMART SLEEVE (LEVINE)",9011,GENERAL ,9011,,20/CS,$63.77 ,1,0,0,,6,Total Tx Amt. $0.00
2, - CARDINAL HEALTH,1677,,,O,$501.27 ,$0.00 ,9/11/2019,wbra,9/11/2019,wbra,106, - GOWN XLARGE, - GOWN XLARGE,9545,GENERAL ,9545,,20/CS,$45.85 ,1,0,0,,6,Total Tx Amt. $0.00
2, - CARDINAL HEALTH,1677,,,O,$501.27 ,$0.00 ,9/11/2019,wbra,9/11/2019,wbra,372, - DRAPE TOWEL SURGICAL 4PK BLUE, - DRAPE TOWEL SURGICAL 4PK BLUE,28700-004,DRAPE   ,28700-004,,20/CS,$38.00 ,1,0,0,,6,Total Tx Amt. $0.00
1, - MCKESSON,1678,,,O,$437.15 ,$0.00 ,9/11/2019,wbra,9/11/2019,wbra,849," - Lidocaine 1 % HCI Injection, USP 500mg/50ml Multi"," - Lidocaine 1 % HCI Injection, USP 500mg/50ml Multi",239936,,239936,,25/CT,$57.73 ,3,0,0,,6,Total Tx Amt. $0.00
1, - MCKESSON,1678,,,O,$437.15 ,$0.00 ,9/11/2019,wbra,9/11/2019,wbra,64, - TAPE PLASTIC/TRANSPORE 1IN, - TAPE PLASTIC/TRANSPORE 1IN,M1527-1,DRESSING,5762,,12/BX,$7.42 ,4,0,0,,6,Total Tx Amt. $0.00
1, - MCKESSON,1678,,,O,$437.15 ,$0.00 ,9/11/2019,wbra,9/11/2019,wbra,348, - CAUTERY TIP NDL, - CAUTERY TIP NDL,ES02,GENERAL ,275608,,25/BX,$46.79 ,1,0,0,,6,Total Tx Amt. $0.00
1, - MCKESSON,1678,,,O,$437.15 ,$0.00 ,9/11/2019,wbra,9/11/2019,wbra,268, - MARKER SKIN MINI NS, - MARKER SKIN MINI NS,1042455,MEDS    ,1042455,,100/BX,$33.13 ,1,0,0,,6,Total Tx Amt. $0.00
1, - MCKESSON,1678,,,O,$437.15 ,$0.00 ,9/11/2019,wbra,9/11/2019,wbra,140, - FLUID NACL 3000ML, - FLUID NACL 3000ML,230132,GENERAL ,230132,,4/CS,$34.32 ,3,0,0,,6,Total Tx Amt. $0.00
1, - MCKESSON,1678,,,O,$437.15 ,$0.00 ,9/11/2019,wbra,9/11/2019,wbra,116, - DISINFECT FADE-A-DYNE, - DISINFECT FADE-A-DYNE,861653,HSKPNG  ,861653,,EA,$12.85 ,4,0,0,,6,Total Tx Amt. $0.00
1, - MCKESSON,1679,,,O,$643.36 ,$0.00 ,9/12/2019,wbra,9/12/2019,wbra,888," - Implant, Parietex Hydrophilic 3-Dimensional Mesh"," - Implant, Parietex Hydrophilic 3-Dimensional Mesh",TET1309,GENERAL ,559509,,EA,$160.84 ,4,0,0,,1,Total Tx Amt. $0.00
2, - CARDINAL HEALTH,1680,,,O,"$2,849.89 ",$0.00 ,9/12/2019,wbra,9/16/2019,wbra,778, - Suture Vicyrl 2-0 70 cm, - Suture Vicyrl 2-0 70 cm,J417H,,J417H,,36/BX,$92.98 ,1,0,0,,22,Total Tx Amt. $0.00
2, - CARDINAL HEALTH,1680,,,O,"$2,849.89 ",$0.00 ,9/12/2019,wbra,9/16/2019,wbra,412, - SUTURE VICRYL 3-0 SH 27IN, - SUTURE VICRYL 3-0 SH 27IN,J416H,,J416H,,36/BX,$55.09 ,1,0,0,,22,Total Tx Amt. $0.00
2, - CARDINAL HEALTH,1680,,,O,"$2,849.89 ",$0.00 ,9/12/2019,wbra,9/16/2019,wbra,410, - SUTURE VIRCYL 4-0, - SUTURE VIRCYL 4-0,J496H,,J496H,,12/BX,$48.49 ,3,0,0,,22,Total Tx Amt. $0.00
2, - CARDINAL HEALTH,1680,,,O,"$2,849.89 ",$0.00 ,9/12/2019,wbra,9/16/2019,wbra,1156," - SUTR, ETHIBOND 3-0 30"" TAPER POING 1/2 CIRCLE"," - SUTR, ETHIBOND 3-0 30"" TAPER POING 1/2 CIRCLE",X272H,,X272H,,36/BX,$77.90 ,1,0,0,,22,Total Tx Amt. $0.00
2, - CARDINAL HEALTH,1680,,,O,"$2,849.89 ",$0.00 ,9/12/2019,wbra,9/16/2019,wbra,35, - DRAPE UNDER BUTT W/ POUCH, - DRAPE UNDER BUTT W/ POUCH,8484,DRAPE   ,8484,,20/CS,$66.60 ,1,0,0,,22,Total Tx Amt. $0.00
2, - CARDINAL HEALTH,1680,,,O,"$2,849.89 ",$0.00 ,9/12/2019,wbra,9/16/2019,wbra,31, - DRAPE CYSTO PACK, - DRAPE CYSTO PACK,SPP99CY1AA,DRAPE   ,SPP99CY1AA,,6/CS,$118.62 ,2,0,0,,22,Total Tx Amt. $0.00
2, - CARDINAL HEALTH,1680,,,O,"$2,849.89 ",$0.00 ,9/12/2019,wbra,9/16/2019,wbra,1161," - SUTR, Monocryl 3-0 taper point 1/2 circle RB-1"," - SUTR, Monocryl 3-0 taper point 1/2 circle RB-1",Y215H,SUTURE  ,Y215H,,12/BX,$28.66 ,3,0,0,,22,Total Tx Amt. $0.00
2, - CARDINAL HEALTH,1680,,,O,"$2,849.89 ",$0.00 ,9/12/2019,wbra,9/16/2019,wbra,796," - King UltraFlex 72"" breathing circuit"," - King UltraFlex 72"" breathing circuit",,ANESTHE ,8753F6121Z,,30/BX,$199.55 ,1,0,0,,22,Total Tx Amt. $0.00
2, - CARDINAL HEALTH,1680,,,O,"$2,849.89 ",$0.00 ,9/12/2019,wbra,9/16/2019,wbra,619," - ANES, AIRWAY ORAL 90MM YELLOW"," - ANES, AIRWAY ORAL 90MM YELLOW",122790A,ANESTHE ,122790A,,10/BX,$9.82 ,2,0,0,,22,Total Tx Amt. $0.00
2, - CARDINAL HEALTH,1680,,,O,"$2,849.89 ",$0.00 ,9/12/2019,wbra,9/16/2019,wbra,564, - ANES AIRWAY ORAL 100MM RED, - ANES AIRWAY ORAL 100MM RED,16-2101G,ANESTHE ,1227100A,,10/BX,$9.82 ,2,0,0,,22,Total Tx Amt. $0.00
2, - CARDINAL HEALTH,1680,,,O,"$2,849.89 ",$0.00 ,9/12/2019,wbra,9/16/2019,wbra,281, - SOCK SLIPPER ADULT XL, - SOCK SLIPPER ADULT XL,68125-GRY,,68125-GRY,,48/BX,$33.01 ,2,0,0,,22,Total Tx Amt. $0.00
2, - CARDINAL HEALTH,1680,,,O,"$2,849.89 ",$0.00 ,9/12/2019,wbra,9/16/2019,wbra,134, - IV START KIT, - IV START KIT,01-9000A,GENERAL ,01-9000A,,100/CS,$100.00 ,1,0,0,,22,Total Tx Amt. $0.00
2, - CARDINAL HEALTH,1680,,,O,"$2,849.89 ",$0.00 ,9/12/2019,wbra,9/16/2019,wbra,739, - SafeDay IV Administration Set, - SafeDay IV Administration Set,352904,PACU    ,352899,,50/BX,$366.36 ,2,0,0,,22,Total Tx Amt. $0.00
2, - CARDINAL HEALTH,1680,,,O,"$2,849.89 ",$0.00 ,9/12/2019,wbra,9/16/2019,wbra,755," - Suture, Monocryl 2-0"," - Suture, Monocryl 2-0",Y605H,GENERAL ,Y605H,,36/BX,$92.98 ,1,0,0,,22,Total Tx Amt. $0.00
2, - CARDINAL HEALTH,1680,,,O,"$2,849.89 ",$0.00 ,9/12/2019,wbra,9/16/2019,wbra,100, - GLOVE PROTEXIS PI 6.5 LATEX FREE, - GLOVE PROTEXIS PI 6.5 LATEX FREE,2D72PT65X,GENERAL ,2D72PT65X,,50/BX,$89.45 ,2,0,0,,22,Total Tx Amt. $0.00
2, - CARDINAL HEALTH,1680,,,O,"$2,849.89 ",$0.00 ,9/12/2019,wbra,9/16/2019,wbra,372, - DRAPE TOWEL SURGICAL 4PK BLUE, - DRAPE TOWEL SURGICAL 4PK BLUE,28700-004,DRAPE   ,28700-004,,20/CS,$38.00 ,1,0,0,,22,Total Tx Amt. $0.00
2, - CARDINAL HEALTH,1680,,,O,"$2,849.89 ",$0.00 ,9/12/2019,wbra,9/16/2019,wbra,74, - GLOVE EXAM MEDIUM NITRILE, - GLOVE EXAM MEDIUM NITRILE,88TN03M,GENERAL ,88TN03M,,1/CS,$97.20 ,1,0,0,,22,Total Tx Amt. $0.00
2, - CARDINAL HEALTH,1680,,,O,"$2,849.89 ",$0.00 ,9/12/2019,wbra,9/16/2019,wbra,396, - CATH KIT SILICONE FOLEY, - CATH KIT SILICONE FOLEY,3532,,3532,,10/BX,$44.36 ,1,0,0,,22,Total Tx Amt. $0.00
2, - CARDINAL HEALTH,1680,,,O,"$2,849.89 ",$0.00 ,9/12/2019,wbra,9/16/2019,wbra,967," - Tape, Durapore 2"" Silk Tape, 3M"," - Tape, Durapore 2"" Silk Tape, 3M",1538-2,GENERAL ,M1538-2,,6/BX,$7.91 ,2,0,0,,22,Total Tx Amt. $0.00
2, - CARDINAL HEALTH,1680,,,O,"$2,849.89 ",$0.00 ,9/12/2019,wbra,9/16/2019,wbra,542, - DRP PACK MINOR PROCEDURE, - DRP PACK MINOR PROCEDURE,SPP99MN7AA,DRAPE   ,SPP99MN7AA,,4/CS,$92.00 ,3,0,0,,22,Total Tx Amt. $0.00
2, - CARDINAL HEALTH,1680,,,O,"$2,849.89 ",$0.00 ,9/12/2019,wbra,9/16/2019,wbra,422, - DISINFECT CAVIWIPE 1MIN, - DISINFECT CAVIWIPE 1MIN,MX13-1150,HSKPNG  ,MX13-1150,,12/BX,$64.95 ,2,0,0,,22,Total Tx Amt. $0.00
2, - CARDINAL HEALTH,1680,,,O,"$2,849.89 ",$0.00 ,9/12/2019,wbra,9/16/2019,wbra,1162," - SUTR, Ethibond Excel, 3-0 30"" taper point 1/2 circ"," - SUTR, Ethibond Excel, 3-0 30"" taper point 1/2 circ",X872H,,X872H,,36/BX,$77.90 ,1,0,0,,22,Total Tx Amt. $0.00
1, - MCKESSON,1681,,,O,"$1,853.10 ",$0.00 ,9/12/2019,wbra,9/13/2019,wbra,1157, - Sony Printer for C-Arm, - Sony Printer for C-Arm,UPP-210HD,,UPP-210HD,,5/BX,$197.46 ,1,0,0,,16,Total Tx Amt. $0.00
1, - MCKESSON,1681,,,O,"$1,853.10 ",$0.00 ,9/12/2019,wbra,9/13/2019,wbra,709," - SUT, LIQUIBAND"," - SUT, LIQUIBAND",122-LBX,SUTURE  ,948660,,10/BX,$186.84 ,2,0,0,,16,Total Tx Amt. $0.00
1, - MCKESSON,1681,,,O,"$1,853.10 ",$0.00 ,9/12/2019,wbra,9/13/2019,wbra,858," - Dexamethasone, SDV 4MG/ML  1ML"," - Dexamethasone, SDV 4MG/ML  1ML",63323016501,ANESTHE ,550541,,25/CT,$74.16 ,4,0,0,,16,Total Tx Amt. $0.00
1, - MCKESSON,1681,,,O,"$1,853.10 ",$0.00 ,9/12/2019,wbra,9/13/2019,wbra,861," - Ruler Stainless 6"" Metric"," - Ruler Stainless 6"" Metric",OA2720,GENERAL ,800506,,EA,$3.66 ,7,0,0,,16,Total Tx Amt. $0.00
1, - MCKESSON,1681,,,O,"$1,853.10 ",$0.00 ,9/12/2019,wbra,9/13/2019,wbra,123, - TOWEL PAPER C-FOLD, - TOWEL PAPER C-FOLD,1040599,GENERAL ,1040599,,1/CS,$18.08 ,2,0,0,,16,Total Tx Amt. $0.00
1, - MCKESSON,1681,,,O,"$1,853.10 ",$0.00 ,9/12/2019,wbra,9/13/2019,wbra,710," - SUPP, NASAL CAN GAS SAMPLE 7'"," - SUPP, NASAL CAN GAS SAMPLE 7'",999489,ANESTHE ,999489,,25/CS,$42.19 ,1,0,0,,16,Total Tx Amt. $0.00
1, - MCKESSON,1681,,,O,"$1,853.10 ",$0.00 ,9/12/2019,wbra,9/13/2019,wbra,211, - MED PROPOFOL 20ML, - MED PROPOFOL 20ML,989562,IVSUPPLY,989562,,25/BX,$56.86 ,2,0,0,,16,Total Tx Amt. $0.00
1, - MCKESSON,1681,,,O,"$1,853.10 ",$0.00 ,9/12/2019,wbra,9/13/2019,wbra,833," - Mask, Anes size 6 Adult Elongated"," - Mask, Anes size 6 Adult Elongated",854706,ANESTHE ,854706,,30/BX,$46.88 ,1,0,0,,16,Total Tx Amt. $0.00
1, - MCKESSON,1681,,,O,"$1,853.10 ",$0.00 ,9/12/2019,wbra,9/13/2019,wbra,162, - MED ANCEF 1G, - MED ANCEF 1G,1107414,GLV/MSK ,1107414,,25/BX,$25.94 ,2,0,0,,16,Total Tx Amt. $0.00
1, - MCKESSON,1681,,,O,"$1,853.10 ",$0.00 ,9/12/2019,wbra,9/13/2019,wbra,135, - FLUID LR 1000ML, - FLUID LR 1000ML,208829,GENERAL ,208829,,12/CS,$38.66 ,2,0,0,,16,Total Tx Amt. $0.00
1, - MCKESSON,1681,,,O,"$1,853.10 ",$0.00 ,9/12/2019,wbra,9/13/2019,wbra,761, - Patien belong bags, - Patien belong bags,30421100,PACU    ,447753,,250/CS,$32.79 ,1,0,0,,16,Total Tx Amt. $0.00
1, - MCKESSON,1681,,,O,"$1,853.10 ",$0.00 ,9/12/2019,wbra,9/13/2019,wbra,289, - BASIN URINAL 1QT, - BASIN URINAL 1QT,1020361,,1020361,,48/CS,$27.28 ,1,0,0,,16,Total Tx Amt. $0.00
1, - MCKESSON,1681,,,O,"$1,853.10 ",$0.00 ,9/12/2019,wbra,9/13/2019,wbra,235, - NDL SPINAL 22X7, - NDL SPINAL 22X7,190450,MEDS    ,797482,,10/BX,$64.60 ,1,0,0,,16,Total Tx Amt. $0.00
1, - MCKESSON,1681,,,O,"$1,853.10 ",$0.00 ,9/12/2019,wbra,9/13/2019,wbra,228, - NDL CHIBA 20G, - NDL CHIBA 20G,CNM-2008,IVSUPPLY,629155,,10/BX,$81.23 ,5,0,0,,16,Total Tx Amt. $0.00
1, - MCKESSON,1681,,,O,"$1,853.10 ",$0.00 ,9/12/2019,wbra,9/13/2019,wbra,764," - Mask, Face Surg Light Blue pleated with ties"," - Mask, Face Surg Light Blue pleated with ties",48100,GENERAL ,206484,,6/BX,$23.81 ,1,0,0,,16,Total Tx Amt. $0.00
1, - MCKESSON,1681,,,O,"$1,853.10 ",$0.00 ,9/12/2019,wbra,9/13/2019,wbra,1050, - Bowl. Utility 32 ox sterile, - Bowl. Utility 32 ox sterile,234181,GENERAL ,234181,,50/BX,$36.92 ,1,0,0,,16,Total Tx Amt. $0.00
42, - Accurate Surgical & Scientific Instruments,1682,,,O,$576.00 ,$0.00 ,9/12/2019,wbra,9/12/2019,wbra,1158," - Instrument, Goldstein Micro Spike Clamp"," - Instrument, Goldstein Micro Spike Clamp",ASSI.MSPK3678,,ASSI.MSPK3678,,EA,$576.00 ,1,0,0,,1,Total Tx Amt. $0.00
2, - CARDINAL HEALTH,1683,,,O,$346.10 ,$0.00 ,9/12/2019,wbra,9/12/2019,wbra,1159," - Sutr, 9-0 10"" Monofilament Taper Point 3/8 "" needl"," - Sutr, 9-0 10"" Monofilament Taper Point 3/8 "" needl",2800G,,2800G,,12/BX,$346.10 ,1,0,0,,1,Total Tx Amt. $0.00
4, - COOK MEDICAL,1684,,,O,"$1,291.50 ",$0.00 ,9/12/2019,wbra,9/12/2019,wbra,459, - COOK URETERAL STENT FIRM UNIVERSA, - COOK URETERAL STENT FIRM UNIVERSA,G23406,GENERAL ,G23406,,EA,$49.50 ,5,0,0,,2,Total Tx Amt. $0.00
4, - COOK MEDICAL,1684,,,O,"$1,291.50 ",$0.00 ,9/12/2019,wbra,9/12/2019,wbra,439, - COOK TIPLESS STONE EXTRACTOR 2.2 x 115, - COOK TIPLESS STONE EXTRACTOR 2.2 x 115,G18778,GENERAL ,G18778,,EA,$174.00 ,6,0,0,,2,Total Tx Amt. $0.00
40, - Office Depot Business Solutions,1685,,,O,$173.89 ,$0.00 ,9/12/2019,wbra,9/12/2019,wbra,1160," - Office, Famos Amos Cookies"," - Office, Famos Amos Cookies",273931,,273931,,30/BX,$44.29 ,1,0,0,,5,Total Tx Amt. $0.00
40, - Office Depot Business Solutions,1685,,,O,$173.89 ,$0.00 ,9/12/2019,wbra,9/12/2019,wbra,1124," - Office, Goldfish Crackers"," - Office, Goldfish Crackers",353343,PACU    ,353343,,30/BX,$24.69 ,1,0,0,,5,Total Tx Amt. $0.00
40, - Office Depot Business Solutions,1685,,,O,$173.89 ,$0.00 ,9/12/2019,wbra,9/12/2019,wbra,1121," - Office,Oreo Cookies"," - Office,Oreo Cookies",673307,,673307,,30/BX,$31.49 ,1,0,0,,5,Total Tx Amt. $0.00
40, - Office Depot Business Solutions,1685,,,O,$173.89 ,$0.00 ,9/12/2019,wbra,9/12/2019,wbra,1125," - Office, Bottled Water"," - Office, Bottled Water",595347,,595347,,24/CS,$7.99 ,6,0,0,,5,Total Tx Amt. $0.00
40, - Office Depot Business Solutions,1685,,,O,$173.89 ,$0.00 ,9/12/2019,wbra,9/12/2019,wbra,1152," - Office, Heavy Weight Sheet Protectors"," - Office, Heavy Weight Sheet Protectors",491658,,491658,,100/BX,$12.74 ,2,0,0,,5,Total Tx Amt. $0.00
14, - BARD,1686,,,O,$900.00 ,$0.00 ,9/13/2019,wbra,9/13/2019,wbra,224, - NDL BIOPSY MAX CORE, - NDL BIOPSY MAX CORE,MC1825,IVSUPPLY,MC1825,,5/BX,$90.00 ,10,0,0,,1,Total Tx Amt. $0.00
1, - MCKESSON,1687,,,O,$260.65 ,$0.00 ,9/16/2019,wbra,9/16/2019,wbra,6, - LABEL FENTANYL, - LABEL FENTANYL,173551,ANESTHE ,173551,,1/RL,$3.33 ,6,0,0,,8,Total Tx Amt. $0.00
1, - MCKESSON,1687,,,O,$260.65 ,$0.00 ,9/16/2019,wbra,9/16/2019,wbra,12, - LABEL VERSED, - LABEL VERSED,173564,ANESTHE ,173564,,1/RL,$3.33 ,6,0,0,,8,Total Tx Amt. $0.00
1, - MCKESSON,1687,,,O,$260.65 ,$0.00 ,9/16/2019,wbra,9/16/2019,wbra,632," - SHARPS, 18 GAL RED CONTAINER"," - SHARPS, 18 GAL RED CONTAINER",862336,HSKPNG  ,862336,,EA,$16.26 ,6,0,0,,8,Total Tx Amt. $0.00
1, - MCKESSON,1687,,,O,$260.65 ,$0.00 ,9/16/2019,wbra,9/16/2019,wbra,420, - SYRINGE LL 10ML, - SYRINGE LL 10ML,1031801,,1031801,,100/BX,$7.50 ,1,0,0,,8,Total Tx Amt. $0.00
1, - MCKESSON,1687,,,O,$260.65 ,$0.00 ,9/16/2019,wbra,9/16/2019,wbra,418, - SYRINGE LL 60ML NS, - SYRINGE LL 60ML NS,102-S60C,,869662,,25/CT,$8.29 ,1,0,0,,8,Total Tx Amt. $0.00
1, - MCKESSON,1687,,,O,$260.65 ,$0.00 ,9/16/2019,wbra,9/16/2019,wbra,859," - Chemotherapy Sharps Container 18 gallon, Yellow"," - Chemotherapy Sharps Container 18 gallon, Yellow",862687,GENERAL ,862687,,EA,$16.26 ,4,0,0,,8,Total Tx Amt. $0.00
1, - MCKESSON,1687,,,O,$260.65 ,$0.00 ,9/16/2019,wbra,9/16/2019,wbra,892," - Pad, Arm Board Foam, 7.5 x 16 x 20"," - Pad, Arm Board Foam, 7.5 x 16 x 20",773284,GENERAL ,773284,,12/CS,$21.90 ,1,0,0,,8,Total Tx Amt. $0.00
1, - MCKESSON,1687,,,O,$260.65 ,$0.00 ,9/16/2019,wbra,9/16/2019,wbra,795," - Underpads Regular,23 x 24"," - Underpads Regular,23 x 24",UPLT2324,GENERAL ,730985,,1800/CS,$20.40 ,1,0,0,,8,Total Tx Amt. $0.00
4, - COOK MEDICAL,1688,,,O,"$2,113.42 ",$0.00 ,9/16/2019,wbra,9/17/2019,wbra,1028," - Pusher, 7 Fr Stent Pusher"," - Pusher, 7 Fr Stent Pusher",G53758,,G53758,,EA,$14.04 ,3,0,0,,6,Total Tx Amt. $0.00
4, - COOK MEDICAL,1688,,,O,"$2,113.42 ",$0.00 ,9/16/2019,wbra,9/17/2019,wbra,440, - COOK WIRE GUIDE MOTION .035 STRAIGHT, - COOK WIRE GUIDE MOTION .035 STRAIGHT,G44846,GENERAL ,G44846,,5/BX,$240.00 ,2,0,0,,6,Total Tx Amt. $0.00
4, - COOK MEDICAL,1688,,,O,"$2,113.42 ",$0.00 ,9/16/2019,wbra,9/17/2019,wbra,439, - COOK TIPLESS STONE EXTRACTOR 2.2 x 115, - COOK TIPLESS STONE EXTRACTOR 2.2 x 115,G18778,GENERAL ,G18778,,EA,$174.00 ,3,0,0,,6,Total Tx Amt. $0.00
4, - COOK MEDICAL,1688,,,O,"$2,113.42 ",$0.00 ,9/16/2019,wbra,9/17/2019,wbra,433, - COOK ACCESS SHEATH URETERAL 12FR 35CM, - COOK ACCESS SHEATH URETERAL 12FR 35CM,G19168,GENERAL ,G19168,,EA,$113.55 ,3,0,0,,6,Total Tx Amt. $0.00
4, - COOK MEDICAL,1688,,,O,"$2,113.42 ",$0.00 ,9/16/2019,wbra,9/17/2019,wbra,432, - COOK ACCESS SHEATH URETERAL 14FR 35CM, - COOK ACCESS SHEATH URETERAL 14FR 35CM,G30389,GENERAL ,G30389,,EA,$113.55 ,3,0,0,b/o late sept,6,Total Tx Amt. $0.00
4, - COOK MEDICAL,1688,,,O,"$2,113.42 ",$0.00 ,9/16/2019,wbra,9/17/2019,wbra,1167," - Basket, Cook EnTrap 2.8 fr x 145cm"," - Basket, Cook EnTrap 2.8 fr x 145cm",G32724,,G32724,,EA,$194.00 ,2,0,0,,6,Total Tx Amt. $0.00
40, - Office Depot Business Solutions,1689,,,O,$252.17 ,$0.00 ,9/16/2019,wbra,9/20/2019,wbra,1111," - Office, Black ink pens"," - Office, Black ink pens",2028745,,2028745,,1/BX,$7.64 ,4,0,0,,7,Total Tx Amt. $0.00
40, - Office Depot Business Solutions,1689,,,O,$252.17 ,$0.00 ,9/16/2019,wbra,9/20/2019,wbra,1125," - Office, Bottled Water"," - Office, Bottled Water",595347,,595347,,24/CS,$7.99 ,5,0,0,,7,Total Tx Amt. $0.00
40, - Office Depot Business Solutions,1689,,,O,$252.17 ,$0.00 ,9/16/2019,wbra,9/20/2019,wbra,1108," - Office, Coke"," - Office, Coke",208206,,208206,,24/CS,$12.32 ,1,0,0,,7,Total Tx Amt. $0.00
40, - Office Depot Business Solutions,1689,,,O,$252.17 ,$0.00 ,9/16/2019,wbra,9/20/2019,wbra,1117," - Office, Ginger Ale"," - Office, Ginger Ale",208402,,208402,,24/CS,$12.32 ,1,0,0,,7,Total Tx Amt. $0.00
40, - Office Depot Business Solutions,1689,,,O,$252.17 ,$0.00 ,9/16/2019,wbra,9/20/2019,wbra,1118," - Office, Sprite"," - Office, Sprite",208255,,208255,,24/CS,$12.32 ,1,0,0,,7,Total Tx Amt. $0.00
40, - Office Depot Business Solutions,1689,,,O,$252.17 ,$0.00 ,9/16/2019,wbra,9/20/2019,wbra,1176," - Office, Avery Address Labels"," - Office, Avery Address Labels",364364,,364364,,1/BX,$22.03 ,4,0,0,,7,Total Tx Amt. $0.00
40, - Office Depot Business Solutions,1689,,,O,$252.17 ,$0.00 ,9/16/2019,wbra,9/20/2019,wbra,, - Digital Wall Clock Sharp P/N 185029, - Digital Wall Clock Sharp P/N 185029,,,,,ea,$18.86 ,3,0,0,,7,Total Tx Amt. $0.00
31, - NEOTRACT/ UROLIFT,1690,,,O,"$15,200.00 ",$0.00 ,9/16/2019,wbra,9/16/2019,wbra,665, - UROLIFT SYSTEM IMPLANT, - UROLIFT SYSTEM IMPLANT,UL400-4,GENERAL ,UL400-4,,4/CS,"$3,800.00 ",4,0,0,,1,Total Tx Amt. $0.00
24, - CIVCO,1691,,,O,$706.00 ,$0.00 ,9/16/2019,wbra,9/16/2019,wbra,610," - BRACHY, ENDOCAVITY BALLOON"," - BRACHY, ENDOCAVITY BALLOON",610-898,GENERAL ,610-898,,10/BX,$419.00 ,1,0,0,,2,Total Tx Amt. $0.00
24, - CIVCO,1691,,,O,$706.00 ,$0.00 ,9/16/2019,wbra,9/16/2019,wbra,611," - BRACHY, TEMPLATE GRID"," - BRACHY, TEMPLATE GRID",610-905,GENERAL ,610-905,,5/BX,$287.00 ,1,0,0,,2,Total Tx Amt. $0.00
21, - BK Medical,1692,,,O,$885.00 ,$0.00 ,9/16/2019,wbra,9/16/2019,wbra,380, - NDL GUIDE ULTRASOUND FUSION BX, - NDL GUIDE ULTRASOUND FUSION BX,UA1322-S,,UA1322-S,,18/CS,$295.00 ,3,0,0,,1,Total Tx Amt. $0.00
3, - BOSTON SCIENTIFIC,1693,,,O,"$1,463.91 ",$0.00 ,9/16/2019,wbra,9/17/2019,wbra,1163, - Capio Suture Delivery Device Capio Slim, - Capio Suture Delivery Device Capio Slim,M0068318250,,M0068318250,,ea,$510.26 ,2,0,0,,2,Total Tx Amt. $0.00
3, - BOSTON SCIENTIFIC,1693,,,O,"$1,463.91 ",$0.00 ,9/16/2019,wbra,9/17/2019,wbra,1164, - Capio Suture  Bondek, - Capio Suture  Bondek,M0068332131,,M0068332131,,12/BX,$443.39 ,1,0,0,,2,Total Tx Amt. $0.00
2, - CARDINAL HEALTH,1694,,,O,$694.68 ,$0.00 ,9/16/2019,wbra,9/18/2019,wbra,39, - DRAPE MAYO STAND COVER, - DRAPE MAYO STAND COVER,8337,DRAPE   ,8337,,30/CS,$28.73 ,2,0,0,,8,Total Tx Amt. $0.00
2, - CARDINAL HEALTH,1694,,,O,$694.68 ,$0.00 ,9/16/2019,wbra,9/18/2019,wbra,1169," - Drape, Sterile White towel, disposable"," - Drape, Sterile White towel, disposable",31319620,,31319620,,4/CS,$6.96 ,6,0,0,,8,Total Tx Amt. $0.00
2, - CARDINAL HEALTH,1694,,,O,$694.68 ,$0.00 ,9/16/2019,wbra,9/18/2019,wbra,633," - TUBING, SUCTION NS BUBBLE"," - TUBING, SUCTION NS BUBBLE",8888280412,GLV/MSK ,8888280412,,EA,$9.22 ,2,0,0,,8,Total Tx Amt. $0.00
2, - CARDINAL HEALTH,1694,,,O,$694.68 ,$0.00 ,9/16/2019,wbra,9/18/2019,wbra,74, - GLOVE EXAM MEDIUM NITRILE, - GLOVE EXAM MEDIUM NITRILE,88TN03M,GENERAL ,88TN03M,,1/CS,$97.20 ,1,0,0,,8,Total Tx Amt. $0.00
2, - CARDINAL HEALTH,1694,,,O,$694.68 ,$0.00 ,9/16/2019,wbra,9/18/2019,wbra,26," - DRAPE SHEET, THREE QUARTER"," - DRAPE SHEET, THREE QUARTER",9349,ANESTHE ,9349,,20/CS,$29.43 ,1,0,0,,8,Total Tx Amt. $0.00
2, - CARDINAL HEALTH,1694,,,O,$694.68 ,$0.00 ,9/16/2019,wbra,9/18/2019,wbra,298, - PREP TRAY IODINE STERILE, - PREP TRAY IODINE STERILE,Nov-08,,Nov-08,,20/CS,$77.40 ,1,0,0,,8,Total Tx Amt. $0.00
2, - CARDINAL HEALTH,1694,,,O,$694.68 ,$0.00 ,9/16/2019,wbra,9/18/2019,wbra,294, - PREP CHLORAPREP 26ML TINT, - PREP CHLORAPREP 26ML TINT,260815,,260815,,25/CS,$328.63 ,1,0,0,,8,Total Tx Amt. $0.00
2, - CARDINAL HEALTH,1694,,,O,$694.68 ,$0.00 ,9/16/2019,wbra,9/18/2019,wbra,396, - CATH KIT SILICONE FOLEY, - CATH KIT SILICONE FOLEY,3532,,3532,,10/BX,$44.36 ,1,0,0,,8,Total Tx Amt. $0.00
3, - BOSTON SCIENTIFIC,1695,,,O,"$3,300.29 ",$0.00 ,9/17/2019,wbra,9/17/2019,wbra,647, - UROMAX BALLOON KIT 18FR X 4CM, - UROMAX BALLOON KIT 18FR X 4CM,M0062251220,GENERAL ,M0062251220,,EA,$464.80 ,1,0,0,B/O Late Sept.,4,Total Tx Amt. $0.00
3, - BOSTON SCIENTIFIC,1695,,,O,"$3,300.29 ",$0.00 ,9/17/2019,wbra,9/17/2019,wbra,446, - BOSTON SCI WIRE GUIDE SENSOR .035 STR, - BOSTON SCI WIRE GUIDE SENSOR .035 STR,M0066703081,GENERAL ,M0066703081,,5/BX,$374.66 ,3,0,0,,4,Total Tx Amt. $0.00
3, - BOSTON SCIENTIFIC,1695,,,O,"$3,300.29 ",$0.00 ,9/17/2019,wbra,9/17/2019,wbra,645," - BASKET, ZERO TIP 1.9FR X 120CM BOSTON"," - BASKET, ZERO TIP 1.9FR X 120CM BOSTON",M0063901050,GENERAL ,M0063901050,,EA,$348.60 ,4,0,0,,4,Total Tx Amt. $0.00
3, - BOSTON SCIENTIFIC,1695,,,O,"$3,300.29 ",$0.00 ,9/17/2019,wbra,9/17/2019,wbra,1066," - Basket, Gemini 4wire Zero tip 120 cm"," - Basket, Gemini 4wire Zero tip 120 cm",m0063301080,GENERAL ,m0063301080,,EA,$317.11 ,1,0,0,,4,Total Tx Amt. $0.00
23, - COLOPLAST,1697,,,O,"$10,321.00 ",$0.00 ,9/17/2019,wbra,9/17/2019,wbra,899," - Impl, Assembly Kit"," - Impl, Assembly Kit",91-9480SC,,91-9480SC,,EA,$486.00 ,1,0,0,Batch Code 6837902,3,Total Tx Amt. $0.00
23, - COLOPLAST,1697,,,O,"$10,321.00 ",$0.00 ,9/17/2019,wbra,9/17/2019,wbra,687," - IMP, TITAN RESEVOIR 75CC"," - IMP, TITAN RESEVOIR 75CC",ER8075,GENERAL ,ER8075,,EA,"$1,771.00 ",1,0,0,Batch Code 6886607,3,Total Tx Amt. $0.00
23, - COLOPLAST,1697,,,O,"$10,321.00 ",$0.00 ,9/17/2019,wbra,9/17/2019,wbra,688," - IMP, TITAN TOUCH SCRO ZERO ANG"," - IMP, TITAN TOUCH SCRO ZERO ANG",ES2920,,ES2920,,EA,"$8,064.00 ",1,0,0,Batch Code 6886590,3,Total Tx Amt. $0.00
17, - HEALTHTRONICS MOBILE SOLUTIONS,1698,,,O,"$1,200.00 ",$0.00 ,9/17/2019,wbra,9/20/2019,wbra,529, - LASER FIBER HO 200 SINGLE USE, - LASER FIBER HO 200 SINGLE USE,95193,GENERAL ,95193,,EA,$125.00 ,3,0,0,,4,Total Tx Amt. $0.00
17, - HEALTHTRONICS MOBILE SOLUTIONS,1698,,,O,"$1,200.00 ",$0.00 ,9/17/2019,wbra,9/20/2019,wbra,531, - LASER FIBER HO 365 SINGLE USE, - LASER FIBER HO 365 SINGLE USE,95612,GENERAL ,95612,,EA,$125.00 ,4,0,0,,4,Total Tx Amt. $0.00
17, - HEALTHTRONICS MOBILE SOLUTIONS,1698,,,O,"$1,200.00 ",$0.00 ,9/17/2019,wbra,9/20/2019,wbra,1128," - Fiber, 272um Single Use Optical Fiber 60Watt"," - Fiber, 272um Single Use Optical Fiber 60Watt",OAF702711,,OAF702711,,EA,$200.00 ,1,0,0,,4,Total Tx Amt. $0.00
17, - HEALTHTRONICS MOBILE SOLUTIONS,1698,,,O,"$1,200.00 ",$0.00 ,9/17/2019,wbra,9/20/2019,wbra,530, - LASER FIBER HO 272 SINGLE USE, - LASER FIBER HO 272 SINGLE USE,95448,GENERAL ,95448,,EA,$125.00 ,1,0,0,,4,Total Tx Amt. $0.00
1, - MCKESSON,1699,,,O,$220.23 ,$0.00 ,9/17/2019,wbra,9/17/2019,wbra,148, - FLUID WATER 500ML BOTTLE, - FLUID WATER 500ML BOTTLE,161730,GENERAL ,161730,,16/cs,$28.50 ,1,0,0,,3,Total Tx Amt. $0.00
1, - MCKESSON,1699,,,O,$220.23 ,$0.00 ,9/17/2019,wbra,9/17/2019,wbra,15, - ANES ADULT MASK SIZE 5, - ANES ADULT MASK SIZE 5,204234,ANESTHE ,204234,,50/CS,$88.77 ,1,0,0,,3,Total Tx Amt. $0.00
1, - MCKESSON,1699,,,O,$220.23 ,$0.00 ,9/17/2019,wbra,9/17/2019,wbra,140, - FLUID NACL 3000ML, - FLUID NACL 3000ML,230132,GENERAL ,230132,,4/CS,$34.32 ,3,0,0,,3,Total Tx Amt. $0.00
45, - AKSM-Midwest Region,1700,,,O,"$5,200.00 ",$0.00 ,9/17/2019,wbra,9/17/2019,wbra,1170," - Contractor, Fees and Charges for Cryo procedure"," - Contractor, Fees and Charges for Cryo procedure",,,,,EA,"$5,200.00 ",1,0,0,"$600.00 Cryo Equipment
$200.00 Tech Support
$3800.00 Disposables
$600.00 Probe",1,Total Tx Amt. $0.00
19, - STRAND DX,1701,,,O,$0.05 ,$0.00 ,9/17/2019,wbra,9/17/2019,wbra,563," - BIOPSY KIT, KNOW ERROR"," - BIOPSY KIT, KNOW ERROR",KIT,GENERAL ,KIT,,12/BX,$0.01 ,5,0,0,,1,Total Tx Amt. $0.00
1, - MCKESSON,1702,,,O,$528.02 ,$0.00 ,9/18/2019,wbra,9/30/2019,wbra,191, - MED LIDOCAINE 2% UROJECT, - MED LIDOCAINE 2% UROJECT,807261,HSKPNG  ,807261,,25/BX,$182.93 ,1,0,0,,6,Total Tx Amt. $0.00
1, - MCKESSON,1702,,,O,$528.02 ,$0.00 ,9/18/2019,wbra,9/30/2019,wbra,773," - SUPP, TUBING, CYSTO"," - SUPP, TUBING, CYSTO",V4608-20,GENERAL ,230756,,20/BX,$62.59 ,1,0,0,,6,Total Tx Amt. $0.00
1, - MCKESSON,1702,,,O,$528.02 ,$0.00 ,9/18/2019,wbra,9/30/2019,wbra,415, - SYRINGE TOOMEY, - SYRINGE TOOMEY,38460,GENERAL ,13279,,50/BX,$77.47 ,1,0,0,,6,Total Tx Amt. $0.00
1, - MCKESSON,1702,,,O,$528.02 ,$0.00 ,9/18/2019,wbra,9/30/2019,wbra,136, - FLUID LR 1000ML, - FLUID LR 1000ML,515492,GENERAL ,515492,,14/CS,$31.21 ,2,0,0,,6,Total Tx Amt. $0.00
1, - MCKESSON,1702,,,O,$528.02 ,$0.00 ,9/18/2019,wbra,9/30/2019,wbra,1174," - DRSG. 1"" Coban Non-Sterile"," - DRSG. 1"" Coban Non-Sterile",481236,,481236,,5/BX,$2.68 ,2,0,0,,6,Total Tx Amt. $0.00
1, - MCKESSON,1702,,,O,$528.02 ,$0.00 ,9/18/2019,wbra,9/30/2019,wbra,1182," - Electrosurgical 2 3/4 "" needle electrode"," - Electrosurgical 2 3/4 "" needle electrode",22-ES02T,,1018822,,12/BX,$45.75 ,3,0,0,,6,Total Tx Amt. $0.00
3, - BOSTON SCIENTIFIC,1703,,,O,$464.80 ,$0.00 ,9/18/2019,wbra,9/18/2019,wbra,646, - UROMAX BALLOON KIT 12FR X 4CM, - UROMAX BALLOON KIT 12FR X 4CM,M0062251200,GENERAL ,M0062251200,,EA,$464.80 ,1,0,0,,1,Total Tx Amt. $0.00
2, - CARDINAL HEALTH,1704,,,O,"$1,580.10 ",$0.00 ,9/18/2019,wbra,9/18/2019,wbra,1171," - sutr, NON-ABSORBABLE NYLON 9-0 5IN 3/8 tp"," - sutr, NON-ABSORBABLE NYLON 9-0 5IN 3/8 tp",2813G,,2813G,,12/CS,$188.68 ,1,0,0,,4,Total Tx Amt. $0.00
2, - CARDINAL HEALTH,1704,,,O,"$1,580.10 ",$0.00 ,9/18/2019,wbra,9/18/2019,wbra,1172," - SUTR, 10-0 PROLENE SPATULA 1/2 CIRCLE 5.5MM"," - SUTR, 10-0 PROLENE SPATULA 1/2 CIRCLE 5.5MM",9090G,,9090G,,12/BX,$310.23 ,1,0,0,,4,Total Tx Amt. $0.00
2, - CARDINAL HEALTH,1704,,,O,"$1,580.10 ",$0.00 ,9/18/2019,wbra,9/18/2019,wbra,1175," - SUTR, 3-0 PERMA-HAND SILK 30"" 12 STRAND PACK"," - SUTR, 3-0 PERMA-HAND SILK 30"" 12 STRAND PACK",A304H,,A304H,,12/BX,$109.57 ,1,0,0,,4,Total Tx Amt. $0.00
2, - CARDINAL HEALTH,1704,,,O,"$1,580.10 ",$0.00 ,9/18/2019,wbra,9/18/2019,wbra,1173," - SUTR, 8-0 PROLENE TAPER POINT 3/8 CIRCLE DOUBLE AR"," - SUTR, 8-0 PROLENE TAPER POINT 3/8 CIRCLE DOUBLE AR",8730H,,8730H,,36/BX,$971.62 ,1,0,0,,4,Total Tx Amt. $0.00
4, - COOK MEDICAL,1705,,,O,"$1,395.42 ",$0.00 ,9/18/2019,wbra,9/18/2019,wbra,458, - COOK URETERAL STENT FIRM UNIVERSA, - COOK URETERAL STENT FIRM UNIVERSA,G23405,GENERAL ,G23405,,EA,$49.50 ,6,0,0,,4,Total Tx Amt. $0.00
4, - COOK MEDICAL,1705,,,O,"$1,395.42 ",$0.00 ,9/18/2019,wbra,9/18/2019,wbra,459, - COOK URETERAL STENT FIRM UNIVERSA, - COOK URETERAL STENT FIRM UNIVERSA,G23406,GENERAL ,G23406,,EA,$49.50 ,7,0,0,,4,Total Tx Amt. $0.00
4, - COOK MEDICAL,1705,,,O,"$1,395.42 ",$0.00 ,9/18/2019,wbra,9/18/2019,wbra,440, - COOK WIRE GUIDE MOTION .035 STRAIGHT, - COOK WIRE GUIDE MOTION .035 STRAIGHT,G44846,GENERAL ,G44846,,5/BX,$240.00 ,2,0,0,,4,Total Tx Amt. $0.00
4, - COOK MEDICAL,1705,,,O,"$1,395.42 ",$0.00 ,9/18/2019,wbra,9/18/2019,wbra,465, - COOK OPEN-END URETERAL CATH 5Fr, - COOK OPEN-END URETERAL CATH 5Fr,G14274,GENERAL ,G14274,,10/BX,$90.64 ,3,0,0,,4,Total Tx Amt. $0.00
2, - CARDINAL HEALTH,1706,,,O,"$2,517.14 ",$0.00 ,9/18/2019,wbra,9/23/2019,wbra,1147, - CAUTERY PAD GROUND ADULT 10FT CONMED, - CAUTERY PAD GROUND ADULT 10FT CONMED,410-2000A,,410-2000A,,25/BX,$73.85 ,1,0,0,,19,Total Tx Amt. $0.00
2, - CARDINAL HEALTH,1706,,,O,"$2,517.14 ",$0.00 ,9/18/2019,wbra,9/23/2019,wbra,347, - CAUTERY HANDHELD PUSH BUTTON HOLSTER, - CAUTERY HANDHELD PUSH BUTTON HOLSTER,E2516H,,E2516HA,,50/CS,$236.74 ,1,0,0,,19,Total Tx Amt. $0.00
2, - CARDINAL HEALTH,1706,,,O,"$2,517.14 ",$0.00 ,9/18/2019,wbra,9/23/2019,wbra,340, - CAUTERY BIPOLAR CABLE 11FT, - CAUTERY BIPOLAR CABLE 11FT,88-001000,,88-001000,,10/BX,$17.46 ,1,0,0,,19,Total Tx Amt. $0.00
2, - CARDINAL HEALTH,1706,,,O,"$2,517.14 ",$0.00 ,9/18/2019,wbra,9/23/2019,wbra,796," - King UltraFlex 72"" breathing circuit"," - King UltraFlex 72"" breathing circuit",,ANESTHE ,8753F6121Z,,30/BX,$199.55 ,2,0,0,,19,Total Tx Amt. $0.00
2, - CARDINAL HEALTH,1706,,,O,"$2,517.14 ",$0.00 ,9/18/2019,wbra,9/23/2019,wbra,405, - SUTURE CHROMIC 3-0 SH 27IN, - SUTURE CHROMIC 3-0 SH 27IN,G122H,,G122H,,36/BX,$110.19 ,1,0,0,,19,Total Tx Amt. $0.00
2, - CARDINAL HEALTH,1706,,,O,"$2,517.14 ",$0.00 ,9/18/2019,wbra,9/23/2019,wbra,409, - SUTURE MONOCRYL 4-0 18IN, - SUTURE MONOCRYL 4-0 18IN,Y496G,,Y496G,,12/BX,$69.64 ,2,0,0,,19,Total Tx Amt. $0.00
2, - CARDINAL HEALTH,1706,,,O,"$2,517.14 ",$0.00 ,9/18/2019,wbra,9/23/2019,wbra,934, - uture with needle Perma-Hand? Nonabsorbable Coated, - uture with needle Perma-Hand? Nonabsorbable Coated,K833H,SUTURE  ,K833H,,36/BX,$46.41 ,1,0,0,,19,Total Tx Amt. $0.00
2, - CARDINAL HEALTH,1706,,,O,"$2,517.14 ",$0.00 ,9/18/2019,wbra,9/23/2019,wbra,313, - WRAP TRAY LINER WHT, - WRAP TRAY LINER WHT,KM10502B,STRL PRO,KM10502B,,4000/CS,$55.13 ,1,0,0,,19,Total Tx Amt. $0.00
2, - CARDINAL HEALTH,1706,,,O,"$2,517.14 ",$0.00 ,9/18/2019,wbra,9/23/2019,wbra,323, - WRAP DOUBLE LAYER 36X36, - WRAP DOUBLE LAYER 36X36,CH5G0036,,CH5G0036,,75/PK,$121.13 ,2,0,0,,19,Total Tx Amt. $0.00
2, - CARDINAL HEALTH,1706,,,O,"$2,517.14 ",$0.00 ,9/18/2019,wbra,9/23/2019,wbra,893," - Lab Jacket, dispoable X-Large"," - Lab Jacket, dispoable X-Large",2202LJ,GENERAL ,2202LJ,,25/BX,$31.60 ,1,0,0,,19,Total Tx Amt. $0.00
2, - CARDINAL HEALTH,1706,,,O,"$2,517.14 ",$0.00 ,9/18/2019,wbra,9/23/2019,wbra,31, - DRAPE CYSTO PACK, - DRAPE CYSTO PACK,SPP99CY1AA,DRAPE   ,SPP99CY1AA,,6/CS,$118.62 ,3,0,0,,19,Total Tx Amt. $0.00
2, - CARDINAL HEALTH,1706,,,O,"$2,517.14 ",$0.00 ,9/18/2019,wbra,9/23/2019,wbra,542, - DRP PACK MINOR PROCEDURE, - DRP PACK MINOR PROCEDURE,SPP99MN7AA,DRAPE   ,SPP99MN7AA,,4/CS,$92.00 ,4,0,0,,19,Total Tx Amt. $0.00
2, - CARDINAL HEALTH,1706,,,O,"$2,517.14 ",$0.00 ,9/18/2019,wbra,9/23/2019,wbra,298, - PREP TRAY IODINE STERILE, - PREP TRAY IODINE STERILE,Nov-08,,Nov-08,,20/CS,$77.40 ,1,0,0,,19,Total Tx Amt. $0.00
2, - CARDINAL HEALTH,1706,,,O,"$2,517.14 ",$0.00 ,9/18/2019,wbra,9/23/2019,wbra,101, - GLOVE PROTEXIS PI 7 LATEX FREE, - GLOVE PROTEXIS PI 7 LATEX FREE,2D72PT70X,GENERAL ,2D72PT70X,,50/BX,$89.45 ,1,0,0,,19,Total Tx Amt. $0.00
2, - CARDINAL HEALTH,1706,,,O,"$2,517.14 ",$0.00 ,9/18/2019,wbra,9/23/2019,wbra,102, - GLOVE PROTEXIS PI 7.5 LATEX FREE, - GLOVE PROTEXIS PI 7.5 LATEX FREE,2D72PT75X,GENERAL ,2D72PT75X,,50/BX,$89.45 ,1,0,0,,19,Total Tx Amt. $0.00
2, - CARDINAL HEALTH,1706,,,O,"$2,517.14 ",$0.00 ,9/18/2019,wbra,9/23/2019,wbra,36, - GOWN LARGE, - GOWN LARGE,9515,DRAPE   ,9515,,20/CS,$47.72 ,2,0,0,,19,Total Tx Amt. $0.00
2, - CARDINAL HEALTH,1706,,,O,"$2,517.14 ",$0.00 ,9/18/2019,wbra,9/23/2019,wbra,106, - GOWN XLARGE, - GOWN XLARGE,9545,GENERAL ,9545,,20/CS,$45.85 ,1,0,0,,19,Total Tx Amt. $0.00
2, - CARDINAL HEALTH,1706,,,O,"$2,517.14 ",$0.00 ,9/18/2019,wbra,9/23/2019,wbra,292, - MED BETADINE 10% 4OZ, - MED BETADINE 10% 4OZ,6761815004,,6761815004,,EA,$3.56 ,4,0,0,,19,Total Tx Amt. $0.00
2, - CARDINAL HEALTH,1706,,,O,"$2,517.14 ",$0.00 ,9/18/2019,wbra,9/23/2019,wbra,26," - DRAPE SHEET, THREE QUARTER"," - DRAPE SHEET, THREE QUARTER",9349,ANESTHE ,9349,,20/CS,$29.43 ,1,0,0,,19,Total Tx Amt. $0.00
1, - MCKESSON,1707,,,O,$665.54 ,$0.00 ,9/19/2019,wbra,9/20/2019,wbra,700," - DRSG, PACKING STRIP, IODOFORM 2"""," - DRSG, PACKING STRIP, IODOFORM 2""",470443,DRESSING,470443,,1/BT,$3.89 ,6,0,0,,13,Total Tx Amt. $0.00
1, - MCKESSON,1707,,,O,$665.54 ,$0.00 ,9/19/2019,wbra,9/20/2019,wbra,1063," - ANES, Endotracheal Tube 7.0 mm"," - ANES, Endotracheal Tube 7.0 mm",112082070,ANESTHE ,130596,,10/BX,$17.86 ,1,0,0,,13,Total Tx Amt. $0.00
1, - MCKESSON,1707,,,O,$665.54 ,$0.00 ,9/19/2019,wbra,9/20/2019,wbra,70, - GLOVE EXAM LARGE NITRILE, - GLOVE EXAM LARGE NITRILE,88TN04L,GENERAL ,778121,,10/BX,$91.10 ,1,0,0,,13,Total Tx Amt. $0.00
1, - MCKESSON,1707,,,O,$665.54 ,$0.00 ,9/19/2019,wbra,9/20/2019,wbra,211, - MED PROPOFOL 20ML, - MED PROPOFOL 20ML,989562,IVSUPPLY,989562,,25/BX,$56.86 ,2,0,0,,13,Total Tx Amt. $0.00
1, - MCKESSON,1707,,,O,$665.54 ,$0.00 ,9/19/2019,wbra,9/20/2019,wbra,710," - SUPP, NASAL CAN GAS SAMPLE 7'"," - SUPP, NASAL CAN GAS SAMPLE 7'",999489,ANESTHE ,999489,,25/CS,$42.19 ,1,0,0,,13,Total Tx Amt. $0.00
1, - MCKESSON,1707,,,O,$665.54 ,$0.00 ,9/19/2019,wbra,9/20/2019,wbra,833," - Mask, Anes size 6 Adult Elongated"," - Mask, Anes size 6 Adult Elongated",854706,ANESTHE ,854706,,30/BX,$46.88 ,1,0,0,,13,Total Tx Amt. $0.00
1, - MCKESSON,1707,,,O,$665.54 ,$0.00 ,9/19/2019,wbra,9/20/2019,wbra,162, - MED ANCEF 1G, - MED ANCEF 1G,1107414,GLV/MSK ,1107414,,25/BX,$25.94 ,2,0,0,,13,Total Tx Amt. $0.00
1, - MCKESSON,1707,,,O,$665.54 ,$0.00 ,9/19/2019,wbra,9/20/2019,wbra,135, - FLUID LR 1000ML, - FLUID LR 1000ML,208829,GENERAL ,208829,,12/CS,$38.66 ,2,0,0,,13,Total Tx Amt. $0.00
1, - MCKESSON,1707,,,O,$665.54 ,$0.00 ,9/19/2019,wbra,9/20/2019,wbra,140, - FLUID NACL 3000ML, - FLUID NACL 3000ML,230132,GENERAL ,230132,,4/CS,$34.32 ,3,0,0,,13,Total Tx Amt. $0.00
1, - MCKESSON,1707,,,O,$665.54 ,$0.00 ,9/19/2019,wbra,9/20/2019,wbra,830, - syringe/needle 3cc Blnt LL 18ga x 1 1/2, - syringe/needle 3cc Blnt LL 18ga x 1 1/2,305060,GENERAL ,459506,,100/BX,$11.80 ,3,0,0,,13,Total Tx Amt. $0.00
1, - MCKESSON,1707,,,O,$665.54 ,$0.00 ,9/19/2019,wbra,9/20/2019,wbra,420, - SYRINGE LL 10ML, - SYRINGE LL 10ML,1031801,,1031801,,100/BX,$7.50 ,2,0,0,,13,Total Tx Amt. $0.00
1, - MCKESSON,1707,,,O,$665.54 ,$0.00 ,9/19/2019,wbra,9/20/2019,wbra,421, - SYRINGE LL 20ML, - SYRINGE LL 20ML,1031802,,1031802,,100/BX,$19.80 ,2,0,0,,13,Total Tx Amt. $0.00
1, - MCKESSON,1707,,,O,$665.54 ,$0.00 ,9/19/2019,wbra,9/20/2019,wbra,418, - SYRINGE LL 60ML NS, - SYRINGE LL 60ML NS,102-S60C,,869662,,25/CT,$8.29 ,1,0,0,,13,Total Tx Amt. $0.00
17, - HEALTHTRONICS MOBILE SOLUTIONS,1708,,,O,$490.00 ,$0.00 ,9/20/2019,wbra,9/20/2019,wbra,1132," - Fiber, 1000um Single Use Optical Fiber 60Watt"," - Fiber, 1000um Single Use Optical Fiber 60Watt",OAF009911,,OAF009911,,EA,$490.00 ,1,0,0,,1,Total Tx Amt. $0.00
8, - STERIS,1709,,,O,"$1,253.98 ",$0.00 ,9/20/2019,wbra,9/20/2019,wbra,, - Repair for OR light, - Repair for OR light,,,,,ea,"$1,253.98 ",1,0,0,,1,Total Tx Amt. $0.00
14, - BARD,1710,,,O,$58.56 ,$0.00 ,9/20/2019,wbra,9/20/2019,wbra,382, - CATH FOLEY 14FR 2WAY 5ML LATEX, - CATH FOLEY 14FR 2WAY 5ML LATEX,0165V14S,GENERAL ,0165V14S,,12/BX,$58.56 ,1,0,0,,1,Total Tx Amt. $0.00
41, - MEDLINE,1711,,,O,$57.88 ,$0.00 ,9/20/2019,wbra,9/20/2019,wbra,1113," - DRSH, Vaginal Tail Sponge"," - DRSH, Vaginal Tail Sponge",MDS50403,,MDS50403,,100/CS,$57.88 ,1,0,0,,1,Total Tx Amt. $0.00
1, - MCKESSON,1712,,,O,"$2,611.30 ",$0.00 ,9/21/2019,wbra,9/24/2019,wbra,710," - SUPP, NASAL CAN GAS SAMPLE 7'"," - SUPP, NASAL CAN GAS SAMPLE 7'",999489,ANESTHE ,999489,,25/CS,$42.19 ,2,0,0,,12,Total Tx Amt. $0.00
1, - MCKESSON,1712,,,O,"$2,611.30 ",$0.00 ,9/21/2019,wbra,9/24/2019,wbra,954," - Kitchen, Dish Soap"," - Kitchen, Dish Soap",860763,GENERAL ,860763,,EA,$5.09 ,2,0,0,,12,Total Tx Amt. $0.00
1, - MCKESSON,1712,,,O,"$2,611.30 ",$0.00 ,9/21/2019,wbra,9/24/2019,wbra,148, - FLUID WATER 500ML BOTTLE, - FLUID WATER 500ML BOTTLE,161730,GENERAL ,161730,,16/cs,$28.50 ,1,0,0,,12,Total Tx Amt. $0.00
1, - MCKESSON,1712,,,O,"$2,611.30 ",$0.00 ,9/21/2019,wbra,9/24/2019,wbra,699," - MED, SEVOFLURANE INHAL"," - MED, SEVOFLURANE INHAL",6679401525,MEDS    ,779244,,EA,$128.40 ,6,0,0,,12,Total Tx Amt. $0.00
1, - MCKESSON,1712,,,O,"$2,611.30 ",$0.00 ,9/21/2019,wbra,9/24/2019,wbra,221, - MED SUPRANE 240ML, - MED SUPRANE 240ML,988492,IVSUPPLY,988492,,6/BX,"$1,177.29 ",1,0,0,,12,Total Tx Amt. $0.00
1, - MCKESSON,1712,,,O,"$2,611.30 ",$0.00 ,9/21/2019,wbra,9/24/2019,wbra,165, - MED CIPRO 400MG/200ML, - MED CIPRO 400MG/200ML,916163,ANESTHE ,806731,,24/CS,$69.12 ,2,0,0,,12,Total Tx Amt. $0.00
1, - MCKESSON,1712,,,O,"$2,611.30 ",$0.00 ,9/21/2019,wbra,9/24/2019,wbra,901, - Coverall Bunny Suit, - Coverall Bunny Suit,293648,GENERAL ,293648,,25/BX,$43.81 ,1,0,0,,12,Total Tx Amt. $0.00
1, - MCKESSON,1712,,,O,"$2,611.30 ",$0.00 ,9/21/2019,wbra,9/24/2019,wbra,123, - TOWEL PAPER C-FOLD, - TOWEL PAPER C-FOLD,1040599,GENERAL ,1040599,,6/CT,$18.08 ,2,0,0,,12,Total Tx Amt. $0.00
1, - MCKESSON,1712,,,O,"$2,611.30 ",$0.00 ,9/21/2019,wbra,9/24/2019,wbra,120, - TISSUE TOLIET WHT, - TISSUE TOLIET WHT,165-tp500p,GENERAL ,1045390,,96/CS,$41.56 ,1,0,0,,12,Total Tx Amt. $0.00
1, - MCKESSON,1712,,,O,"$2,611.30 ",$0.00 ,9/21/2019,wbra,9/24/2019,wbra,140, - FLUID NACL 3000ML, - FLUID NACL 3000ML,230132,GENERAL ,230132,,4/CS,$34.32 ,4,0,0,,12,Total Tx Amt. $0.00
1, - MCKESSON,1712,,,O,"$2,611.30 ",$0.00 ,9/21/2019,wbra,9/24/2019,wbra,624," - MED, OMNIPAQUE 300"," - MED, OMNIPAQUE 300",407141361,MEDS    ,533382,,10/BX,$57.83 ,2,0,0,,12,Total Tx Amt. $0.00
1, - MCKESSON,1712,,,O,"$2,611.30 ",$0.00 ,9/21/2019,wbra,9/24/2019,wbra,770," - liner, trash can 60 gal roll"," - liner, trash can 60 gal roll",980394,HSKPNG  ,980394,,20/CS,$27.84 ,1,0,0,,12,Total Tx Amt. $0.00
40, - Office Depot Business Solutions,1713,,,O,$65.62 ,$0.00 ,9/21/2019,wbra,9/23/2019,wbra,1152," - Office, Heavy Weight Sheet Protectors"," - Office, Heavy Weight Sheet Protectors",491658,,491658,,100/BX,$12.74 ,2,0,0,,4,Total Tx Amt. $0.00
40, - Office Depot Business Solutions,1713,,,O,$65.62 ,$0.00 ,9/21/2019,wbra,9/23/2019,wbra,," - Letter Opener, P/N 313692"," - Letter Opener, P/N 313692",,,,,ea,$1.29 ,6,0,0,,4,Total Tx Amt. $0.00
40, - Office Depot Business Solutions,1713,,,O,$65.62 ,$0.00 ,9/21/2019,wbra,9/23/2019,wbra,1177," - Office, Post It Notes"," - Office, Post It Notes",285621,,285621,,6/CT,$5.61 ,3,0,0,,4,Total Tx Amt. $0.00
40, - Office Depot Business Solutions,1713,,,O,$65.62 ,$0.00 ,9/21/2019,wbra,9/23/2019,wbra,1178," - Office, Pentel0.9 mm Pencile"," - Office, Pentel0.9 mm Pencile",929067,,929067,,EA,$5.19 ,3,0,0,,4,Total Tx Amt. $0.00
23, - COLOPLAST,1714,,,O,$732.00 ,$0.00 ,9/23/2019,wbra,9/26/2019,wbra,601," - SLING, FEMALE ARIS TRANSOBTURATOR KIT"," - SLING, FEMALE ARIS TRANSOBTURATOR KIT",93-4400,GENERAL ,93-4400,,EA,$732.00 ,1,0,0,,1,Total Tx Amt. $0.00
33, - MEDTRONIC,1715,,,O,"$33,872.00 ",$0.00 ,9/23/2019,wbra,9/23/2019,wbra,837, - Interstim Lead Introducer Kit, - Interstim Lead Introducer Kit,355018,GENERAL ,355018,,EA,$280.00 ,2,0,0,,6,Total Tx Amt. $0.00
33, - MEDTRONIC,1715,,,O,"$33,872.00 ",$0.00 ,9/23/2019,wbra,9/23/2019,wbra,843, - Interstim Quadripolar Lead Kit for Sacral Nerve St, - Interstim Quadripolar Lead Kit for Sacral Nerve St,3889-28,GENERAL ,3889-28,,EA,"$3,360.00 ",2,0,0,,6,Total Tx Amt. $0.00
33, - MEDTRONIC,1715,,,O,"$33,872.00 ",$0.00 ,9/23/2019,wbra,9/23/2019,wbra,839, - Interstim Test Stimulation Cable, - Interstim Test Stimulation Cable,357501,GENERAL ,357501,,EA,$40.00 ,1,0,0,,6,Total Tx Amt. $0.00
33, - MEDTRONIC,1715,,,O,"$33,872.00 ",$0.00 ,9/23/2019,wbra,9/23/2019,wbra,736," - IMP, INTERSTIM TEST STIM 353101"," - IMP, INTERSTIM TEST STIM 353101",353101,GENERAL ,353101,,EA,$350.00 ,1,0,0,,6,Total Tx Amt. $0.00
33, - MEDTRONIC,1715,,,O,"$33,872.00 ",$0.00 ,9/23/2019,wbra,9/23/2019,wbra,835, - Interstim Hand Set With Communicator, - Interstim Hand Set With Communicator,TH90G01,GENERAL ,TH90G01,,EA,"$1,901.00 ",2,0,0,,6,Total Tx Amt. $0.00
33, - MEDTRONIC,1715,,,O,"$33,872.00 ",$0.00 ,9/23/2019,wbra,9/23/2019,wbra,834, - Interstim Neuro Stimulator, - Interstim Neuro Stimulator,3058,GENERAL ,3058,,EA,"$11,200.00 ",2,0,0,,6,Total Tx Amt. $0.00
26, - CUSTOM MEDICAL SPECILTIES,1716,,,O,$318.47 ,$0.00 ,9/24/2019,wbra,9/24/2019,wbra,637," - BAG, DRAIN SURGICAL TABLE"," - BAG, DRAIN SURGICAL TABLE",CMS-999,GENERAL ,CMS-999,,20/CS,$129.00 ,2,0,0,,2,Total Tx Amt. $0.00
26, - CUSTOM MEDICAL SPECILTIES,1716,,,O,$318.47 ,$0.00 ,9/24/2019,wbra,9/24/2019,wbra,638," - BAG, DRAIN ADAPTER"," - BAG, DRAIN ADAPTER",CMS-610,GENERAL ,CMS-610,,50/CS,$60.47 ,1,0,0,,2,Total Tx Amt. $0.00
14, - BARD,1717,,,O,$175.68 ,$0.00 ,9/24/2019,wbra,9/24/2019,wbra,382, - CATH FOLEY 14FR 2WAY 5ML LATEX, - CATH FOLEY 14FR 2WAY 5ML LATEX,0165V14S,GENERAL ,0165V14S,,12/BX,$58.56 ,1,0,0,,3,Total Tx Amt. $0.00
14, - BARD,1717,,,O,$175.68 ,$0.00 ,9/24/2019,wbra,9/24/2019,wbra,749, - Foley Catheter 16 Fr 5cc Lubricious Coated, - Foley Catheter 16 Fr 5cc Lubricious Coated,0165L16,,0165L16,,12/BX,$58.56 ,1,0,0,,3,Total Tx Amt. $0.00
14, - BARD,1717,,,O,$175.68 ,$0.00 ,9/24/2019,wbra,9/24/2019,wbra,332, - CATH FOLEY 18FR 2WAY 5ML, - CATH FOLEY 18FR 2WAY 5ML,0165L18,,0165L18,,12/BX,$58.56 ,1,0,0,,3,Total Tx Amt. $0.00
24, - CIVCO,1718,,,O,$706.00 ,$0.00 ,9/24/2019,wbra,9/24/2019,wbra,610," - BRACHY, ENDOCAVITY BALLOON"," - BRACHY, ENDOCAVITY BALLOON",610-898,GENERAL ,610-898,,1/BT,$419.00 ,1,0,0,,2,Total Tx Amt. $0.00
24, - CIVCO,1718,,,O,$706.00 ,$0.00 ,9/24/2019,wbra,9/24/2019,wbra,611," - BRACHY, TEMPLATE GRID"," - BRACHY, TEMPLATE GRID",610-905,GENERAL ,610-905,,5/BX,$287.00 ,1,0,0,,2,Total Tx Amt. $0.00
1, - MCKESSON,1719,,,O,"$2,495.16 ",$0.00 ,9/24/2019,wbra,9/25/2019,wbra,1025, - Hydrox Isopropyll Rubbing Alcohol  16 oz, - Hydrox Isopropyll Rubbing Alcohol  16 oz,HDX22CMC,STRL PRO,49176,,EA,$1.32 ,5,0,0,,19,Total Tx Amt. $0.00
1, - MCKESSON,1719,,,O,"$2,495.16 ",$0.00 ,9/24/2019,wbra,9/25/2019,wbra,," - Thermometer, Dual Zone 1074441"," - Thermometer, Dual Zone 1074441",,,,,ea,$56.25 ,1,0,0,,19,Total Tx Amt. $0.00
1, - MCKESSON,1719,,,O,"$2,495.16 ",$0.00 ,9/24/2019,wbra,9/25/2019,wbra,850," - Soap, Antimicrobial Soap[ Provon"," - Soap, Antimicrobial Soap[ Provon",,HSKPNG  ,877253,,2/CS,$38.20 ,2,0,0,,19,Total Tx Amt. $0.00
1, - MCKESSON,1719,,,O,"$2,495.16 ",$0.00 ,9/24/2019,wbra,9/25/2019,wbra,767, - Monoject PreFill IV Flush Sodium Chloride, - Monoject PreFill IV Flush Sodium Chloride,8881570121,GENERAL ,472080,,30/BX,$11.51 ,3,0,0,,19,Total Tx Amt. $0.00
1, - MCKESSON,1719,,,O,"$2,495.16 ",$0.00 ,9/24/2019,wbra,9/25/2019,wbra,1179, - Sterile Magnetic Inst Pad 10 x 16 disposable, - Sterile Magnetic Inst Pad 10 x 16 disposable,831365,,831365,,48/BX,$159.27 ,1,0,0,,19,Total Tx Amt. $0.00
1, - MCKESSON,1719,,,O,"$2,495.16 ",$0.00 ,9/24/2019,wbra,9/25/2019,wbra,199, - MED MITOMYCIN 20MG/50ML, - MED MITOMYCIN 20MG/50ML,725642,HSKPNG  ,725642,,1/BT,$215.68 ,4,0,0,,19,Total Tx Amt. $0.00
1, - MCKESSON,1719,,,O,"$2,495.16 ",$0.00 ,9/24/2019,wbra,9/25/2019,wbra,1084," - Preservative Free Injextable Saline, 10"," - Preservative Free Injextable Saline, 10",236173,,236173,,25/BX,$22.29 ,2,0,0,,19,Total Tx Amt. $0.00
1, - MCKESSON,1719,,,O,"$2,495.16 ",$0.00 ,9/24/2019,wbra,9/25/2019,wbra,138, - FLUID LR 500ML, - FLUID LR 500ML,467133,GENERAL ,467133,,24/CS,$48.20 ,3,0,0,,19,Total Tx Amt. $0.00
1, - MCKESSON,1719,,,O,"$2,495.16 ",$0.00 ,9/24/2019,wbra,9/25/2019,wbra,669," - PREP, CLIPPER SURGICAL HEAD"," - PREP, CLIPPER SURGICAL HEAD",CAH4406D,PREP    ,875142,,25/BX,$92.34 ,2,0,0,,19,Total Tx Amt. $0.00
1, - MCKESSON,1719,,,O,"$2,495.16 ",$0.00 ,9/24/2019,wbra,9/25/2019,wbra,142, - FLUID NACL 1000ML, - FLUID NACL 1000ML,515490,GENERAL ,515490,,14/CS,$29.99 ,2,0,0,,19,Total Tx Amt. $0.00
1, - MCKESSON,1719,,,O,"$2,495.16 ",$0.00 ,9/24/2019,wbra,9/25/2019,wbra,136, - FLUID LR 1000ML, - FLUID LR 1000ML,515492,GENERAL ,515492,,14/CS,$31.21 ,3,0,0,,19,Total Tx Amt. $0.00
1, - MCKESSON,1719,,,O,"$2,495.16 ",$0.00 ,9/24/2019,wbra,9/25/2019,wbra,420, - SYRINGE LL 10ML, - SYRINGE LL 10ML,1031801,,1031801,,100/BX,$7.50 ,2,0,0,,19,Total Tx Amt. $0.00
1, - MCKESSON,1719,,,O,"$2,495.16 ",$0.00 ,9/24/2019,wbra,9/25/2019,wbra,421, - SYRINGE LL 20ML, - SYRINGE LL 20ML,1031802,,1031802,,100/BX,$19.80 ,2,0,0,,19,Total Tx Amt. $0.00
1, - MCKESSON,1719,,,O,"$2,495.16 ",$0.00 ,9/24/2019,wbra,9/25/2019,wbra,228, - NDL CHIBA 20G, - NDL CHIBA 20G,CNM-2008,IVSUPPLY,629155,,10/BX,$81.23 ,3,0,0,,19,Total Tx Amt. $0.00
1, - MCKESSON,1719,,,O,"$2,495.16 ",$0.00 ,9/24/2019,wbra,9/25/2019,wbra,726," - SUPP, Y TUBING"," - SUPP, Y TUBING",2C4005,GENERAL ,200390,,12/BX,$121.28 ,2,0,0,,19,Total Tx Amt. $0.00
1, - MCKESSON,1719,,,O,"$2,495.16 ",$0.00 ,9/24/2019,wbra,9/25/2019,wbra,782, - Dental Bibs, - Dental Bibs,43445,GENERAL ,853587,,1/CS,$15.04 ,1,0,0,,19,Total Tx Amt. $0.00
1, - MCKESSON,1719,,,O,"$2,495.16 ",$0.00 ,9/24/2019,wbra,9/25/2019,wbra,71, - GLOVE EXAM SMALL NITRILE, - GLOVE EXAM SMALL NITRILE,88TN02S,GENERAL ,780470,,10/BX,$91.10 ,1,0,0,,19,Total Tx Amt. $0.00
1, - MCKESSON,1719,,,O,"$2,495.16 ",$0.00 ,9/24/2019,wbra,9/25/2019,wbra,284, - SUPPORTER ADULT LRG, - SUPPORTER ADULT LRG,452706,DRESSING,452706,,EA,$6.04 ,10,0,0,,19,Total Tx Amt. $0.00
1, - MCKESSON,1719,,,O,"$2,495.16 ",$0.00 ,9/24/2019,wbra,9/25/2019,wbra,145, - IV STOPCOCK 3 WAY, - IV STOPCOCK 3 WAY,180938,GENERAL ,180938,,100/CS,$64.53 ,1,0,0,,19,Total Tx Amt. $0.00
2, - CARDINAL HEALTH,1720,,,O,"$1,311.46 ",$0.00 ,9/25/2019,wbra,9/25/2019,wbra,1006, - Weck Spears, - Weck Spears,30-049,,D30-049,,10/BX,$20.65 ,3,0,0,,10,Total Tx Amt. $0.00
2, - CARDINAL HEALTH,1720,,,O,"$1,311.46 ",$0.00 ,9/25/2019,wbra,9/25/2019,wbra,31, - DRAPE CYSTO PACK, - DRAPE CYSTO PACK,SPP99CY1AA,DRAPE   ,SPP99CY1AA,,6/CS,$118.62 ,3,0,0,,10,Total Tx Amt. $0.00
2, - CARDINAL HEALTH,1720,,,O,"$1,311.46 ",$0.00 ,9/25/2019,wbra,9/25/2019,wbra,39, - DRAPE MAYO STAND COVER, - DRAPE MAYO STAND COVER,8337,DRAPE   ,8337,,30/CS,$28.73 ,2,0,0,,10,Total Tx Amt. $0.00
2, - CARDINAL HEALTH,1720,,,O,"$1,311.46 ",$0.00 ,9/25/2019,wbra,9/25/2019,wbra,106, - GOWN XLARGE, - GOWN XLARGE,9545,GENERAL ,9545,,20/CS,$45.85 ,1,0,0,,10,Total Tx Amt. $0.00
2, - CARDINAL HEALTH,1720,,,O,"$1,311.46 ",$0.00 ,9/25/2019,wbra,9/25/2019,wbra,298, - PREP TRAY IODINE STERILE, - PREP TRAY IODINE STERILE,Nov-08,,Nov-08,,20/CS,$77.40 ,1,0,0,,10,Total Tx Amt. $0.00
2, - CARDINAL HEALTH,1720,,,O,"$1,311.46 ",$0.00 ,9/25/2019,wbra,9/25/2019,wbra,69, - CAP BOUFFANT 24IN, - CAP BOUFFANT 24IN,3274,DRESSING,,,10/CS,$62.15 ,1,0,0,,10,Total Tx Amt. $0.00
2, - CARDINAL HEALTH,1720,,,O,"$1,311.46 ",$0.00 ,9/25/2019,wbra,9/25/2019,wbra,422, - DISINFECT CAVIWIPE 1MIN, - DISINFECT CAVIWIPE 1MIN,MX13-1150,HSKPNG  ,MX13-1150,,12/BX,$64.95 ,2,0,0,,10,Total Tx Amt. $0.00
2, - CARDINAL HEALTH,1720,,,O,"$1,311.46 ",$0.00 ,9/25/2019,wbra,9/25/2019,wbra,38, - DRAPE IOBAN 23X17, - DRAPE IOBAN 23X17,M6650EZ,DRAPE   ,M6650EZ,,10/BX,$65.99 ,1,0,0,,10,Total Tx Amt. $0.00
2, - CARDINAL HEALTH,1720,,,O,"$1,311.46 ",$0.00 ,9/25/2019,wbra,9/25/2019,wbra,542, - DRP PACK MINOR PROCEDURE, - DRP PACK MINOR PROCEDURE,SPP99MN7AA,DRAPE   ,SPP99MN7AA,,4/CS,$92.00 ,3,0,0,,10,Total Tx Amt. $0.00
2, - CARDINAL HEALTH,1720,,,O,"$1,311.46 ",$0.00 ,9/25/2019,wbra,9/25/2019,wbra,103, - GLOVE PROTEXIS PI 8 LATEX FREE, - GLOVE PROTEXIS PI 8 LATEX FREE,2D72PT80X,GENERAL ,2D72PT80X,,50/BX,$89.45 ,2,0,0,,10,Total Tx Amt. $0.00
8, - STERIS,1721,,,O,$345.96 ,$0.00 ,9/25/2019,wbra,9/25/2019,wbra,503," - SUPP, STERIS LIGHT HANDLE COVER"," - SUPP, STERIS LIGHT HANDLE COVER",LB53,GENERAL ,LB53,,125/CS,$172.98 ,2,0,0,,1,Total Tx Amt. $0.00
4, - COOK MEDICAL,1722,,,O,$722.10 ,$0.00 ,9/25/2019,wbra,9/25/2019,wbra,455, - COOK URETERAL STENT FIRM UNIVERSA 5FR X 24, - COOK URETERAL STENT FIRM UNIVERSA 5FR X 24,G23397,GENERAL ,G23397,,EA,$49.50 ,4,0,0,,4,Total Tx Amt. $0.00
4, - COOK MEDICAL,1722,,,O,$722.10 ,$0.00 ,9/25/2019,wbra,9/25/2019,wbra,459, - COOK URETERAL STENT FIRM UNIVERSA, - COOK URETERAL STENT FIRM UNIVERSA,G23406,GENERAL ,G23406,,EA,$49.50 ,4,0,0,,4,Total Tx Amt. $0.00
4, - COOK MEDICAL,1722,,,O,$722.10 ,$0.00 ,9/25/2019,wbra,9/25/2019,wbra,460, - COOK URETERAL STENT FIRM UNIVERSA, - COOK URETERAL STENT FIRM UNIVERSA,G23407,GENERAL ,G23407,,EA,$49.50 ,2,0,0,,4,Total Tx Amt. $0.00
4, - COOK MEDICAL,1722,,,O,$722.10 ,$0.00 ,9/25/2019,wbra,9/25/2019,wbra,433, - COOK ACCESS SHEATH URETERAL 12FR 35CM, - COOK ACCESS SHEATH URETERAL 12FR 35CM,G19168,GENERAL ,G19168,,EA,$113.55 ,2,0,0,,4,Total Tx Amt. $0.00
3, - BOSTON SCIENTIFIC,1723,,,O,"$3,739.95 ",$0.00 ,9/25/2019,wbra,9/26/2019,wbra,582, - BOSTON SCI WIRE GUIDE SENSOR .035 ANG, - BOSTON SCI WIRE GUIDE SENSOR .035 ANG,M0066703011,GENERAL ,M0066703011,,5/BX,$351.80 ,3,0,0,,4,Total Tx Amt. $0.00
3, - BOSTON SCIENTIFIC,1723,,,O,"$3,739.95 ",$0.00 ,9/25/2019,wbra,9/26/2019,wbra,645," - BASKET, ZERO TIP 1.9FR X 120CM BOSTON"," - BASKET, ZERO TIP 1.9FR X 120CM BOSTON",M0063901050,GENERAL ,M0063901050,,EA,$348.60 ,6,0,0,,4,Total Tx Amt. $0.00
3, - BOSTON SCIENTIFIC,1723,,,O,"$3,739.95 ",$0.00 ,9/25/2019,wbra,9/26/2019,wbra,578," - BOSTON SCI, NAVIGATOR HD 11/13FR 28CM"," - BOSTON SCI, NAVIGATOR HD 11/13FR 28CM",M0062502210,GENERAL ,M0062502210,,EA,$197.65 ,1,0,0,,4,Total Tx Amt. $0.00
3, - BOSTON SCIENTIFIC,1723,,,O,"$3,739.95 ",$0.00 ,9/25/2019,wbra,9/26/2019,wbra,851, - Navigator 11/13 x 36, - Navigator 11/13 x 36,M0062502220,GENERAL ,M0062502220,,EA,$197.65 ,2,0,0,,4,Total Tx Amt. $0.00
23, - COLOPLAST,1724,,,O,"$10,837.00 ",$0.00 ,9/25/2019,wbra,9/26/2019,wbra,899," - Impl, Assembly Kit"," - Impl, Assembly Kit",91-9480SC,,91-9480SC,,EA,$509.00 ,1,0,0,Batch Code 6665300,3,Total Tx Amt. $0.00
23, - COLOPLAST,1724,,,O,"$10,837.00 ",$0.00 ,9/25/2019,wbra,9/26/2019,wbra,808," - IMP, TITAN RESERVOIR ECLD 125CC"," - IMP, TITAN RESERVOIR ECLD 125CC",ER8125,GENERAL ,ER8125,,EA,"$1,860.00 ",1,0,0,Batch Code 6674270,3,Total Tx Amt. $0.00
23, - COLOPLAST,1724,,,O,"$10,837.00 ",$0.00 ,9/25/2019,wbra,9/26/2019,wbra,1067," - Impl, Touch Scrotal Zero Degree Angle C;ylinder 22"," - Impl, Touch Scrotal Zero Degree Angle C;ylinder 22",ES2822,,ES2822,,EA,"$8,468.00 ",1,0,0,Batch Code 4487834,3,Total Tx Amt. $0.00
23, - COLOPLAST,1725,,,O,$118.00 ,$0.00 ,9/26/2019,wbra,9/27/2019,wbra,," - Basket, Coloplast P/N EXN734 AND P/N AXX12 RETRACE"," - Basket, Coloplast P/N EXN734 AND P/N AXX12 RETRACE",,,,,EA,$118.00 ,1,0,0,NO CHARGE ITEMS DIRECT DELIVERY RECEIPT 218001,1,Total Tx Amt. $0.00
1, - MCKESSON,1726,,,O,$193.33 ,$0.00 ,9/26/2019,wbra,9/26/2019,wbra,715," - CATH, TUBE HOLDER, FOLEY"," - CATH, TUBE HOLDER, FOLEY",1107740,DRESSING,1107740,,EA,$8.63 ,2,0,0,,5,Total Tx Amt. $0.00
1, - MCKESSON,1726,,,O,$193.33 ,$0.00 ,9/26/2019,wbra,9/26/2019,wbra,24, - SODA SORB PREPACK, - SODA SORB PREPACK,199066,ANESTHE ,199066,,12/CS,$103.57 ,1,0,0,,5,Total Tx Amt. $0.00
1, - MCKESSON,1726,,,O,$193.33 ,$0.00 ,9/26/2019,wbra,9/26/2019,wbra,633," - TUBING, SUCTION NS BUBBLE"," - TUBING, SUCTION NS BUBBLE",8888280412,GLV/MSK ,774642,,1/CS,$13.84 ,1,0,0,,5,Total Tx Amt. $0.00
1, - MCKESSON,1726,,,O,$193.33 ,$0.00 ,9/26/2019,wbra,9/26/2019,wbra,207, - MED ZOFRAN 2ML, - MED ZOFRAN 2ML,1113028,IVSUPPLY,1113028,,25/CT,$13.91 ,4,0,0,,5,Total Tx Amt. $0.00
1, - MCKESSON,1726,,,O,$193.33 ,$0.00 ,9/26/2019,wbra,9/26/2019,wbra,898," - Anes, Tongue Blades"," - Anes, Tongue Blades",508714,ANESTHE ,508714,,100/BX,$3.02 ,1,0,0,,5,Total Tx Amt. $0.00
17, - HEALTHTRONICS MOBILE SOLUTIONS,1727,,,O,"$1,215.00 ",$0.00 ,9/26/2019,wbra,9/26/2019,wbra,1129," - Fiber, 365um Single Use Optical Fiber 60Watt"," - Fiber, 365um Single Use Optical Fiber 60Watt",OAF703611,,OAF703611,,EA,$200.00 ,1,0,0,,4,Total Tx Amt. $0.00
17, - HEALTHTRONICS MOBILE SOLUTIONS,1727,,,O,"$1,215.00 ",$0.00 ,9/26/2019,wbra,9/26/2019,wbra,1128," - Fiber, 272um Single Use Optical Fiber 60Watt"," - Fiber, 272um Single Use Optical Fiber 60Watt",OAF702711,,OAF702711,,EA,$200.00 ,2,0,0,,4,Total Tx Amt. $0.00
17, - HEALTHTRONICS MOBILE SOLUTIONS,1727,,,O,"$1,215.00 ",$0.00 ,9/26/2019,wbra,9/26/2019,wbra,529, - LASER FIBER HO 200 SINGLE USE, - LASER FIBER HO 200 SINGLE USE,95193,GENERAL ,95193,,EA,$125.00 ,3,0,0,,4,Total Tx Amt. $0.00
17, - HEALTHTRONICS MOBILE SOLUTIONS,1727,,,O,"$1,215.00 ",$0.00 ,9/26/2019,wbra,9/26/2019,wbra,533, - LASER FIBER HO 940 SINGLE USE, - LASER FIBER HO 940 SINGLE USE,95196,GENERAL ,95196,,EA,$240.00 ,1,0,0,,4,Total Tx Amt. $0.00
1, - MCKESSON,1728,,,O,"$1,470.67 ",$0.00 ,9/27/2019,wbra,9/27/2019,wbra,710," - SUPP, NASAL CAN GAS SAMPLE 7'"," - SUPP, NASAL CAN GAS SAMPLE 7'",999489,ANESTHE ,999489,,25/CS,$42.19 ,1,0,0,,11,Total Tx Amt. $0.00
1, - MCKESSON,1728,,,O,"$1,470.67 ",$0.00 ,9/27/2019,wbra,9/27/2019,wbra,211, - MED PROPOFOL 20ML, - MED PROPOFOL 20ML,989562,IVSUPPLY,989562,,25/BX,$56.86 ,3,0,0,,11,Total Tx Amt. $0.00
1, - MCKESSON,1728,,,O,"$1,470.67 ",$0.00 ,9/27/2019,wbra,9/27/2019,wbra,833," - Mask, Anes size 6 Adult Elongated"," - Mask, Anes size 6 Adult Elongated",854706,ANESTHE ,854706,,30/BX,$46.88 ,1,0,0,,11,Total Tx Amt. $0.00
1, - MCKESSON,1728,,,O,"$1,470.67 ",$0.00 ,9/27/2019,wbra,9/27/2019,wbra,162, - MED ANCEF 1G, - MED ANCEF 1G,1107414,GLV/MSK ,1107414,,25/BX,$25.94 ,2,0,0,,11,Total Tx Amt. $0.00
1, - MCKESSON,1728,,,O,"$1,470.67 ",$0.00 ,9/27/2019,wbra,9/27/2019,wbra,135, - FLUID LR 1000ML, - FLUID LR 1000ML,208829,GENERAL ,208829,,12/CS,$38.66 ,1,0,0,,11,Total Tx Amt. $0.00
1, - MCKESSON,1728,,,O,"$1,470.67 ",$0.00 ,9/27/2019,wbra,9/27/2019,wbra,138, - FLUID LR 500ML, - FLUID LR 500ML,467133,GENERAL ,467133,,24/CS,$48.20 ,1,0,0,,11,Total Tx Amt. $0.00
1, - MCKESSON,1728,,,O,"$1,470.67 ",$0.00 ,9/27/2019,wbra,9/27/2019,wbra,127, - IV CATH INTROCAN 20X1, - IV CATH INTROCAN 20X1,629114,PACU    ,629114,,50/BX,$158.52 ,3,0,0,,11,Total Tx Amt. $0.00
1, - MCKESSON,1728,,,O,"$1,470.67 ",$0.00 ,9/27/2019,wbra,9/27/2019,wbra,140, - FLUID NACL 3000ML, - FLUID NACL 3000ML,230132,GENERAL ,230132,,4/CS,$34.32 ,3,0,0,,11,Total Tx Amt. $0.00
1, - MCKESSON,1728,,,O,"$1,470.67 ",$0.00 ,9/27/2019,wbra,9/27/2019,wbra,152, - FLUID WATER 1000ML, - FLUID WATER 1000ML,513059,GENERAL ,513059,,14/CS,$56.50 ,2,0,0,,11,Total Tx Amt. $0.00
1, - MCKESSON,1728,,,O,"$1,470.67 ",$0.00 ,9/27/2019,wbra,9/27/2019,wbra,148, - FLUID WATER 500ML BOTTLE, - FLUID WATER 500ML BOTTLE,161730,GENERAL ,161730,,16/cs,$28.50 ,1,0,0,,11,Total Tx Amt. $0.00
1, - MCKESSON,1728,,,O,"$1,470.67 ",$0.00 ,9/27/2019,wbra,9/27/2019,wbra,1181," - MEDS, Senorcaine, SDV PF, 0.25% 10 ML"," - MEDS, Senorcaine, SDV PF, 0.25% 10 ML",788674,,788674,,25/BX,$176.13 ,2,0,0,,11,Total Tx Amt. $0.00
2, - CARDINAL HEALTH,1729,,,O,"$2,334.31 ",$0.00 ,9/27/2019,wbra,9/30/2019,wbra,796," - King UltraFlex 72"" breathing circuit"," - King UltraFlex 72"" breathing circuit",,ANESTHE ,8753F6121Z,,30/BX,$199.55 ,2,0,0,,13,Total Tx Amt. $0.00
2, - CARDINAL HEALTH,1729,,,O,"$2,334.31 ",$0.00 ,9/27/2019,wbra,9/30/2019,wbra,281, - SOCK SLIPPER ADULT XL, - SOCK SLIPPER ADULT XL,68125-GRY,,68125-GRY,,48/BX,$33.01 ,1,0,0,,13,Total Tx Amt. $0.00
2, - CARDINAL HEALTH,1729,,,O,"$2,334.31 ",$0.00 ,9/27/2019,wbra,9/30/2019,wbra,134, - IV START KIT, - IV START KIT,01-9000A,GENERAL ,01-9000A,,100/CS,$100.00 ,1,0,0,,13,Total Tx Amt. $0.00
2, - CARDINAL HEALTH,1729,,,O,"$2,334.31 ",$0.00 ,9/27/2019,wbra,9/30/2019,wbra,739, - SafeDay IV Administration Set, - SafeDay IV Administration Set,352904,PACU    ,352899,,50/BX,$366.36 ,2,0,0,,13,Total Tx Amt. $0.00
2, - CARDINAL HEALTH,1729,,,O,"$2,334.31 ",$0.00 ,9/27/2019,wbra,9/30/2019,wbra,363, - CONTAINER SUCTION 3000ML, - CONTAINER SUCTION 3000ML,65651-230,GENERAL ,65651-230,,40/CS,$70.47 ,2,0,0,,13,Total Tx Amt. $0.00
2, - CARDINAL HEALTH,1729,,,O,"$2,334.31 ",$0.00 ,9/27/2019,wbra,9/30/2019,wbra,347, - CAUTERY HANDHELD PUSH BUTTON HOLSTER, - CAUTERY HANDHELD PUSH BUTTON HOLSTER,E2516H,,E2516HA,,50/CS,$236.74 ,1,0,0,,13,Total Tx Amt. $0.00
2, - CARDINAL HEALTH,1729,,,O,"$2,334.31 ",$0.00 ,9/27/2019,wbra,9/30/2019,wbra,344, - FLUID DECANTER BAG, - FLUID DECANTER BAG,9001,,RE9001,,50/BX,$126.16 ,1,0,0,,13,Total Tx Amt. $0.00
2, - CARDINAL HEALTH,1729,,,O,"$2,334.31 ",$0.00 ,9/27/2019,wbra,9/30/2019,wbra,99, - GLOVE PROTEXIS PI 6 LATEX FREE, - GLOVE PROTEXIS PI 6 LATEX FREE,2D72PT60X,GENERAL ,2D72PT60X,,50/BX,$89.45 ,2,0,0,,13,Total Tx Amt. $0.00
2, - CARDINAL HEALTH,1729,,,O,"$2,334.31 ",$0.00 ,9/27/2019,wbra,9/30/2019,wbra,101, - GLOVE PROTEXIS PI 7 LATEX FREE, - GLOVE PROTEXIS PI 7 LATEX FREE,2D72PT70X,GENERAL ,2D72PT70X,,50/BX,$89.45 ,1,0,0,,13,Total Tx Amt. $0.00
2, - CARDINAL HEALTH,1729,,,O,"$2,334.31 ",$0.00 ,9/27/2019,wbra,9/30/2019,wbra,100, - GLOVE PROTEXIS PI 6.5 LATEX FREE, - GLOVE PROTEXIS PI 6.5 LATEX FREE,2D72PT65X,GENERAL ,2D72PT65X,,50/BX,$89.45 ,1,0,0,,13,Total Tx Amt. $0.00
2, - CARDINAL HEALTH,1729,,,O,"$2,334.31 ",$0.00 ,9/27/2019,wbra,9/30/2019,wbra,102, - GLOVE PROTEXIS PI 7.5 LATEX FREE, - GLOVE PROTEXIS PI 7.5 LATEX FREE,2D72PT75X,GENERAL ,2D72PT75X,,50/BX,$89.45 ,1,0,0,,13,Total Tx Amt. $0.00
2, - CARDINAL HEALTH,1729,,,O,"$2,334.31 ",$0.00 ,9/27/2019,wbra,9/30/2019,wbra,103, - GLOVE PROTEXIS PI 8 LATEX FREE, - GLOVE PROTEXIS PI 8 LATEX FREE,2D72PT80X,GENERAL ,2D72PT80X,,50/BX,$89.45 ,1,0,0,,13,Total Tx Amt. $0.00
2, - CARDINAL HEALTH,1729,,,O,"$2,334.31 ",$0.00 ,9/27/2019,wbra,9/30/2019,wbra,371, - FLUID SUCTION YANKAUER, - FLUID SUCTION YANKAUER,CFK61,GENERAL ,K61,,50/CS,$28.94 ,1,0,0,,13,Total Tx Amt. $0.00
40, - Office Depot Business Solutions,1730,,,O,$190.21 ,$0.00 ,9/27/2019,wbra,9/27/2019,wbra,1180," - Office, Post-it tabs with on-the-go dispenser1"""," - Office, Post-it tabs with on-the-go dispenser1""",723017,,723017,,EA,$7.98 ,2,0,0,,6,Total Tx Amt. $0.00
40, - Office Depot Business Solutions,1730,,,O,$190.21 ,$0.00 ,9/27/2019,wbra,9/27/2019,wbra,1160," - Office, Famos Amos Cookies"," - Office, Famos Amos Cookies",273931,,273931,,30/BX,$44.29 ,1,0,0,,6,Total Tx Amt. $0.00
40, - Office Depot Business Solutions,1730,,,O,$190.21 ,$0.00 ,9/27/2019,wbra,9/27/2019,wbra,1124," - Office, Goldfish Crackers"," - Office, Goldfish Crackers",353343,PACU    ,353343,,30/BX,$24.69 ,1,0,0,,6,Total Tx Amt. $0.00
40, - Office Depot Business Solutions,1730,,,O,$190.21 ,$0.00 ,9/27/2019,wbra,9/27/2019,wbra,1121," - Office,Oreo Cookies"," - Office,Oreo Cookies",673307,,673307,,30/BX,$31.49 ,1,0,0,,6,Total Tx Amt. $0.00
40, - Office Depot Business Solutions,1730,,,O,$190.21 ,$0.00 ,9/27/2019,wbra,9/27/2019,wbra,1120," - Office, Apple Juice"," - Office, Apple Juice",5548896,,5548896,,48/BX,$26.29 ,1,0,0,,6,Total Tx Amt. $0.00
40, - Office Depot Business Solutions,1730,,,O,$190.21 ,$0.00 ,9/27/2019,wbra,9/27/2019,wbra,1122," - Office, Cranberry Juice"," - Office, Cranberry Juice",987923,,987923,,48/BX,$47.49 ,1,0,0,,6,Total Tx Amt. $0.00
1, - MCKESSON,1732,,,O,$947.25 ,$0.00 ,9/30/2019,wbra,9/30/2019,wbra,351, - CAUTERY PAD GROUND ADULT 10FT CONMED, - CAUTERY PAD GROUND ADULT 10FT CONMED,22-ESREC,,1018818,,50/BX,$132.19 ,1,0,0,,11,Total Tx Amt. $0.00
1, - MCKESSON,1732,,,O,$947.25 ,$0.00 ,9/30/2019,wbra,9/30/2019,wbra,1182," - Electrosurgical 2 3/4 "" needle electrode"," - Electrosurgical 2 3/4 "" needle electrode",22-ES02T,,1018822,,12/BX,$45.75 ,3,0,0,,11,Total Tx Amt. $0.00
1, - MCKESSON,1732,,,O,$947.25 ,$0.00 ,9/30/2019,wbra,9/30/2019,wbra,849," - Lidocaine 1 % HCI Injection, USP 500mg/50ml Multi"," - Lidocaine 1 % HCI Injection, USP 500mg/50ml Multi",239936,,239936,,25/CT,$57.73 ,2,0,0,,11,Total Tx Amt. $0.00
1, - MCKESSON,1732,,,O,$947.25 ,$0.00 ,9/30/2019,wbra,9/30/2019,wbra,135, - FLUID LR 1000ML, - FLUID LR 1000ML,208829,GENERAL ,208829,,12/CS,$38.66 ,2,0,0,,11,Total Tx Amt. $0.00
1, - MCKESSON,1732,,,O,$947.25 ,$0.00 ,9/30/2019,wbra,9/30/2019,wbra,140, - FLUID NACL 3000ML, - FLUID NACL 3000ML,230132,GENERAL ,230132,,4/CS,$34.32 ,3,0,0,,11,Total Tx Amt. $0.00
1, - MCKESSON,1732,,,O,$947.25 ,$0.00 ,9/30/2019,wbra,9/30/2019,wbra,849," - Lidocaine 1 % HCI Injection, USP 500mg/50ml Multi"," - Lidocaine 1 % HCI Injection, USP 500mg/50ml Multi",239936,,239936,,25/CT,$57.73 ,2,0,0,,11,Total Tx Amt. $0.00
1, - MCKESSON,1732,,,O,$947.25 ,$0.00 ,9/30/2019,wbra,9/30/2019,wbra,229, - NDL HYPO 18X1.5, - NDL HYPO 18X1.5,1031789,IVS     ,1031789,,100/BX,$2.80 ,2,0,0,,11,Total Tx Amt. $0.00
1, - MCKESSON,1732,,,O,$947.25 ,$0.00 ,9/30/2019,wbra,9/30/2019,wbra,743, - EKG Monitor Button Red Dot, - EKG Monitor Button Red Dot,2560,ANESTHE ,199314,,50/CS,$164.65 ,1,0,0,,11,Total Tx Amt. $0.00
1, - MCKESSON,1732,,,O,$947.25 ,$0.00 ,9/30/2019,wbra,9/30/2019,wbra,59," - TAPE SELF ADHERE (COBAN) 3IN STER 1"""," - TAPE SELF ADHERE (COBAN) 3IN STER 1""",CAH35LFS,DRESSING,481236,,30/CS,$16.08 ,1,0,0,,11,Total Tx Amt. $0.00
1, - MCKESSON,1732,,,O,$947.25 ,$0.00 ,9/30/2019,wbra,9/30/2019,wbra,1183," - Evacuator, Bulb Silicon Sterile 100Ml"," - Evacuator, Bulb Silicon Sterile 100Ml",1581,,491269,,10/BX,$53.00 ,1,0,0,,11,Total Tx Amt. $0.00
1, - MCKESSON,1732,,,O,$947.25 ,$0.00 ,9/30/2019,wbra,9/30/2019,wbra,289, - BASIN URINAL 1QT, - BASIN URINAL 1QT,1020361,,1020361,,48/CS,$27.28 ,1,0,0,,11,Total Tx Amt. $0.00
40, - Office Depot Business Solutions,1733,,,O,$168.65 ,$0.00 ,9/30/2019,wbra,9/30/2019,wbra,1110," - Office, Paper Three Hole Punched"," - Office, Paper Three Hole Punched",196589,,196589,,1/BX,$37.35 ,3,0,0,,4,Total Tx Amt. $0.00
40, - Office Depot Business Solutions,1733,,,O,$168.65 ,$0.00 ,9/30/2019,wbra,9/30/2019,wbra,1125," - Office, Bottled Water"," - Office, Bottled Water",595347,,595347,,24/CS,$7.99 ,4,0,0,,4,Total Tx Amt. $0.00
40, - Office Depot Business Solutions,1733,,,O,$168.65 ,$0.00 ,9/30/2019,wbra,9/30/2019,wbra,1115," - Office, Diet Coke"," - Office, Diet Coke",208185,,208185,,24/CS,$12.32 ,1,0,0,,4,Total Tx Amt. $0.00
40, - Office Depot Business Solutions,1733,,,O,$168.65 ,$0.00 ,9/30/2019,wbra,9/30/2019,wbra,1118," - Office, Sprite"," - Office, Sprite",208255,,208255,,24/CS,$12.32 ,1,0,0,,4,Total Tx Amt. $0.00
24, - CIVCO,1734,,,O,$170.00 ,$0.00 ,9/30/2019,wbra,9/30/2019,wbra,903," - Drape, System Drape"," - Drape, System Drape",610-870,GENERAL ,610-870,,20/BX,$170.00 ,1,0,0,,1,Total Tx Amt. $0.00
3, - BOSTON SCIENTIFIC,1735,,,O,"$44,410.00 ",$0.00 ,9/30/2019,wbra,9/30/2019,wbra,1184," - IMPL, Boston Linear ST 50cm 8 contact lead"," - IMPL, Boston Linear ST 50cm 8 contact lead",SC-2218-50,,SC-2218-50,,EA,"$3,080.00 ",2,0,0,SN 5171042 and SN 5173072,10,Total Tx Amt. $0.00
3, - BOSTON SCIENTIFIC,1735,,,O,"$44,410.00 ",$0.00 ,9/30/2019,wbra,9/30/2019,wbra,1185," - Impl, Boston Clik X Anchor"," - Impl, Boston Clik X Anchor",SC-4318,,SC-4318,,EA,$395.00 ,1,0,0,SN 21469248,10,Total Tx Amt. $0.00
3, - BOSTON SCIENTIFIC,1735,,,O,"$44,410.00 ",$0.00 ,9/30/2019,wbra,9/30/2019,wbra,1186," - Impl, Boston Spectra WaveWriter Pulse Generator"," - Impl, Boston Spectra WaveWriter Pulse Generator",SC-1160,,SC-1160,,EA,"$29,485.00 ",1,0,0,SN 357092,10,Total Tx Amt. $0.00
3, - BOSTON SCIENTIFIC,1735,,,O,"$44,410.00 ",$0.00 ,9/30/2019,wbra,9/30/2019,wbra,1187," - Impl, Boston Precision Charging System"," - Impl, Boston Precision Charging System",SC-6412-3,,SC-6412-3,,EA,"$3,665.00 ",1,0,0,SN 353555,10,Total Tx Amt. $0.00
3, - BOSTON SCIENTIFIC,1735,,,O,"$44,410.00 ",$0.00 ,9/30/2019,wbra,9/30/2019,wbra,1188," - Impl, Boston Freelink Remote Control Kit"," - Impl, Boston Freelink Remote Control Kit",SC-5562-1,,SC-5562-1,,EA,"$1,790.00 ",1,0,0,SN 155714,10,Total Tx Amt. $0.00
3, - BOSTON SCIENTIFIC,1735,,,O,"$44,410.00 ",$0.00 ,9/30/2019,wbra,9/30/2019,wbra,1189," - Impl, Boston Fixate Sutring Device"," - Impl, Boston Fixate Sutring Device",FB-201-01,,FB-201-01,,EA,"$1,790.00 ",1,0,0,SN 23889787,10,Total Tx Amt. $0.00
3, - BOSTON SCIENTIFIC,1735,,,O,"$44,410.00 ",$0.00 ,9/30/2019,wbra,9/30/2019,wbra,1190," - Impl, 2 x 8 OR Cable Extension"," - Impl, 2 x 8 OR Cable Extension",SC-4108,,SC-4108,,EA,$600.00 ,1,0,0,Lot 23666463,10,Total Tx Amt. $0.00
3, - BOSTON SCIENTIFIC,1735,,,O,"$44,410.00 ",$0.00 ,9/30/2019,wbra,9/30/2019,wbra,1191," - Impl, Boston 28cm Tunneling Tool"," - Impl, Boston 28cm Tunneling Tool",SC-4252,,SC-4252,,EA,$300.00 ,1,0,0,Lot 23963186,10,Total Tx Amt. $0.00
3, - BOSTON SCIENTIFIC,1735,,,O,"$44,410.00 ",$0.00 ,9/30/2019,wbra,9/30/2019,wbra,1074," - Implant, Epimed Coude Needle"," - Implant, Epimed Coude Needle",SC-4210,,SC-4210,,EA,$75.00 ,2,0,0,Lot 20872405 and Lot 22731643,10,Total Tx Amt. $0.00
3, - BOSTON SCIENTIFIC,1735,,,O,"$44,410.00 ",$0.00 ,9/30/2019,wbra,9/30/2019,wbra,1192," - Impl, Boston 7.6cm Hex Wrench"," - Impl, Boston 7.6cm Hex Wrench",SC-4276,,SC-4276,,EA,$75.00 ,1,0,0,Lot 21453304,10,Total Tx Amt. $0.00
3, - BOSTON SCIENTIFIC,1736,,,O,"$3,009.24 ",$0.00 ,10/1/2019,wbra,10/1/2019,wbra,645," - BASKET, ZERO TIP 1.9FR X 120CM BOSTON"," - BASKET, ZERO TIP 1.9FR X 120CM BOSTON",M0063901050,GENERAL ,M0063901050,,EA,$348.60 ,3,0,0,,3,Total Tx Amt. $0.00
3, - BOSTON SCIENTIFIC,1736,,,O,"$3,009.24 ",$0.00 ,10/1/2019,wbra,10/1/2019,wbra,446, - BOSTON SCI WIRE GUIDE SENSOR .035 STR, - BOSTON SCI WIRE GUIDE SENSOR .035 STR,M0066703081,GENERAL ,M0066703081,,5/BX,$374.66 ,4,0,0,,3,Total Tx Amt. $0.00
3, - BOSTON SCIENTIFIC,1736,,,O,"$3,009.24 ",$0.00 ,10/1/2019,wbra,10/1/2019,wbra,646, - UROMAX BALLOON KIT 12FR X 4CM, - UROMAX BALLOON KIT 12FR X 4CM,M0062251200,GENERAL ,M0062251200,,EA,$464.80 ,1,0,0,,3,Total Tx Amt. $0.00
27, - BESSE MEDICAL,1737,,,O,$296.73 ,$0.00 ,10/1/2019,wbra,10/1/2019,wbra,1193," - Meds, Sensorcaine 0.5% 30ml sdv  Bupivicaine"," - Meds, Sensorcaine 0.5% 30ml sdv  Bupivicaine",37495,,37495,,25/BX,$127.71 ,1,0,0,,2,Total Tx Amt. $0.00
27, - BESSE MEDICAL,1737,,,O,$296.73 ,$0.00 ,10/1/2019,wbra,10/1/2019,wbra,202, - MED NAROPIN 0.5% 30 ml vial, - MED NAROPIN 0.5% 30 ml vial,1107586,IVSUPPLY,42099,,25/BX,$169.02 ,1,0,0,,2,Total Tx Amt. $0.00
1, - MCKESSON,1738,,,O,"$1,279.90 ",$0.00 ,10/1/2019,wbra,10/2/2019,wbra,1194," - Supporter, Adult XL"," - Supporter, Adult XL",406598,,406598,,EA,$7.31 ,5,0,0,,11,Total Tx Amt. $0.00
1, - MCKESSON,1738,,,O,"$1,279.90 ",$0.00 ,10/1/2019,wbra,10/2/2019,wbra,1195," - Drape, C-Armor X-Ray Drape"," - Drape, C-Armor X-Ray Drape",5523,,1032343,,12/BX,$497.49 ,1,0,0,,11,Total Tx Amt. $0.00
1, - MCKESSON,1738,,,O,"$1,279.90 ",$0.00 ,10/1/2019,wbra,10/2/2019,wbra,1196," - Needle, 25 ga x 1"""," - Needle, 25 ga x 1""",16-N251,,1031795,,100/BX,$2.88 ,1,0,0,,11,Total Tx Amt. $0.00
1, - MCKESSON,1738,,,O,"$1,279.90 ",$0.00 ,10/1/2019,wbra,10/2/2019,wbra,555, - BLANKET BAIR HUGGER UPPER, - BLANKET BAIR HUGGER UPPER,1045420,GENERAL ,1045420,,10/BX,$69.61 ,3,0,0,,11,Total Tx Amt. $0.00
1, - MCKESSON,1738,,,O,"$1,279.90 ",$0.00 ,10/1/2019,wbra,10/2/2019,wbra,284, - SUPPORTER ADULT LRG, - SUPPORTER ADULT LRG,452706,DRESSING,452706,,EA,$6.04 ,10,0,0,,11,Total Tx Amt. $0.00
1, - MCKESSON,1738,,,O,"$1,279.90 ",$0.00 ,10/1/2019,wbra,10/2/2019,wbra,148, - FLUID WATER 500ML BOTTLE, - FLUID WATER 500ML BOTTLE,161730,GENERAL ,161730,,16/cs,$28.50 ,1,0,0,,11,Total Tx Amt. $0.00
1, - MCKESSON,1738,,,O,"$1,279.90 ",$0.00 ,10/1/2019,wbra,10/2/2019,wbra,151, - FLUID WATER 3000ML, - FLUID WATER 3000ML,200388,GLV/MSK ,200388,,4/CS,$33.79 ,2,0,0,,11,Total Tx Amt. $0.00
1, - MCKESSON,1738,,,O,"$1,279.90 ",$0.00 ,10/1/2019,wbra,10/2/2019,wbra,211, - MED PROPOFOL 20ML, - MED PROPOFOL 20ML,989562,IVSUPPLY,989562,,25/BX,$56.86 ,4,0,0,,11,Total Tx Amt. $0.00
1, - MCKESSON,1738,,,O,"$1,279.90 ",$0.00 ,10/1/2019,wbra,10/2/2019,wbra,162, - MED ANCEF 1G, - MED ANCEF 1G,1107414,GLV/MSK ,1107414,,25/BX,$25.94 ,2,0,0,,11,Total Tx Amt. $0.00
1, - MCKESSON,1738,,,O,"$1,279.90 ",$0.00 ,10/1/2019,wbra,10/2/2019,wbra,859," - Chemotherapy Sharps Container 18 gallon, Yellow"," - Chemotherapy Sharps Container 18 gallon, Yellow",862687,GENERAL ,862687,,EA,$16.26 ,4,0,0,,11,Total Tx Amt. $0.00
1, - MCKESSON,1738,,,O,"$1,279.90 ",$0.00 ,10/1/2019,wbra,10/2/2019,wbra,342, - CONTAINER BIO WASTE 5QT RED, - CONTAINER BIO WASTE 5QT RED,2262,,881399,,10/BX,$33.31 ,1,0,0,,11,Total Tx Amt. $0.00
2, - CARDINAL HEALTH,1739,,,O,$615.37 ,$0.00 ,10/1/2019,wbra,10/2/2019,wbra,31, - DRAPE CYSTO PACK, - DRAPE CYSTO PACK,SPP99CY1AA,DRAPE   ,SPP99CY1AA,,6/CS,$118.62 ,2,0,0,,6,Total Tx Amt. $0.00
2, - CARDINAL HEALTH,1739,,,O,$615.37 ,$0.00 ,10/1/2019,wbra,10/2/2019,wbra,298, - PREP TRAY IODINE STERILE, - PREP TRAY IODINE STERILE,Nov-08,,Nov-08,,20/CS,$77.40 ,1,0,0,,6,Total Tx Amt. $0.00
2, - CARDINAL HEALTH,1739,,,O,$615.37 ,$0.00 ,10/1/2019,wbra,10/2/2019,wbra,39, - DRAPE MAYO STAND COVER, - DRAPE MAYO STAND COVER,8337,DRAPE   ,8337,,30/CS,$28.73 ,1,0,0,,6,Total Tx Amt. $0.00
2, - CARDINAL HEALTH,1739,,,O,$615.37 ,$0.00 ,10/1/2019,wbra,10/2/2019,wbra,96, - SHOE COVER DURAFIT NON-SKID X-LARGE, - SHOE COVER DURAFIT NON-SKID X-LARGE,4854,GENERAL ,4854,,4/CS,$44.52 ,1,0,0,,6,Total Tx Amt. $0.00
2, - CARDINAL HEALTH,1739,,,O,$615.37 ,$0.00 ,10/1/2019,wbra,10/2/2019,wbra,785, - Sheaths Ultra sound Probe cover, - Sheaths Ultra sound Probe cover,25001,GENERAL ,25001,,100/BX,$91.48 ,2,0,0,,6,Total Tx Amt. $0.00
2, - CARDINAL HEALTH,1739,,,O,$615.37 ,$0.00 ,10/1/2019,wbra,10/2/2019,wbra,372, - DRAPE TOWEL SURGICAL 4PK BLUE, - DRAPE TOWEL SURGICAL 4PK BLUE,28700-004,DRAPE   ,28700-004,,20/CS,$44.52 ,1,0,0,,6,Total Tx Amt. $0.00
19, - STRAND DX,1740,,,O,$0.05 ,$0.00 ,10/2/2019,wbra,10/2/2019,wbra,563," - BIOPSY KIT, KNOW ERROR"," - BIOPSY KIT, KNOW ERROR",KIT,GENERAL ,KIT,,12/BX,$0.01 ,5,0,0,,1,Total Tx Amt. $0.00
21, - BK Medical,1741,,,O,$590.00 ,$0.00 ,10/2/2019,wbra,10/2/2019,wbra,380, - NDL GUIDE ULTRASOUND FUSION BX, - NDL GUIDE ULTRASOUND FUSION BX,UA1322-S,,UA1322-S,,18/CS,$295.00 ,2,0,0,,1,Total Tx Amt. $0.00
14, - BARD,1742,,,O,"$1,133.76 ",$0.00 ,10/2/2019,wbra,10/2/2019,wbra,1197, - CATH FOLEY 2WAY COUDE 20FR 5CC, - CATH FOLEY 2WAY COUDE 20FR 5CC,0102L20,,0102L20,,12/BX,$233.76 ,1,0,0,,2,Total Tx Amt. $0.00
14, - BARD,1742,,,O,"$1,133.76 ",$0.00 ,10/2/2019,wbra,10/2/2019,wbra,224, - NDL BIOPSY MAX CORE, - NDL BIOPSY MAX CORE,MC1825,IVSUPPLY,MC1825,,5/BX,$90.00 ,10,0,0,,2,Total Tx Amt. $0.00
1, - MCKESSON,1743,,,O,"$1,340.84 ",$0.00 ,10/2/2019,wbra,10/3/2019,wbra,827," - Botox, Therapeutic VL  100units, Allergan"," - Botox, Therapeutic VL  100units, Allergan",,MEDS    ,349702,,1/BT,$670.42 ,2,0,0,,1,Total Tx Amt. $0.00
29, - ALLERGAN,1744,,,O,$148.00 ,$0.00 ,10/2/2019,wbra,10/2/2019,wbra,1037," - Needle, injeTAK DIS 199, 35 cm"," - Needle, injeTAK DIS 199, 35 cm",96031,,96031,,2/CS,$74.00 ,2,0,0,,1,Total Tx Amt. $0.00
17, - HEALTHTRONICS MOBILE SOLUTIONS,1745,,,O,"$1,250.00 ",$0.00 ,10/2/2019,wbra,10/2/2019,wbra,, - Holium Laser Glasses, - Holium Laser Glasses,,,,,ea,$125.00 ,10,0,0,,1,Total Tx Amt. $0.00
17, - HEALTHTRONICS MOBILE SOLUTIONS,1746,,,O,"$2,040.00 ",$0.00 ,10/2/2019,wbra,10/3/2019,wbra,529, - LASER FIBER HO 200 SINGLE USE, - LASER FIBER HO 200 SINGLE USE,95193,GENERAL ,95193,,EA,$125.00 ,5,0,0,,5,Total Tx Amt. $0.00
17, - HEALTHTRONICS MOBILE SOLUTIONS,1746,,,O,"$2,040.00 ",$0.00 ,10/2/2019,wbra,10/3/2019,wbra,531, - LASER FIBER HO 365 SINGLE USE, - LASER FIBER HO 365 SINGLE USE,95612,GENERAL ,95612,,EA,$125.00 ,3,0,0,,5,Total Tx Amt. $0.00
17, - HEALTHTRONICS MOBILE SOLUTIONS,1746,,,O,"$2,040.00 ",$0.00 ,10/2/2019,wbra,10/3/2019,wbra,533, - LASER FIBER HO 940 SINGLE USE, - LASER FIBER HO 940 SINGLE USE,95196,GENERAL ,95196,,EA,$240.00 ,1,0,0,,5,Total Tx Amt. $0.00
17, - HEALTHTRONICS MOBILE SOLUTIONS,1746,,,O,"$2,040.00 ",$0.00 ,10/2/2019,wbra,10/3/2019,wbra,1128," - Fiber, 272um Single Use Optical Fiber 60Watt"," - Fiber, 272um Single Use Optical Fiber 60Watt",OAF702711,,OAF702711,,EA,$200.00 ,2,0,0,,5,Total Tx Amt. $0.00
17, - HEALTHTRONICS MOBILE SOLUTIONS,1746,,,O,"$2,040.00 ",$0.00 ,10/2/2019,wbra,10/3/2019,wbra,1129," - Fiber, 365um Single Use Optical Fiber 60Watt"," - Fiber, 365um Single Use Optical Fiber 60Watt",OAF703611,,OAF703611,,EA,$200.00 ,2,0,0,,5,Total Tx Amt. $0.00
4, - COOK MEDICAL,1747,,,O,$396.00 ,$0.00 ,10/2/2019,wbra,10/2/2019,wbra,855, - Cook Ureteral Firm stent 6 x 20, - Cook Ureteral Firm stent 6 x 20,G23402,GENERAL ,G23402,,EA,$49.50 ,2,0,0,,3,Total Tx Amt. $0.00
4, - COOK MEDICAL,1747,,,O,$396.00 ,$0.00 ,10/2/2019,wbra,10/2/2019,wbra,458, - COOK URETERAL STENT FIRM UNIVERSA, - COOK URETERAL STENT FIRM UNIVERSA,G23405,GENERAL ,G23405,,EA,$49.50 ,2,0,0,,3,Total Tx Amt. $0.00
4, - COOK MEDICAL,1747,,,O,$396.00 ,$0.00 ,10/2/2019,wbra,10/2/2019,wbra,460, - COOK URETERAL STENT FIRM UNIVERSA, - COOK URETERAL STENT FIRM UNIVERSA,G23407,GENERAL ,G23407,,EA,$49.50 ,4,0,0,,3,Total Tx Amt. $0.00
1, - MCKESSON,1748,,,O,"$2,036.47 ",$0.00 ,10/3/2019,wbra,10/3/2019,wbra,745, - 3M Sterilization Indicator Strip comply Steam Chem, - 3M Sterilization Indicator Strip comply Steam Chem,1243ac,STRL PRO,134499,,100/BX,$39.00 ,2,0,0,,10,Total Tx Amt. $0.00
1, - MCKESSON,1748,,,O,"$2,036.47 ",$0.00 ,10/3/2019,wbra,10/3/2019,wbra,199, - MED MITOMYCIN 20MG/50ML, - MED MITOMYCIN 20MG/50ML,725642,HSKPNG  ,725642,,1/BT,$215.68 ,4,0,0,,10,Total Tx Amt. $0.00
1, - MCKESSON,1748,,,O,"$2,036.47 ",$0.00 ,10/3/2019,wbra,10/3/2019,wbra,813, - Revital-Ox Restart High-level disinfectant liquid, - Revital-Ox Restart High-level disinfectant liquid,4455AW,STRL PRO,788959,,4/BX,$144.17 ,1,0,0,,10,Total Tx Amt. $0.00
1, - MCKESSON,1748,,,O,"$2,036.47 ",$0.00 ,10/3/2019,wbra,10/3/2019,wbra,726," - SUPP, Y TUBING"," - SUPP, Y TUBING",2C4005,GENERAL ,200390,,12/BX,$121.28 ,2,0,0,,10,Total Tx Amt. $0.00
1, - MCKESSON,1748,,,O,"$2,036.47 ",$0.00 ,10/3/2019,wbra,10/3/2019,wbra,151, - FLUID WATER 3000ML, - FLUID WATER 3000ML,200388,GLV/MSK ,200388,,4/CS,$33.79 ,4,0,0,,10,Total Tx Amt. $0.00
1, - MCKESSON,1748,,,O,"$2,036.47 ",$0.00 ,10/3/2019,wbra,10/3/2019,wbra,148, - FLUID WATER 500ML BOTTLE, - FLUID WATER 500ML BOTTLE,161730,GENERAL ,161730,,16/cs,$28.50 ,2,0,0,,10,Total Tx Amt. $0.00
1, - MCKESSON,1748,,,O,"$2,036.47 ",$0.00 ,10/3/2019,wbra,10/3/2019,wbra,152, - FLUID WATER 1000ML, - FLUID WATER 1000ML,513059,GENERAL ,513059,,14/CS,$56.50 ,2,0,0,,10,Total Tx Amt. $0.00
1, - MCKESSON,1748,,,O,"$2,036.47 ",$0.00 ,10/3/2019,wbra,10/3/2019,wbra,140, - FLUID NACL 3000ML, - FLUID NACL 3000ML,230132,GENERAL ,230132,,4/CS,$34.32 ,2,0,0,,10,Total Tx Amt. $0.00
1, - MCKESSON,1748,,,O,"$2,036.47 ",$0.00 ,10/3/2019,wbra,10/3/2019,wbra,1199," - Glasses, XRay fitover eyewear"," - Glasses, XRay fitover eyewear",1008717,,1008717,,EA,$198.83 ,1,0,0,,10,Total Tx Amt. $0.00
1, - MCKESSON,1748,,,O,"$2,036.47 ",$0.00 ,10/3/2019,wbra,10/3/2019,wbra,1200," - Glasses, XRay  eyewear"," - Glasses, XRay  eyewear",1115145,,1115145,,EA,$136.39 ,1,0,0,,10,Total Tx Amt. $0.00
2, - CARDINAL HEALTH,1749,,,O,"$3,045.50 ",$0.00 ,10/3/2019,wbra,10/7/2019,wbra,323, - WRAP DOUBLE LAYER 36X36, - WRAP DOUBLE LAYER 36X36,CH5G0036,,CH5G0036,,75/PK,$121.13 ,2,0,0,,18,Total Tx Amt. $0.00
2, - CARDINAL HEALTH,1749,,,O,"$3,045.50 ",$0.00 ,10/3/2019,wbra,10/7/2019,wbra,318, - WRAP POUCH G/S 3.5X22, - WRAP POUCH G/S 3.5X22,92322,,92322,,1/CS,$94.86 ,2,0,0,,18,Total Tx Amt. $0.00
2, - CARDINAL HEALTH,1749,,,O,"$3,045.50 ",$0.00 ,10/3/2019,wbra,10/7/2019,wbra,313, - WRAP TRAY LINER WHT, - WRAP TRAY LINER WHT,KM10502B,STRL PRO,KM10502B,,4000/CS,$55.13 ,2,0,0,,18,Total Tx Amt. $0.00
2, - CARDINAL HEALTH,1749,,,O,"$3,045.50 ",$0.00 ,10/3/2019,wbra,10/7/2019,wbra,405, - SUTURE CHROMIC 3-0 SH 27IN, - SUTURE CHROMIC 3-0 SH 27IN,G122H,,G122H,,36/BX,$110.19 ,1,0,0,,18,Total Tx Amt. $0.00
2, - CARDINAL HEALTH,1749,,,O,"$3,045.50 ",$0.00 ,10/3/2019,wbra,10/7/2019,wbra,633," - TUBING, SUCTION NS BUBBLE"," - TUBING, SUCTION NS BUBBLE",8888280412,GLV/MSK ,8888280412,,EA,$9.22 ,4,0,0,,18,Total Tx Amt. $0.00
2, - CARDINAL HEALTH,1749,,,O,"$3,045.50 ",$0.00 ,10/3/2019,wbra,10/7/2019,wbra,796," - King UltraFlex 72"" breathing circuit"," - King UltraFlex 72"" breathing circuit",,ANESTHE ,8753F6121Z,,30/BX,$199.55 ,2,0,0,,18,Total Tx Amt. $0.00
2, - CARDINAL HEALTH,1749,,,O,"$3,045.50 ",$0.00 ,10/3/2019,wbra,10/7/2019,wbra,564, - ANES AIRWAY ORAL 100MM RED, - ANES AIRWAY ORAL 100MM RED,16-2101G,ANESTHE ,1227100A,,10/BX,$9.82 ,2,0,0,,18,Total Tx Amt. $0.00
2, - CARDINAL HEALTH,1749,,,O,"$3,045.50 ",$0.00 ,10/3/2019,wbra,10/7/2019,wbra,281, - SOCK SLIPPER ADULT XL, - SOCK SLIPPER ADULT XL,68125-GRY,,68125-GRY,,48/BX,$33.01 ,2,0,0,,18,Total Tx Amt. $0.00
2, - CARDINAL HEALTH,1749,,,O,"$3,045.50 ",$0.00 ,10/3/2019,wbra,10/7/2019,wbra,134, - IV START KIT, - IV START KIT,01-9000A,GENERAL ,01-9000A,,100/CS,$100.00 ,1,0,0,,18,Total Tx Amt. $0.00
2, - CARDINAL HEALTH,1749,,,O,"$3,045.50 ",$0.00 ,10/3/2019,wbra,10/7/2019,wbra,739, - SafeDay IV Administration Set, - SafeDay IV Administration Set,352904,PACU    ,352899,,50/BX,$366.36 ,2,0,0,,18,Total Tx Amt. $0.00
2, - CARDINAL HEALTH,1749,,,O,"$3,045.50 ",$0.00 ,10/3/2019,wbra,10/7/2019,wbra,31, - DRAPE CYSTO PACK, - DRAPE CYSTO PACK,SPP99CY1AA,DRAPE   ,SPP99CY1AA,,6/CS,$118.62 ,2,0,0,,18,Total Tx Amt. $0.00
2, - CARDINAL HEALTH,1749,,,O,"$3,045.50 ",$0.00 ,10/3/2019,wbra,10/7/2019,wbra,542, - DRP PACK MINOR PROCEDURE, - DRP PACK MINOR PROCEDURE,SPP99MN7AA,DRAPE   ,SPP99MN7AA,,4/CS,$92.00 ,2,0,0,,18,Total Tx Amt. $0.00
2, - CARDINAL HEALTH,1749,,,O,"$3,045.50 ",$0.00 ,10/3/2019,wbra,10/7/2019,wbra,1030," - Suture, Vicryl 2-0  27"" Braide CT-3"," - Suture, Vicryl 2-0  27"" Braide CT-3",J328H,GENERAL ,J328H,,36/BX,$57.47 ,1,0,0,,18,Total Tx Amt. $0.00
2, - CARDINAL HEALTH,1749,,,O,"$3,045.50 ",$0.00 ,10/3/2019,wbra,10/7/2019,wbra,789, - IGel #3 laryngealmask airway, - IGel #3 laryngealmask airway,8203000,ANESTHE ,1017498,,25/CT,$261.88 ,1,0,0,,18,Total Tx Amt. $0.00
2, - CARDINAL HEALTH,1749,,,O,"$3,045.50 ",$0.00 ,10/3/2019,wbra,10/7/2019,wbra,544," - SPD, INDICATOR, ULTRASONIC"," - SPD, INDICATOR, ULTRASONIC",U501,STRL PRO,u501,,50/BX,$19.05 ,2,0,0,,18,Total Tx Amt. $0.00
2, - CARDINAL HEALTH,1749,,,O,"$3,045.50 ",$0.00 ,10/3/2019,wbra,10/7/2019,wbra,1201," - EKG Electrode, Kendall853  3 pack"," - EKG Electrode, Kendall853  3 pack",22853,,22853,,1/BX,$65.11 ,1,0,0,,18,Total Tx Amt. $0.00
2, - CARDINAL HEALTH,1749,,,O,"$3,045.50 ",$0.00 ,10/3/2019,wbra,10/7/2019,wbra,298, - PREP TRAY IODINE STERILE, - PREP TRAY IODINE STERILE,Nov-08,,Nov-08,,20/CS,$77.40 ,1,0,0,,18,Total Tx Amt. $0.00
2, - CARDINAL HEALTH,1749,,,O,"$3,045.50 ",$0.00 ,10/3/2019,wbra,10/7/2019,wbra,300, - PREP APPLICATOR SPONGE IODINE, - PREP APPLICATOR SPONGE IODINE,DYND70288,,DYND70288,,30/BX,$117.51 ,1,0,0,,18,Total Tx Amt. $0.00
27, - BESSE MEDICAL,1750,,,O,$337.20 ,$0.00 ,10/3/2019,wbra,10/3/2019,wbra,885," - Bacitracin, VL PDR 50,000 Units"," - Bacitracin, VL PDR 50,000 Units",255718,GENERAL ,14438,,1/BT,$5.52 ,20,0,0,,2,Total Tx Amt. $0.00
27, - BESSE MEDICAL,1750,,,O,$337.20 ,$0.00 ,10/3/2019,wbra,10/3/2019,wbra,1198," - Med, Sensorcaine 0.5% injection 50 Ml MDV"," - Med, Sensorcaine 0.5% injection 50 Ml MDV",38202,,38202,,25/CS,$226.80 ,1,0,0,,2,Total Tx Amt. $0.00
1, - MCKESSON,1751,,,O,"$2,317.56 ",$0.00 ,10/7/2019,wbra,10/7/2019,wbra,162, - MED ANCEF 1G, - MED ANCEF 1G,1107414,GLV/MSK ,1107414,,25/BX,$25.94 ,2,0,0,Conf 44715577,12,Total Tx Amt. $0.00
1, - MCKESSON,1751,,,O,"$2,317.56 ",$0.00 ,10/7/2019,wbra,10/7/2019,wbra,73, - MED EPHEDRINE, - MED EPHEDRINE,17478041510,GENERAL ,1092978,,10/CT,$252.34 ,1,0,0,,12,Total Tx Amt. $0.00
1, - MCKESSON,1751,,,O,"$2,317.56 ",$0.00 ,10/7/2019,wbra,10/7/2019,wbra,425, - MED DEMEROL25mg/0.5ml, - MED DEMEROL25mg/0.5ml,333312,,333312,,25/BX,$81.25 ,1,0,0,,12,Total Tx Amt. $0.00
1, - MCKESSON,1751,,,O,"$2,317.56 ",$0.00 ,10/7/2019,wbra,10/7/2019,wbra,908," - Anes, Airway I-Gel 5"," - Anes, Airway I-Gel 5",961011,ANESTHE ,961011,,6/BX,$134.72 ,2,0,0,,12,Total Tx Amt. $0.00
1, - MCKESSON,1751,,,O,"$2,317.56 ",$0.00 ,10/7/2019,wbra,10/7/2019,wbra,726," - SUPP, Y TUBING"," - SUPP, Y TUBING",2C4005,GENERAL ,200390,,12/BX,$121.28 ,3,0,0,,12,Total Tx Amt. $0.00
1, - MCKESSON,1751,,,O,"$2,317.56 ",$0.00 ,10/7/2019,wbra,10/7/2019,wbra,1104," - Meds, plisol? Tuberculin Purified Protein Derivati"," - Meds, plisol? Tuberculin Purified Protein Derivati",653303,PACU    ,653303,,1/BT,$98.72 ,1,0,0,,12,Total Tx Amt. $0.00
1, - MCKESSON,1751,,,O,"$2,317.56 ",$0.00 ,10/7/2019,wbra,10/7/2019,wbra,927," - IV Admin Set, Secondary 15 drp"," - IV Admin Set, Secondary 15 drp",sc9001,PACU    ,685495,,50/BX,$40.87 ,1,0,0,,12,Total Tx Amt. $0.00
1, - MCKESSON,1751,,,O,"$2,317.56 ",$0.00 ,10/7/2019,wbra,10/7/2019,wbra,199, - MED MITOMYCIN 20MG/50ML, - MED MITOMYCIN 20MG/50ML,725642,HSKPNG  ,725642,,1/BT,$215.68 ,2,0,0,,12,Total Tx Amt. $0.00
1, - MCKESSON,1751,,,O,"$2,317.56 ",$0.00 ,10/7/2019,wbra,10/7/2019,wbra,114, - LINER TRASH HVY 33 GAL BLK, - LINER TRASH HVY 33 GAL BLK,863515,HSKPNG  ,863515,,250/CS,$18.60 ,1,0,0,,12,Total Tx Amt. $0.00
1, - MCKESSON,1751,,,O,"$2,317.56 ",$0.00 ,10/7/2019,wbra,10/7/2019,wbra,770," - liner, trash can 60 gal roll"," - liner, trash can 60 gal roll",980394,HSKPNG  ,980394,,20/CS,$27.84 ,2,0,0,,12,Total Tx Amt. $0.00
1, - MCKESSON,1751,,,O,"$2,317.56 ",$0.00 ,10/7/2019,wbra,10/7/2019,wbra,1168," - Instrument, Miltex Gorney Scissors TC Serr Str"," - Instrument, Miltex Gorney Scissors TC Serr Str",PM-2991,,633350,,EA,$233.51 ,2,0,0,,12,Total Tx Amt. $0.00
1, - MCKESSON,1751,,,O,"$2,317.56 ",$0.00 ,10/7/2019,wbra,10/7/2019,wbra,1202," - Instrument, Vasectomy Forceps 5 Inch Sharp-pointed"," - Instrument, Vasectomy Forceps 5 Inch Sharp-pointed",GU8161,,788374,,EA,$93.28 ,2,0,0,,12,Total Tx Amt. $0.00
44, - Intera Life Sciences,1752,,,C,$807.44 ,$0.00 ,10/7/2019,wbra,10/7/2019,wbra,1168," - Instrument, Miltex Gorney Scissors TC Serr Str"," - Instrument, Miltex Gorney Scissors TC Serr Str",PM-2991,,PM-2991,,EA,$403.72 ,2,0,0,,1,Total Tx Amt. $0.00
1, - MCKESSON,1753,,,O,$741.58 ,$0.00 ,10/8/2019,wbra,10/8/2019,wbra,1045," - Meds, Piperacillin and Tazzobactam 3.375gm"," - Meds, Piperacillin and Tazzobactam 3.375gm",993658,MEDS    ,993658,,10/BX,$43.48 ,1,0,0,,12,Total Tx Amt. $0.00
1, - MCKESSON,1753,,,O,$741.58 ,$0.00 ,10/8/2019,wbra,10/8/2019,wbra,710," - SUPP, NASAL CAN GAS SAMPLE 7'"," - SUPP, NASAL CAN GAS SAMPLE 7'",999489,ANESTHE ,999489,,25/CS,$42.19 ,2,0,0,,12,Total Tx Amt. $0.00
1, - MCKESSON,1753,,,O,$741.58 ,$0.00 ,10/8/2019,wbra,10/8/2019,wbra,211, - MED PROPOFOL 20ML, - MED PROPOFOL 20ML,989562,IVSUPPLY,989562,,25/BX,$56.86 ,4,0,0,,12,Total Tx Amt. $0.00
1, - MCKESSON,1753,,,O,$741.58 ,$0.00 ,10/8/2019,wbra,10/8/2019,wbra,833," - Mask, Anes size 6 Adult Elongated"," - Mask, Anes size 6 Adult Elongated",854706,ANESTHE ,854706,,30/BX,$46.88 ,1,0,0,,12,Total Tx Amt. $0.00
1, - MCKESSON,1753,,,O,$741.58 ,$0.00 ,10/8/2019,wbra,10/8/2019,wbra,135, - FLUID LR 1000ML, - FLUID LR 1000ML,208829,GENERAL ,208829,,12/CS,$38.66 ,2,0,0,,12,Total Tx Amt. $0.00
1, - MCKESSON,1753,,,O,$741.58 ,$0.00 ,10/8/2019,wbra,10/8/2019,wbra,830, - syringe/needle 3cc Blnt LL 18ga x 1 1/2, - syringe/needle 3cc Blnt LL 18ga x 1 1/2,305060,GENERAL ,459506,,100/BX,$11.80 ,3,0,0,,12,Total Tx Amt. $0.00
1, - MCKESSON,1753,,,O,$741.58 ,$0.00 ,10/8/2019,wbra,10/8/2019,wbra,783," - Sponge, Gauze 4x4 12 Ply"," - Sponge, Gauze 4x4 12 Ply",44122000,GENERAL ,440343,,10/CT,$40.38 ,1,0,0,,12,Total Tx Amt. $0.00
1, - MCKESSON,1753,,,O,$741.58 ,$0.00 ,10/8/2019,wbra,10/8/2019,wbra,764," - Mask, Face Surg Light Blue pleated with ties"," - Mask, Face Surg Light Blue pleated with ties",48100,GENERAL ,206484,,6/BX,$23.81 ,1,0,0,,12,Total Tx Amt. $0.00
1, - MCKESSON,1753,,,O,$741.58 ,$0.00 ,10/8/2019,wbra,10/8/2019,wbra,377, - FLUID GEL ULTRASOUND 250ML NS, - FLUID GEL ULTRASOUND 250ML NS,16-8919,,1066700,,12/BX,$11.54 ,2,0,0,,12,Total Tx Amt. $0.00
1, - MCKESSON,1753,,,O,$741.58 ,$0.00 ,10/8/2019,wbra,10/8/2019,wbra,379, - FLUID GEL ULTRASOUND 5000ML, - FLUID GEL ULTRASOUND 5000ML,227102,,227102,,EA,$15.11 ,1,0,0,,12,Total Tx Amt. $0.00
1, - MCKESSON,1753,,,O,$741.58 ,$0.00 ,10/8/2019,wbra,10/8/2019,wbra,624," - MED, OMNIPAQUE 300"," - MED, OMNIPAQUE 300",407141361,MEDS    ,533382,,10/BX,$57.83 ,2,0,0,,12,Total Tx Amt. $0.00
1, - MCKESSON,1753,,,O,$741.58 ,$0.00 ,10/8/2019,wbra,10/8/2019,wbra,1071, - Needle 25ga x 1 1/2, - Needle 25ga x 1 1/2,16-N25105,,16-N25105,,100/BX,$2.88 ,3,0,0,,12,Total Tx Amt. $0.00
42, - Accurate Surgical & Scientific Instruments,1754,,,O,"$1,238.00 ",$0.00 ,10/8/2019,wbra,10/9/2019,wbra,1207," - Locking Ndl Hdl 12cmlg, rd Hdl 0.4 Cvd Tip"," - Locking Ndl Hdl 12cmlg, rd Hdl 0.4 Cvd Tip",ASSI.BL127,,ASSI.BL127,,EA,$488.70 ,2,0,0,,4,Total Tx Amt. $0.00
42, - Accurate Surgical & Scientific Instruments,1754,,,O,"$1,238.00 ",$0.00 ,10/8/2019,wbra,10/9/2019,wbra,1208," - Forceps, Del. Str Needle point Tip SS, 11cm Reg."," - Forceps, Del. Str Needle point Tip SS, 11cm Reg.",ASIM5511,,ASIM5511,,EA,$96.30 ,2,0,0,,4,Total Tx Amt. $0.00
42, - Accurate Surgical & Scientific Instruments,1754,,,O,"$1,238.00 ",$0.00 ,10/8/2019,wbra,10/9/2019,wbra,1209," - Vented Tip Covers, Green"," - Vented Tip Covers, Green",ATC110-V,,ATC110-V,,100/BX,$34.00 ,1,0,0,,4,Total Tx Amt. $0.00
42, - Accurate Surgical & Scientific Instruments,1754,,,O,"$1,238.00 ",$0.00 ,10/8/2019,wbra,10/9/2019,wbra,1217," - Instr, Barraquer Eye Speculum 15 mm, Adult size"," - Instr, Barraquer Eye Speculum 15 mm, Adult size",ASSI.80022,,ASSI.80022,,EA,$34.00 ,1,0,0,,4,Total Tx Amt. $0.00
23, - COLOPLAST,1755,,,O,$904.00 ,$0.00 ,10/8/2019,wbra,10/15/2019,wbra,1203," - Access Sheath, Coloplast 10-12 fr x 35cm"," - Access Sheath, Coloplast 10-12 fr x 35cm",ACXL10,,ACXL10,,EA,$113.00 ,2,0,0,,4,Total Tx Amt. $0.00
23, - COLOPLAST,1755,,,O,$904.00 ,$0.00 ,10/8/2019,wbra,10/15/2019,wbra,1204," - Access Sheath, Coloplast 10-12 fr x 45cm"," - Access Sheath, Coloplast 10-12 fr x 45cm",AXXL10,,AXXL10,,EA,$113.00 ,2,0,0,,4,Total Tx Amt. $0.00
23, - COLOPLAST,1755,,,O,$904.00 ,$0.00 ,10/8/2019,wbra,10/15/2019,wbra,1205," - Access Sheath, Coloplast 12-14 fr x 35cm"," - Access Sheath, Coloplast 12-14 fr x 35cm",ACXL12,,ACXL12,,EA,$113.00 ,2,0,0,,4,Total Tx Amt. $0.00
23, - COLOPLAST,1755,,,O,$904.00 ,$0.00 ,10/8/2019,wbra,10/15/2019,wbra,1206," - Access Sheath, Coloplast 12-14 fr x 45cm"," - Access Sheath, Coloplast 12-14 fr x 45cm",AXXL12,,AXXL12,,EA,$113.00 ,2,0,0,,4,Total Tx Amt. $0.00
2, - CARDINAL HEALTH,1756,,,O,$711.77 ,$0.00 ,10/8/2019,wbra,10/9/2019,wbra,31, - DRAPE CYSTO PACK, - DRAPE CYSTO PACK,SPP99CY1AA,DRAPE   ,SPP99CY1AA,,6/CS,$118.62 ,2,0,0,,8,Total Tx Amt. $0.00
2, - CARDINAL HEALTH,1756,,,O,$711.77 ,$0.00 ,10/8/2019,wbra,10/9/2019,wbra,401, - SUTURE BENZION 2/3ML, - SUTURE BENZION 2/3ML,C1544,,mc1544,,40/BX,$26.19 ,1,0,0,,8,Total Tx Amt. $0.00
2, - CARDINAL HEALTH,1756,,,O,$711.77 ,$0.00 ,10/8/2019,wbra,10/9/2019,wbra,422, - DISINFECT CAVIWIPE 1MIN, - DISINFECT CAVIWIPE 1MIN,MX13-1150,HSKPNG  ,MX13-1150,,12/BX,$64.95 ,1,0,0,,8,Total Tx Amt. $0.00
2, - CARDINAL HEALTH,1756,,,O,$711.77 ,$0.00 ,10/8/2019,wbra,10/9/2019,wbra,678," - SUT, 0 SILK TIES 10X30IN"," - SUT, 0 SILK TIES 10X30IN",SA86G,SUTURE  ,SA86G,,12/BX,$29.13 ,1,0,0,,8,Total Tx Amt. $0.00
2, - CARDINAL HEALTH,1756,,,O,$711.77 ,$0.00 ,10/8/2019,wbra,10/9/2019,wbra,1210," - Sutr, Chromic Collagen Gu 3-0 54"""," - Sutr, Chromic Collagen Gu 3-0 54""",S512H,,S112H,,12/BX,$109.26 ,1,0,0,,8,Total Tx Amt. $0.00
2, - CARDINAL HEALTH,1756,,,O,$711.77 ,$0.00 ,10/8/2019,wbra,10/9/2019,wbra,1211," - Sutr, Ethilon Non_Absorbable Nylon 12"" 1/4 circle"," - Sutr, Ethilon Non_Absorbable Nylon 12"" 1/4 circle",1714G,,1714G,,12/BX,$156.03 ,1,0,0,,8,Total Tx Amt. $0.00
2, - CARDINAL HEALTH,1756,,,O,$711.77 ,$0.00 ,10/8/2019,wbra,10/9/2019,wbra,106, - GOWN XLARGE, - GOWN XLARGE,9545,GENERAL ,9545,,20/CS,$45.85 ,1,0,0,,8,Total Tx Amt. $0.00
2, - CARDINAL HEALTH,1756,,,O,$711.77 ,$0.00 ,10/8/2019,wbra,10/9/2019,wbra,108, - HAND SCRUB SURGICAL BRUSH CHG 4%, - HAND SCRUB SURGICAL BRUSH CHG 4%,371073,GENERAL ,371073,,30/BX,$43.12 ,1,0,0,,8,Total Tx Amt. $0.00
11, - RICHARD WOLF,1757,,,O,"$2,930.07 ",$0.00 ,10/8/2019,wbra,10/9/2019,wbra,594, - SHARK/ S-LINE CUTTING ELECTRODE BIPO 24FR, - SHARK/ S-LINE CUTTING ELECTRODE BIPO 24FR,4622.1313,GENERAL ,4622.1313,,1/BX,"$1,220.00 ",1,0,0,,7,Total Tx Amt. $0.00
11, - RICHARD WOLF,1757,,,O,"$2,930.07 ",$0.00 ,10/8/2019,wbra,10/9/2019,wbra,724," - STOPCOCK, RICHARD WOLF LUES LOCK CONNECTION"," - STOPCOCK, RICHARD WOLF LUES LOCK CONNECTION",884,STRL PRO,884,,EA,$69.00 ,6,0,0,,7,Total Tx Amt. $0.00
11, - RICHARD WOLF,1757,,,O,"$2,930.07 ",$0.00 ,10/8/2019,wbra,10/9/2019,wbra,1212, - WOLF STOPCOCK BNDL CAP 2.5MM, - WOLF STOPCOCK BNDL CAP 2.5MM,896.0001,,896.0001,,EA,$71.31 ,1,0,0,,7,Total Tx Amt. $0.00
11, - RICHARD WOLF,1757,,,O,"$2,930.07 ",$0.00 ,10/8/2019,wbra,10/9/2019,wbra,1213, - WOLF STOPCOCK BNDL CAP 3.0 MM, - WOLF STOPCOCK BNDL CAP 3.0 MM,896.0002,,896.0002,,EA,$71.34 ,1,0,0,,7,Total Tx Amt. $0.00
11, - RICHARD WOLF,1757,,,O,"$2,930.07 ",$0.00 ,10/8/2019,wbra,10/9/2019,wbra,1214, - WOLF STOPCOCK BNDL CAP 4.2 MM, - WOLF STOPCOCK BNDL CAP 4.2 MM,896.0003,,896.0003,,EA,$71.34 ,1,0,0,,7,Total Tx Amt. $0.00
11, - RICHARD WOLF,1757,,,O,"$2,930.07 ",$0.00 ,10/8/2019,wbra,10/9/2019,wbra,1215, - CYSTOSCOPE 21 FR SHEATH BLUE, - CYSTOSCOPE 21 FR SHEATH BLUE,8650.0445,,8650.0446,,EA,$754.40 ,1,0,0,,7,Total Tx Amt. $0.00
11, - RICHARD WOLF,1757,,,O,"$2,930.07 ",$0.00 ,10/8/2019,wbra,10/9/2019,wbra,1216," - Wolf, HF Bipolar Connecting Cable L 3mm"," - Wolf, HF Bipolar Connecting Cable L 3mm",8108.232,,8108.232,,EA,$327.68 ,1,0,0,,7,Total Tx Amt. $0.00
1, - MCKESSON,1758,,,O,"$1,326.70 ",$0.00 ,10/9/2019,wbra,10/10/2019,wbra,764," - Mask, Face Surg Light Blue pleated with ties"," - Mask, Face Surg Light Blue pleated with ties",48100,GENERAL ,206484,,6/BX,$23.81 ,1,0,0,,7,Total Tx Amt. $0.00
1, - MCKESSON,1758,,,O,"$1,326.70 ",$0.00 ,10/9/2019,wbra,10/10/2019,wbra,754," - Nasal Canula, Flared tip"," - Nasal Canula, Flared tip",1104,PACU    ,37358,,50/CS,$15.94 ,2,0,0,,7,Total Tx Amt. $0.00
1, - MCKESSON,1758,,,O,"$1,326.70 ",$0.00 ,10/9/2019,wbra,10/10/2019,wbra,229, - NDL HYPO 18X1.5, - NDL HYPO 18X1.5,1031789,IVS     ,1031789,,100/BX,$2.80 ,4,0,0,,7,Total Tx Amt. $0.00
1, - MCKESSON,1758,,,O,"$1,326.70 ",$0.00 ,10/9/2019,wbra,10/10/2019,wbra,1218," - Sutr, 9-0 Nylon Double Armed 2xHSV6"," - Sutr, 9-0 Nylon Double Armed 2xHSV6",AA-2545,,555613,,12/BX,$602.72 ,2,0,0,,7,Total Tx Amt. $0.00
1, - MCKESSON,1758,,,O,"$1,326.70 ",$0.00 ,10/9/2019,wbra,10/10/2019,wbra,1219," - NDLS, 27 ga x 1 1/2"," - NDLS, 27 ga x 1 1/2",463709,,463709,,100/BX,$5.00 ,1,0,0,,7,Total Tx Amt. $0.00
1, - MCKESSON,1758,,,O,"$1,326.70 ",$0.00 ,10/9/2019,wbra,10/10/2019,wbra,241, - BASIN EMESIS 500ML, - BASIN EMESIS 500ML,56-80327,MEDS    ,1028127,,20/CS,$29.06 ,1,0,0,,7,Total Tx Amt. $0.00
1, - MCKESSON,1758,,,O,"$1,326.70 ",$0.00 ,10/9/2019,wbra,10/10/2019,wbra,285, - TEST PREG CASSETTE, - TEST PREG CASSETTE,5001,,949871,,25/BX,$20.31 ,1,0,0,,7,Total Tx Amt. $0.00
2, - CARDINAL HEALTH,1759,,,O,"$1,937.17 ",$0.00 ,10/10/2019,wbra,10/14/2019,wbra,796," - King UltraFlex 72"" breathing circuit"," - King UltraFlex 72"" breathing circuit",,ANESTHE ,8753F6121Z,,30/BX,$199.55 ,2,0,0,,14,Total Tx Amt. $0.00
2, - CARDINAL HEALTH,1759,,,O,"$1,937.17 ",$0.00 ,10/10/2019,wbra,10/14/2019,wbra,31, - DRAPE CYSTO PACK, - DRAPE CYSTO PACK,SPP99CY1AA,DRAPE   ,SPP99CY1AA,,6/CS,$118.62 ,2,0,0,,14,Total Tx Amt. $0.00
2, - CARDINAL HEALTH,1759,,,O,"$1,937.17 ",$0.00 ,10/10/2019,wbra,10/14/2019,wbra,98, - CAP SURGEON WITH TIES, - CAP SURGEON WITH TIES,4359,GENERAL ,,,1/CS,$69.83 ,1,0,0,,14,Total Tx Amt. $0.00
2, - CARDINAL HEALTH,1759,,,O,"$1,937.17 ",$0.00 ,10/10/2019,wbra,10/14/2019,wbra,100, - GLOVE PROTEXIS PI 6.5 LATEX FREE, - GLOVE PROTEXIS PI 6.5 LATEX FREE,2D72PT65X,GENERAL ,2D72PT65X,,50/BX,$89.45 ,1,0,0,,14,Total Tx Amt. $0.00
2, - CARDINAL HEALTH,1759,,,O,"$1,937.17 ",$0.00 ,10/10/2019,wbra,10/14/2019,wbra,101, - GLOVE PROTEXIS PI 7 LATEX FREE, - GLOVE PROTEXIS PI 7 LATEX FREE,2D72PT70X,GENERAL ,2D72PT70X,,50/BX,$89.45 ,1,0,0,,14,Total Tx Amt. $0.00
2, - CARDINAL HEALTH,1759,,,O,"$1,937.17 ",$0.00 ,10/10/2019,wbra,10/14/2019,wbra,102, - GLOVE PROTEXIS PI 7.5 LATEX FREE, - GLOVE PROTEXIS PI 7.5 LATEX FREE,2D72PT75X,GENERAL ,2D72PT75X,,50/BX,$89.45 ,1,0,0,,14,Total Tx Amt. $0.00
2, - CARDINAL HEALTH,1759,,,O,"$1,937.17 ",$0.00 ,10/10/2019,wbra,10/14/2019,wbra,103, - GLOVE PROTEXIS PI 8 LATEX FREE, - GLOVE PROTEXIS PI 8 LATEX FREE,2D72PT80X,GENERAL ,2D72PT80X,,50/BX,$89.45 ,1,0,0,,14,Total Tx Amt. $0.00
2, - CARDINAL HEALTH,1759,,,O,"$1,937.17 ",$0.00 ,10/10/2019,wbra,10/14/2019,wbra,106, - GOWN XLARGE, - GOWN XLARGE,9545,GENERAL ,9545,,20/CS,$45.85 ,1,0,0,,14,Total Tx Amt. $0.00
2, - CARDINAL HEALTH,1759,,,O,"$1,937.17 ",$0.00 ,10/10/2019,wbra,10/14/2019,wbra,538, - SPD ATTEST SUPER RAPID READOUT STEAM PACK, - SPD ATTEST SUPER RAPID READOUT STEAM PACK,M1496V,STRL PRO,M1496V,,24/CS,$198.54 ,2,0,0,,14,Total Tx Amt. $0.00
2, - CARDINAL HEALTH,1759,,,O,"$1,937.17 ",$0.00 ,10/10/2019,wbra,10/14/2019,wbra,317, - TEST TAPE STEAM, - TEST TAPE STEAM,T40311A,,T40311A,,1/RL,$13.08 ,10,0,0,,14,Total Tx Amt. $0.00
2, - CARDINAL HEALTH,1759,,,O,"$1,937.17 ",$0.00 ,10/10/2019,wbra,10/14/2019,wbra,363, - CONTAINER SUCTION 3000ML, - CONTAINER SUCTION 3000ML,65651-230,GENERAL ,65651-230,,40/CS,$70.47 ,1,0,0,,14,Total Tx Amt. $0.00
2, - CARDINAL HEALTH,1759,,,O,"$1,937.17 ",$0.00 ,10/10/2019,wbra,10/14/2019,wbra,604," - SURGICAL CAP, BOUFANT"," - SURGICAL CAP, BOUFANT",3274,GLV/MSK ,3274,,10/CS,$62.15 ,1,0,0,,14,Total Tx Amt. $0.00
2, - CARDINAL HEALTH,1759,,,O,"$1,937.17 ",$0.00 ,10/10/2019,wbra,10/14/2019,wbra,104, - GLOVE PROTEXIS PI 8.5 LATEX FREE, - GLOVE PROTEXIS PI 8.5 LATEX FREE,2D72PT85X,GENERAL ,2D72PT85X,,50/BX,$89.45 ,1,0,0,,14,Total Tx Amt. $0.00
2, - CARDINAL HEALTH,1759,,,O,"$1,937.17 ",$0.00 ,10/10/2019,wbra,10/14/2019,wbra,298, - PREP TRAY IODINE STERILE, - PREP TRAY IODINE STERILE,Nov-08,,Nov-08,,20/CS,$77.40 ,1,0,0,,14,Total Tx Amt. $0.00
3, - BOSTON SCIENTIFIC,1760,,,O,"$2,091.60 ",$0.00 ,10/10/2019,wbra,10/10/2019,wbra,645," - BASKET, ZERO TIP 1.9FR X 120CM BOSTON"," - BASKET, ZERO TIP 1.9FR X 120CM BOSTON",M0063901050,GENERAL ,M0063901050,,EA,$348.60 ,6,0,0,,1,Total Tx Amt. $0.00
1, - MCKESSON,1761,,,O,"$1,421.06 ",$0.00 ,10/11/2019,wbra,10/11/2019,wbra,123, - TOWEL PAPER C-FOLD, - TOWEL PAPER C-FOLD,1040599,GENERAL ,1040599,,1/CS,$18.08 ,2,0,0,,15,Total Tx Amt. $0.00
1, - MCKESSON,1761,,,O,"$1,421.06 ",$0.00 ,10/11/2019,wbra,10/11/2019,wbra,211, - MED PROPOFOL 20ML, - MED PROPOFOL 20ML,989562,IVSUPPLY,989562,,25/BX,$56.86 ,1,0,0,,15,Total Tx Amt. $0.00
1, - MCKESSON,1761,,,O,"$1,421.06 ",$0.00 ,10/11/2019,wbra,10/11/2019,wbra,833," - Mask, Anes size 6 Adult Elongated"," - Mask, Anes size 6 Adult Elongated",854706,ANESTHE ,854706,,30/BX,$46.88 ,1,0,0,,15,Total Tx Amt. $0.00
1, - MCKESSON,1761,,,O,"$1,421.06 ",$0.00 ,10/11/2019,wbra,10/11/2019,wbra,162, - MED ANCEF 1G, - MED ANCEF 1G,1107414,GLV/MSK ,1107414,,25/BX,$25.94 ,1,0,0,,15,Total Tx Amt. $0.00
1, - MCKESSON,1761,,,O,"$1,421.06 ",$0.00 ,10/11/2019,wbra,10/11/2019,wbra,138, - FLUID LR 500ML, - FLUID LR 500ML,467133,GENERAL ,467133,,24/CS,$48.20 ,2,0,0,,15,Total Tx Amt. $0.00
1, - MCKESSON,1761,,,O,"$1,421.06 ",$0.00 ,10/11/2019,wbra,10/11/2019,wbra,136, - FLUID LR 1000ML, - FLUID LR 1000ML,515492,GENERAL ,515492,,14/CS,$31.21 ,2,0,0,,15,Total Tx Amt. $0.00
1, - MCKESSON,1761,,,O,"$1,421.06 ",$0.00 ,10/11/2019,wbra,10/11/2019,wbra,1222," - Brush, Stainles Instrument Cleaning Brush"," - Brush, Stainles Instrument Cleaning Brush",496242,,496242,,EA,$8.92 ,3,0,0,,15,Total Tx Amt. $0.00
1, - MCKESSON,1761,,,O,"$1,421.06 ",$0.00 ,10/11/2019,wbra,10/11/2019,wbra,140, - FLUID NACL 3000ML, - FLUID NACL 3000ML,230132,GENERAL ,230132,,4/CS,$34.32 ,7,0,0,,15,Total Tx Amt. $0.00
1, - MCKESSON,1761,,,O,"$1,421.06 ",$0.00 ,10/11/2019,wbra,10/11/2019,wbra,142, - FLUID NACL 1000ML, - FLUID NACL 1000ML,515490,GENERAL ,515490,,14/CS,$29.99 ,1,0,0,,15,Total Tx Amt. $0.00
1, - MCKESSON,1761,,,O,"$1,421.06 ",$0.00 ,10/11/2019,wbra,10/11/2019,wbra,141, - FLUID NACL 500ML, - FLUID NACL 500ML,467132,GENERAL ,467132,,18/CS,$39.48 ,1,0,0,,15,Total Tx Amt. $0.00
1, - MCKESSON,1761,,,O,"$1,421.06 ",$0.00 ,10/11/2019,wbra,10/11/2019,wbra,632," - SHARPS, 18 GAL RED CONTAINER"," - SHARPS, 18 GAL RED CONTAINER",862336,HSKPNG  ,862336,,EA,$16.26 ,3,0,0,,15,Total Tx Amt. $0.00
1, - MCKESSON,1761,,,O,"$1,421.06 ",$0.00 ,10/11/2019,wbra,10/11/2019,wbra,868," - Solidifier, Canister Express Maetrex"," - Solidifier, Canister Express Maetrex",50-5058,GENERAL ,444816,,20/BX,$333.28 ,1,0,0,,15,Total Tx Amt. $0.00
1, - MCKESSON,1761,,,O,"$1,421.06 ",$0.00 ,10/11/2019,wbra,10/11/2019,wbra,20, - POSITIONER DONUT FOAM 9IN, - POSITIONER DONUT FOAM 9IN,40402,ANESTHE ,724301,,30/BX,$78.23 ,1,0,0,,15,Total Tx Amt. $0.00
1, - MCKESSON,1761,,,O,"$1,421.06 ",$0.00 ,10/11/2019,wbra,10/11/2019,wbra,294, - PREP CHLORAPREP 26ML TINT, - PREP CHLORAPREP 26ML TINT,260815,,560798,,25/BX,$170.32 ,1,0,0,,15,Total Tx Amt. $0.00
1, - MCKESSON,1761,,,O,"$1,421.06 ",$0.00 ,10/11/2019,wbra,10/11/2019,wbra,305, - TEST PACK BOWIE DICK, - TEST PACK BOWIE DICK,00135ls,STRL PRO,724429,,30/BX,$64.66 ,2,0,0,,15,Total Tx Amt. $0.00
4, - COOK MEDICAL,1762,,,O,$792.00 ,$0.00 ,10/11/2019,wbra,10/11/2019,wbra,468, - COOK URETERAL STENT UNIVERSA FIRM 6X22, - COOK URETERAL STENT UNIVERSA FIRM 6X22,G23404,GENERAL ,G23404,,EA,$49.50 ,3,0,0,,5,Total Tx Amt. $0.00
4, - COOK MEDICAL,1762,,,O,$792.00 ,$0.00 ,10/11/2019,wbra,10/11/2019,wbra,458, - COOK URETERAL STENT FIRM UNIVERSA, - COOK URETERAL STENT FIRM UNIVERSA,G23405,GENERAL ,G23405,,EA,$49.50 ,4,0,0,,5,Total Tx Amt. $0.00
4, - COOK MEDICAL,1762,,,O,$792.00 ,$0.00 ,10/11/2019,wbra,10/11/2019,wbra,459, - COOK URETERAL STENT FIRM UNIVERSA, - COOK URETERAL STENT FIRM UNIVERSA,G23406,GENERAL ,G23406,,EA,$49.50 ,5,0,0,,5,Total Tx Amt. $0.00
4, - COOK MEDICAL,1762,,,O,$792.00 ,$0.00 ,10/11/2019,wbra,10/11/2019,wbra,460, - COOK URETERAL STENT FIRM UNIVERSA, - COOK URETERAL STENT FIRM UNIVERSA,G23407,GENERAL ,G23407,,EA,$49.50 ,2,0,0,,5,Total Tx Amt. $0.00
4, - COOK MEDICAL,1762,,,O,$792.00 ,$0.00 ,10/11/2019,wbra,10/11/2019,wbra,985, - COOK STENT 7 x 22 Universal, - COOK STENT 7 x 22 Universal,G23413,,G23413,,EA,$49.50 ,2,0,0,,5,Total Tx Amt. $0.00
26, - CUSTOM MEDICAL SPECILTIES,1763,,,O,$703.94 ,$0.00 ,10/11/2019,wbra,10/11/2019,wbra,637," - BAG, DRAIN SURGICAL TABLE"," - BAG, DRAIN SURGICAL TABLE",CMS-999,GENERAL ,CMS-999,,20/CS,$129.00 ,2,0,0,,3,Total Tx Amt. $0.00
26, - CUSTOM MEDICAL SPECILTIES,1763,,,O,$703.94 ,$0.00 ,10/11/2019,wbra,10/11/2019,wbra,638," - BAG, DRAIN ADAPTER"," - BAG, DRAIN ADAPTER",CMS-610,GENERAL ,CMS-610,,50/CS,$60.47 ,2,0,0,,3,Total Tx Amt. $0.00
26, - CUSTOM MEDICAL SPECILTIES,1763,,,O,$703.94 ,$0.00 ,10/11/2019,wbra,10/11/2019,wbra,959," - Equippment, Drain Frame for O.R. Table"," - Equippment, Drain Frame for O.R. Table",CMS-934M,GENERAL ,CMS-934M,,EA,$325.00 ,1,0,0,,3,Total Tx Amt. $0.00
1, - MCKESSON,1764,,,O,"$1,187.15 ",$0.00 ,10/11/2019,wbra,10/14/2019,wbra,1223," - Cable Ties, Nylon 4"""," - Cable Ties, Nylon 4""",618804,,618804,,1/BX,$14.74 ,1,0,0,,17,Total Tx Amt. $0.00
1, - MCKESSON,1764,,,O,"$1,187.15 ",$0.00 ,10/11/2019,wbra,10/14/2019,wbra,874," - Kitchen, Coffee Cups"," - Kitchen, Coffee Cups",1002351,GENERAL ,1002351,,1/CS,$67.40 ,1,0,0,,17,Total Tx Amt. $0.00
1, - MCKESSON,1764,,,O,"$1,187.15 ",$0.00 ,10/11/2019,wbra,10/14/2019,wbra,40, - DRAPE CARM FULL, - DRAPE CARM FULL,10132,DRAPE   ,731639,,20/CS,$59.23 ,1,0,0,,17,Total Tx Amt. $0.00
1, - MCKESSON,1764,,,O,"$1,187.15 ",$0.00 ,10/11/2019,wbra,10/14/2019,wbra,416, - SYRINGE LL 30ML, - SYRINGE LL 30ML,BF302832,,16-S30C,,100/BX,$23.53 ,1,0,0,,17,Total Tx Amt. $0.00
1, - MCKESSON,1764,,,O,"$1,187.15 ",$0.00 ,10/11/2019,wbra,10/14/2019,wbra,418, - SYRINGE LL 60ML NS, - SYRINGE LL 60ML NS,102-S60C,,869662,,25/CT,$8.29 ,1,0,0,,17,Total Tx Amt. $0.00
1, - MCKESSON,1764,,,O,"$1,187.15 ",$0.00 ,10/11/2019,wbra,10/14/2019,wbra,64, - TAPE PLASTIC/TRANSPORE 1IN, - TAPE PLASTIC/TRANSPORE 1IN,M1527-1,DRESSING,5762,,12/BX,$7.42 ,4,0,0,,17,Total Tx Amt. $0.00
1, - MCKESSON,1764,,,O,"$1,187.15 ",$0.00 ,10/11/2019,wbra,10/14/2019,wbra,140, - FLUID NACL 3000ML, - FLUID NACL 3000ML,230132,GENERAL ,230132,,4/CS,$49.44 ,1,0,0,,17,Total Tx Amt. $0.00
1, - MCKESSON,1764,,,O,"$1,187.15 ",$0.00 ,10/11/2019,wbra,10/14/2019,wbra,141, - FLUID NACL 500ML, - FLUID NACL 500ML,467132,GENERAL ,467132,,18/CS,$39.48 ,1,0,0,,17,Total Tx Amt. $0.00
1, - MCKESSON,1764,,,O,"$1,187.15 ",$0.00 ,10/11/2019,wbra,10/14/2019,wbra,710," - SUPP, NASAL CAN GAS SAMPLE 7'"," - SUPP, NASAL CAN GAS SAMPLE 7'",999489,ANESTHE ,999489,,25/CS,$42.19 ,2,0,0,,17,Total Tx Amt. $0.00
1, - MCKESSON,1764,,,O,"$1,187.15 ",$0.00 ,10/11/2019,wbra,10/14/2019,wbra,211, - MED PROPOFOL 20ML, - MED PROPOFOL 20ML,989562,IVSUPPLY,989562,,25/BX,$56.86 ,3,0,0,,17,Total Tx Amt. $0.00
1, - MCKESSON,1764,,,O,"$1,187.15 ",$0.00 ,10/11/2019,wbra,10/14/2019,wbra,833," - Mask, Anes size 6 Adult Elongated"," - Mask, Anes size 6 Adult Elongated",854706,ANESTHE ,854706,,30/BX,$46.88 ,2,0,0,,17,Total Tx Amt. $0.00
1, - MCKESSON,1764,,,O,"$1,187.15 ",$0.00 ,10/11/2019,wbra,10/14/2019,wbra,162, - MED ANCEF 1G, - MED ANCEF 1G,1107414,GLV/MSK ,1107414,,25/BX,$25.94 ,2,0,0,,17,Total Tx Amt. $0.00
1, - MCKESSON,1764,,,O,"$1,187.15 ",$0.00 ,10/11/2019,wbra,10/14/2019,wbra,289, - BASIN URINAL 1QT, - BASIN URINAL 1QT,1020361,,1020361,,48/CS,$27.28 ,1,0,0,,17,Total Tx Amt. $0.00
1, - MCKESSON,1764,,,O,"$1,187.15 ",$0.00 ,10/11/2019,wbra,10/14/2019,wbra,95, - SHOE COVER HIGH TOP HIGH LEVEL FLUID, - SHOE COVER HIGH TOP HIGH LEVEL FLUID,8454,GENERAL ,413951,,40/BX,$18.27 ,4,0,0,,17,Total Tx Amt. $0.00
1, - MCKESSON,1764,,,O,"$1,187.15 ",$0.00 ,10/11/2019,wbra,10/14/2019,wbra,1042," - Meds, Methylprednisolone 40mg/ml"," - Meds, Methylprednisolone 40mg/ml",514379,IVSUPPLY,514379,,25/BX,$182.96 ,1,0,0,,17,Total Tx Amt. $0.00
1, - MCKESSON,1764,,,O,"$1,187.15 ",$0.00 ,10/11/2019,wbra,10/14/2019,wbra,858," - Dexamethasone, SDV 4MG/ML  1ML"," - Dexamethasone, SDV 4MG/ML  1ML",63323016501,ANESTHE ,550541,,25/BX,$74.16 ,1,0,0,,17,Total Tx Amt. $0.00
1, - MCKESSON,1764,,,O,"$1,187.15 ",$0.00 ,10/11/2019,wbra,10/14/2019,wbra,140, - FLUID NACL 3000ML, - FLUID NACL 3000ML,230132,GENERAL ,230132,,4/CS,$34.32 ,4,0,0,,17,Total Tx Amt. $0.00
35, - MINDRAY,1765,,,O,$85.50 ,$0.00 ,10/11/2019,wbra,10/15/2019,wbra,1059," - monitors, Passport 2  NIBP Hose  3.5m"," - monitors, Passport 2  NIBP Hose  3.5m",0683-04-0004,GENERAL ,0683-04-0004,,EA,$28.50 ,3,0,0,,1,Total Tx Amt. $0.00
3, - BOSTON SCIENTIFIC,1766,,,O,$320.36 ,$0.00 ,10/11/2019,wbra,10/11/2019,wbra,561," - GUIDEWIRE, ZIPWIRE 0.035 X 150CM"," - GUIDEWIRE, ZIPWIRE 0.035 X 150CM",M006630205B1,GENERAL ,M006630205B1,,5/BX,$320.36 ,1,0,0,,1,Total Tx Amt. $0.00
42, - Accurate Surgical & Scientific Instruments,1767,,,O,$599.00 ,$0.00 ,10/14/2019,wbra,10/15/2019,wbra,1220," - Blade, 30 mm /straight Dennis Blade"," - Blade, 30 mm /straight Dennis Blade",ASSI.CBS303,,ASSI.CBS303,,10/BX,$170.00 ,1,0,0,,2,Total Tx Amt. $0.00
42, - Accurate Surgical & Scientific Instruments,1767,,,O,$599.00 ,$0.00 ,10/14/2019,wbra,10/15/2019,wbra,1221," - Blade Holder, Straight, 12 cm"," - Blade Holder, Straight, 12 cm",ASSI.BHS12,,ASSI.BHS12,,EA,$429.00 ,1,0,0,,2,Total Tx Amt. $0.00
4, - COOK MEDICAL,1768,,,O,$990.00 ,$0.00 ,10/14/2019,wbra,10/14/2019,wbra,458, - COOK URETERAL STENT FIRM UNIVERSA, - COOK URETERAL STENT FIRM UNIVERSA,G23405,GENERAL ,G23405,,EA,$49.50 ,8,0,0,,3,Total Tx Amt. $0.00
4, - COOK MEDICAL,1768,,,O,$990.00 ,$0.00 ,10/14/2019,wbra,10/14/2019,wbra,459, - COOK URETERAL STENT FIRM UNIVERSA, - COOK URETERAL STENT FIRM UNIVERSA,G23406,GENERAL ,G23406,,EA,$49.50 ,8,0,0,,3,Total Tx Amt. $0.00
4, - COOK MEDICAL,1768,,,O,$990.00 ,$0.00 ,10/14/2019,wbra,10/14/2019,wbra,460, - COOK URETERAL STENT FIRM UNIVERSA, - COOK URETERAL STENT FIRM UNIVERSA,G23407,GENERAL ,G23407,,EA,$49.50 ,4,0,0,,3,Total Tx Amt. $0.00
3, - BOSTON SCIENTIFIC,1769,,,O,"$1,558.38 ",$0.00 ,10/14/2019,wbra,10/14/2019,wbra,446, - BOSTON SCI WIRE GUIDE SENSOR .035 STR, - BOSTON SCI WIRE GUIDE SENSOR .035 STR,M0066703081,GENERAL ,M0066703081,,5/BX,$374.66 ,3,0,0,,2,Total Tx Amt. $0.00
3, - BOSTON SCIENTIFIC,1769,,,O,"$1,558.38 ",$0.00 ,10/14/2019,wbra,10/14/2019,wbra,598, - 8/10 DILATOR/SHEATH SET, - 8/10 DILATOR/SHEATH SET,M0062601200,GENERAL ,M0062601200,,EA,$86.88 ,5,0,0,,2,Total Tx Amt. $0.00
31, - NEOTRACT/ UROLIFT,1770,,,O,"$7,600.00 ",$0.00 ,10/14/2019,wbra,10/14/2019,wbra,665, - UROLIFT SYSTEM IMPLANT, - UROLIFT SYSTEM IMPLANT,UL400-4,GENERAL ,UL400-4,,4/CS,"$3,800.00 ",2,0,0,,1,Total Tx Amt. $0.00
33, - MEDTRONIC,1771,,,O,"$15,230.00 ",$0.00 ,10/14/2019,wbra,10/21/2019,wbra,837, - Interstim Lead Introducer Kit, - Interstim Lead Introducer Kit,355018,GENERAL ,355018,,EA,$280.00 ,1,0,0,Serial Number VN4992336,5,Total Tx Amt. $0.00
33, - MEDTRONIC,1771,,,O,"$15,230.00 ",$0.00 ,10/14/2019,wbra,10/21/2019,wbra,843, - Interstim Quadripolar Lead Kit for Sacral Nerve St, - Interstim Quadripolar Lead Kit for Sacral Nerve St,3889-28,GENERAL ,3889-28,,EA,"$3,360.00 ",1,0,0,Serial Number VA22FK6,5,Total Tx Amt. $0.00
33, - MEDTRONIC,1771,,,O,"$15,230.00 ",$0.00 ,10/14/2019,wbra,10/21/2019,wbra,839, - Interstim Test Stimulation Cable, - Interstim Test Stimulation Cable,357501,GENERAL ,357501,,EA,$40.00 ,1,0,0,Lot Number 60204912,5,Total Tx Amt. $0.00
33, - MEDTRONIC,1771,,,O,"$15,230.00 ",$0.00 ,10/14/2019,wbra,10/21/2019,wbra,736," - IMP, INTERSTIM TEST STIM 353101"," - IMP, INTERSTIM TEST STIM 353101",353101,GENERAL ,353101,,EA,$350.00 ,1,0,0,Serial Number NLM299794N,5,Total Tx Amt. $0.00
33, - MEDTRONIC,1771,,,O,"$15,230.00 ",$0.00 ,10/14/2019,wbra,10/21/2019,wbra,834, - Interstim Neuro Stimulator, - Interstim Neuro Stimulator,3058,GENERAL ,3058,,EA,"$11,200.00 ",1,0,0,Serial # NJY462632H,5,Total Tx Amt. $0.00
1, - MCKESSON,1772,,,O,$311.38 ,$0.00 ,10/15/2019,wbra,10/16/2019,wbra,97, - SHOE COVER LF N/SKID BLU XLG, - SHOE COVER LF N/SKID BLU XLG,852189,GENERAL ,852189,,100/CS,$11.31 ,1,0,0,,7,Total Tx Amt. $0.00
1, - MCKESSON,1772,,,O,$311.38 ,$0.00 ,10/15/2019,wbra,10/16/2019,wbra,1083," - RX Destroyer, Disposal of unues meds"," - RX Destroyer, Disposal of unues meds",883253,,883253,,EA,$7.21 ,4,0,0,,7,Total Tx Amt. $0.00
1, - MCKESSON,1772,,,O,$311.38 ,$0.00 ,10/15/2019,wbra,10/16/2019,wbra,140, - FLUID NACL 3000ML, - FLUID NACL 3000ML,230132,GENERAL ,230132,,4/CS,$34.32 ,4,0,0,,7,Total Tx Amt. $0.00
1, - MCKESSON,1772,,,O,$311.38 ,$0.00 ,10/15/2019,wbra,10/16/2019,wbra,136, - FLUID LR 1000ML, - FLUID LR 1000ML,515492,GENERAL ,515492,,14/CS,$31.21 ,2,0,0,,7,Total Tx Amt. $0.00
1, - MCKESSON,1772,,,O,$311.38 ,$0.00 ,10/15/2019,wbra,10/16/2019,wbra,141, - FLUID NACL 500ML, - FLUID NACL 500ML,467132,GENERAL ,467132,,16/cs,$26.53 ,1,0,0,,7,Total Tx Amt. $0.00
1, - MCKESSON,1772,,,O,$311.38 ,$0.00 ,10/15/2019,wbra,10/16/2019,wbra,1224, - Specimen Container NON STERILE, - Specimen Container NON STERILE,911759,PACU    ,911759,,20/BX,$1.68 ,5,0,0,,7,Total Tx Amt. $0.00
1, - MCKESSON,1772,,,O,$311.38 ,$0.00 ,10/15/2019,wbra,10/16/2019,wbra,544," - SPD, INDICATOR, ULTRASONIC"," - SPD, INDICATOR, ULTRASONIC",U501,STRL PRO,1099716,,50/BX,$18.30 ,2,0,0,,7,Total Tx Amt. $0.00
14, - BARD,1773,,,O,$233.76 ,$0.00 ,10/15/2019,wbra,10/15/2019,wbra,1197, - CATH FOLEY 2WAY COUDE 20FR 5CC, - CATH FOLEY 2WAY COUDE 20FR 5CC,0102L20,,0102L20,,12/BX,$233.76 ,1,0,0,,1,Total Tx Amt. $0.00
2, - CARDINAL HEALTH,1774,,,O,"$1,205.92 ",$0.00 ,10/15/2019,wbra,10/16/2019,wbra,127, - IV CATH INTROCAN 20X1, - IV CATH INTROCAN 20X1,629114,PACU    ,425254302A,,50/BX,$85.37 ,1,0,0,,11,Total Tx Amt. $0.00
2, - CARDINAL HEALTH,1774,,,O,"$1,205.92 ",$0.00 ,10/15/2019,wbra,10/16/2019,wbra,128, - IV CATH INTROCAN 22X1, - IV CATH INTROCAN 22X1,629338,GENERAL ,425251902A,,50/BX,$85.37 ,1,0,0,,11,Total Tx Amt. $0.00
2, - CARDINAL HEALTH,1774,,,O,"$1,205.92 ",$0.00 ,10/15/2019,wbra,10/16/2019,wbra,323, - WRAP DOUBLE LAYER 36X36, - WRAP DOUBLE LAYER 36X36,CH5G0036,,CH5G0036,,75/PK,$121.13 ,2,0,0,,11,Total Tx Amt. $0.00
2, - CARDINAL HEALTH,1774,,,O,"$1,205.92 ",$0.00 ,10/15/2019,wbra,10/16/2019,wbra,31, - DRAPE CYSTO PACK, - DRAPE CYSTO PACK,SPP99CY1AA,DRAPE   ,SPP99CY1AA,,6/CS,$118.62 ,2,0,0,,11,Total Tx Amt. $0.00
2, - CARDINAL HEALTH,1774,,,O,"$1,205.92 ",$0.00 ,10/15/2019,wbra,10/16/2019,wbra,74, - GLOVE EXAM MEDIUM NITRILE, - GLOVE EXAM MEDIUM NITRILE,88TN03M,GENERAL ,88TN03M,,1/CS,$73.30 ,1,0,0,,11,Total Tx Amt. $0.00
2, - CARDINAL HEALTH,1774,,,O,"$1,205.92 ",$0.00 ,10/15/2019,wbra,10/16/2019,wbra,99, - GLOVE PROTEXIS PI 6 LATEX FREE, - GLOVE PROTEXIS PI 6 LATEX FREE,2D72PT60X,GENERAL ,2D72PT60X,,50/BX,$89.45 ,1,0,0,,11,Total Tx Amt. $0.00
2, - CARDINAL HEALTH,1774,,,O,"$1,205.92 ",$0.00 ,10/15/2019,wbra,10/16/2019,wbra,422, - DISINFECT CAVIWIPE 1MIN, - DISINFECT CAVIWIPE 1MIN,MX13-1150,HSKPNG  ,MX13-1150,,12/BX,$64.95 ,1,0,0,,11,Total Tx Amt. $0.00
2, - CARDINAL HEALTH,1774,,,O,"$1,205.92 ",$0.00 ,10/15/2019,wbra,10/16/2019,wbra,300, - PREP APPLICATOR SPONGE IODINE, - PREP APPLICATOR SPONGE IODINE,DYND70288,,DYND70288,,30/BX,$117.51 ,1,0,0,,11,Total Tx Amt. $0.00
2, - CARDINAL HEALTH,1774,,,O,"$1,205.92 ",$0.00 ,10/15/2019,wbra,10/16/2019,wbra,26," - DRAPE SHEET, THREE QUARTER"," - DRAPE SHEET, THREE QUARTER",9349,ANESTHE ,9349,,20/CS,$29.43 ,1,0,0,,11,Total Tx Amt. $0.00
2, - CARDINAL HEALTH,1774,,,O,"$1,205.92 ",$0.00 ,10/15/2019,wbra,10/16/2019,wbra,372, - DRAPE TOWEL SURGICAL 4PK BLUE, - DRAPE TOWEL SURGICAL 4PK BLUE,28700-004,DRAPE   ,28700-004,,20/CS,$44.52 ,2,0,0,,11,Total Tx Amt. $0.00
2, - CARDINAL HEALTH,1774,,,O,"$1,205.92 ",$0.00 ,10/15/2019,wbra,10/16/2019,wbra,542, - DRP PACK MINOR PROCEDURE, - DRP PACK MINOR PROCEDURE,SPP99MN7AA,DRAPE   ,SPP99MN7AA,,4/CS,$92.00 ,1,0,0,,11,Total Tx Amt. $0.00
1, - MCKESSON,1775,,,O,$654.74 ,$0.00 ,10/16/2019,wbra,10/16/2019,wbra,228, - NDL CHIBA 20G, - NDL CHIBA 20G,CNM-2008,IVSUPPLY,629155,,10/BX,$81.23 ,3,0,0,,6,Total Tx Amt. $0.00
1, - MCKESSON,1775,,,O,$654.74 ,$0.00 ,10/16/2019,wbra,10/16/2019,wbra,140, - FLUID NACL 3000ML, - FLUID NACL 3000ML,230132,GENERAL ,230132,,4/CS,$34.32 ,4,0,0,,6,Total Tx Amt. $0.00
1, - MCKESSON,1775,,,O,$654.74 ,$0.00 ,10/16/2019,wbra,10/16/2019,wbra,632," - SHARPS, 18 GAL RED CONTAINER"," - SHARPS, 18 GAL RED CONTAINER",862336,HSKPNG  ,862336,,EA,$16.26 ,3,0,0,,6,Total Tx Amt. $0.00
1, - MCKESSON,1775,,,O,$654.74 ,$0.00 ,10/16/2019,wbra,10/16/2019,wbra,158, - MED BACI OINT, - MED BACI OINT,867537,GLV/MSK ,867537,,100/BX,$9.65 ,1,0,0,,6,Total Tx Amt. $0.00
1, - MCKESSON,1775,,,O,$654.74 ,$0.00 ,10/16/2019,wbra,10/16/2019,wbra,709," - SUT, LIQUIBAND"," - SUT, LIQUIBAND",122-LBX,SUTURE  ,948660,,10/BX,$186.84 ,1,0,0,,6,Total Tx Amt. $0.00
1, - MCKESSON,1775,,,O,$654.74 ,$0.00 ,10/16/2019,wbra,10/16/2019,wbra,148, - FLUID WATER 500ML BOTTLE, - FLUID WATER 500ML BOTTLE,161730,GENERAL ,161730,,16/cs,$28.50 ,1,0,0,,6,Total Tx Amt. $0.00
14, - BARD,1776,,,O,$8.76 ,$0.00 ,10/16/2019,wbra,10/16/2019,wbra,753," - Foley Catheter, 16 Fr with funnel end, rubber"," - Foley Catheter, 16 Fr with funnel end, rubber",277716,GENERAL ,94160,,12/BX,$8.76 ,1,0,0,,1,Total Tx Amt. $0.00
1, - MCKESSON,1777,,,O,$156.73 ,$0.00 ,10/17/2019,wbra,10/17/2019,wbra,268, - MARKER SKIN MINI NS, - MARKER SKIN MINI NS,1042455,MEDS    ,1042455,,100/BX,$33.13 ,2,0,0,,4,Total Tx Amt. $0.00
1, - MCKESSON,1777,,,O,$156.73 ,$0.00 ,10/17/2019,wbra,10/17/2019,wbra,148, - FLUID WATER 500ML BOTTLE, - FLUID WATER 500ML BOTTLE,161730,GENERAL ,161730,,16/cs,$28.50 ,1,0,0,,4,Total Tx Amt. $0.00
1, - MCKESSON,1777,,,O,$156.73 ,$0.00 ,10/17/2019,wbra,10/17/2019,wbra,136, - FLUID LR 1000ML, - FLUID LR 1000ML,515492,GENERAL ,515492,,14/CS,$31.21 ,1,0,0,,4,Total Tx Amt. $0.00
1, - MCKESSON,1777,,,O,$156.73 ,$0.00 ,10/17/2019,wbra,10/17/2019,wbra,118, - TISSUE KLEENEX FACIAL, - TISSUE KLEENEX FACIAL,567815,HSKPNG  ,567815,,36/CS,$30.76 ,1,0,0,,4,Total Tx Amt. $0.00
35, - MINDRAY,1778,,,O,"$9,335.50 ",$0.00 ,10/17/2019,wbra,10/17/2019,wbra,1228," - ANES, MIndray Patient Monitor Passport 12"," - ANES, MIndray Patient Monitor Passport 12",610F-PA00001,ANESTHE ,610F-PA00001,,EA,"$9,335.50 ",1,0,0,Red. Quote # Q-21716,1,Total Tx Amt. $0.00
1, - MCKESSON,1779,,,O,$621.47 ,$0.00 ,10/17/2019,wbra,10/18/2019,wbra,710," - SUPP, NASAL CAN GAS SAMPLE 7'"," - SUPP, NASAL CAN GAS SAMPLE 7'",999489,ANESTHE ,999489,,25/CS,$42.19 ,1,0,0,,9,Total Tx Amt. $0.00
1, - MCKESSON,1779,,,O,$621.47 ,$0.00 ,10/17/2019,wbra,10/18/2019,wbra,211, - MED PROPOFOL 20ML, - MED PROPOFOL 20ML,989562,IVSUPPLY,989562,,25/BX,$56.86 ,3,0,0,,9,Total Tx Amt. $0.00
1, - MCKESSON,1779,,,O,$621.47 ,$0.00 ,10/17/2019,wbra,10/18/2019,wbra,833," - Mask, Anes size 6 Adult Elongated"," - Mask, Anes size 6 Adult Elongated",854706,ANESTHE ,854706,,30/BX,$46.88 ,1,0,0,,9,Total Tx Amt. $0.00
1, - MCKESSON,1779,,,O,$621.47 ,$0.00 ,10/17/2019,wbra,10/18/2019,wbra,162, - MED ANCEF 1G, - MED ANCEF 1G,1107414,GLV/MSK ,1107414,,25/BX,$25.94 ,2,0,0,,9,Total Tx Amt. $0.00
1, - MCKESSON,1779,,,O,$621.47 ,$0.00 ,10/17/2019,wbra,10/18/2019,wbra,135, - FLUID LR 1000ML, - FLUID LR 1000ML,208829,GENERAL ,208829,,12/CS,$38.66 ,2,0,0,,9,Total Tx Amt. $0.00
1, - MCKESSON,1779,,,O,$621.47 ,$0.00 ,10/17/2019,wbra,10/18/2019,wbra,138, - FLUID LR 500ML, - FLUID LR 500ML,467133,GENERAL ,467133,,24/CS,$48.20 ,1,0,0,,9,Total Tx Amt. $0.00
1, - MCKESSON,1779,,,O,$621.47 ,$0.00 ,10/17/2019,wbra,10/18/2019,wbra,284, - SUPPORTER ADULT LRG, - SUPPORTER ADULT LRG,452706,DRESSING,452706,,EA,$6.04 ,5,0,0,,9,Total Tx Amt. $0.00
1, - MCKESSON,1779,,,O,$621.47 ,$0.00 ,10/17/2019,wbra,10/18/2019,wbra,564, - ANES AIRWAY ORAL 100MM RED, - ANES AIRWAY ORAL 100MM RED,16-2101G,ANESTHE ,721092,,100/BX,$38.04 ,1,0,0,,9,Total Tx Amt. $0.00
1, - MCKESSON,1779,,,O,$621.47 ,$0.00 ,10/17/2019,wbra,10/18/2019,wbra,624," - MED, OMNIPAQUE 300"," - MED, OMNIPAQUE 300",407141361,MEDS    ,533382,,10/BX,$58.09 ,2,0,0,,9,Total Tx Amt. $0.00
4, - COOK MEDICAL,1780,,,O,$404.15 ,$0.00 ,10/18/2019,wbra,10/18/2019,wbra,458, - COOK URETERAL STENT FIRM UNIVERSA, - COOK URETERAL STENT FIRM UNIVERSA,G23405,GENERAL ,G23405,,EA,$49.50 ,4,0,0,,3,Total Tx Amt. $0.00
4, - COOK MEDICAL,1780,,,O,$404.15 ,$0.00 ,10/18/2019,wbra,10/18/2019,wbra,436, - COOK ACCESS CATH URETERAL DUAL 6FR, - COOK ACCESS CATH URETERAL DUAL 6FR,G17330,GENERAL ,G17330,,EA,$39.82 ,3,0,0,,3,Total Tx Amt. $0.00
4, - COOK MEDICAL,1780,,,O,$404.15 ,$0.00 ,10/18/2019,wbra,10/18/2019,wbra,1082, - Whistle Tip Catheter  5Fr/70cm, - Whistle Tip Catheter  5Fr/70cm,G14030,,G14030,,10/BX,$86.69 ,1,0,0,,3,Total Tx Amt. $0.00
3, - BOSTON SCIENTIFIC,1781,,,O,"$3,324.19 ",$0.00 ,10/18/2019,wbra,10/18/2019,wbra,579," - BOSTON SCI, NAVIGATOR HD 11/13FR 46CM"," - BOSTON SCI, NAVIGATOR HD 11/13FR 46CM",M0062502230,GENERAL ,M0062502230,,EA,$197.65 ,1,0,0,,4,Total Tx Amt. $0.00
3, - BOSTON SCIENTIFIC,1781,,,O,"$3,324.19 ",$0.00 ,10/18/2019,wbra,10/18/2019,wbra,645," - BASKET, ZERO TIP 1.9FR X 120CM BOSTON"," - BASKET, ZERO TIP 1.9FR X 120CM BOSTON",M0063901050,GENERAL ,M0063901050,,EA,$348.60 ,5,0,0,,4,Total Tx Amt. $0.00
3, - BOSTON SCIENTIFIC,1781,,,O,"$3,324.19 ",$0.00 ,10/18/2019,wbra,10/18/2019,wbra,446, - BOSTON SCI WIRE GUIDE SENSOR .035 STR, - BOSTON SCI WIRE GUIDE SENSOR .035 STR,M0066703081,GENERAL ,M0066703081,,5/BX,$374.66 ,2,0,0,,4,Total Tx Amt. $0.00
3, - BOSTON SCIENTIFIC,1781,,,O,"$3,324.19 ",$0.00 ,10/18/2019,wbra,10/18/2019,wbra,1066," - Basket, Gemini 4wire Zero tip 120 cm"," - Basket, Gemini 4wire Zero tip 120 cm",m0063301080,GENERAL ,m0063301080,,EA,$317.11 ,2,0,0,,4,Total Tx Amt. $0.00
17, - HEALTHTRONICS MOBILE SOLUTIONS,1782,,,O,"$2,105.00 ",$0.00 ,10/18/2019,wbra,10/18/2019,wbra,529, - LASER FIBER HO 200 SINGLE USE, - LASER FIBER HO 200 SINGLE USE,95193,GENERAL ,95193,,EA,$125.00 ,5,0,0,,4,Total Tx Amt. $0.00
17, - HEALTHTRONICS MOBILE SOLUTIONS,1782,,,O,"$2,105.00 ",$0.00 ,10/18/2019,wbra,10/18/2019,wbra,530, - LASER FIBER HO 272 SINGLE USE, - LASER FIBER HO 272 SINGLE USE,95448,GENERAL ,95448,,EA,$125.00 ,5,0,0,,4,Total Tx Amt. $0.00
17, - HEALTHTRONICS MOBILE SOLUTIONS,1782,,,O,"$2,105.00 ",$0.00 ,10/18/2019,wbra,10/18/2019,wbra,531, - LASER FIBER HO 365 SINGLE USE, - LASER FIBER HO 365 SINGLE USE,95612,GENERAL ,95612,,EA,$125.00 ,3,0,0,,4,Total Tx Amt. $0.00
17, - HEALTHTRONICS MOBILE SOLUTIONS,1782,,,O,"$2,105.00 ",$0.00 ,10/18/2019,wbra,10/18/2019,wbra,533, - LASER FIBER HO 940 SINGLE USE, - LASER FIBER HO 940 SINGLE USE,95196,GENERAL ,95196,,EA,$240.00 ,2,0,0,,4,Total Tx Amt. $0.00
14, - BARD,1783,,,O,"$1,020.60 ",$0.00 ,10/18/2019,wbra,10/18/2019,wbra,224, - NDL BIOPSY MAX CORE, - NDL BIOPSY MAX CORE,MC1825,IVSUPPLY,MC1825,,5/BX,$90.00 ,10,0,0,,2,Total Tx Amt. $0.00
14, - BARD,1783,,,O,"$1,020.60 ",$0.00 ,10/18/2019,wbra,10/18/2019,wbra,1031, - CATH FOLEY 2WAY COUDE 18FR 5CC, - CATH FOLEY 2WAY COUDE 18FR 5CC,0102L18,,0102L18,,12/BX,$120.60 ,1,0,0,,2,Total Tx Amt. $0.00
2, - CARDINAL HEALTH,1784,,,O,"$2,381.06 ",$0.00 ,10/18/2019,wbra,10/21/2019,wbra,796," - King UltraFlex 72"" breathing circuit"," - King UltraFlex 72"" breathing circuit",,ANESTHE ,8753F6121Z,,30/BX,$199.55 ,1,0,0,,12,Total Tx Amt. $0.00
2, - CARDINAL HEALTH,1784,,,O,"$2,381.06 ",$0.00 ,10/18/2019,wbra,10/21/2019,wbra,281, - SOCK SLIPPER ADULT XL, - SOCK SLIPPER ADULT XL,68125-GRY,,68125-GRY,,48/BX,$36.48 ,2,0,0,,12,Total Tx Amt. $0.00
2, - CARDINAL HEALTH,1784,,,O,"$2,381.06 ",$0.00 ,10/18/2019,wbra,10/21/2019,wbra,134, - IV START KIT, - IV START KIT,01-9000A,GENERAL ,01-9000A,,100/CS,$100.00 ,1,0,0,,12,Total Tx Amt. $0.00
2, - CARDINAL HEALTH,1784,,,O,"$2,381.06 ",$0.00 ,10/18/2019,wbra,10/21/2019,wbra,739, - SafeDay IV Administration Set, - SafeDay IV Administration Set,352904,PACU    ,352899,,50/BX,$366.36 ,2,0,0,,12,Total Tx Amt. $0.00
2, - CARDINAL HEALTH,1784,,,O,"$2,381.06 ",$0.00 ,10/18/2019,wbra,10/21/2019,wbra,298, - PREP TRAY IODINE STERILE, - PREP TRAY IODINE STERILE,Nov-08,,Nov-08,,20/CS,$77.40 ,2,0,0,,12,Total Tx Amt. $0.00
2, - CARDINAL HEALTH,1784,,,O,"$2,381.06 ",$0.00 ,10/18/2019,wbra,10/21/2019,wbra,31, - DRAPE CYSTO PACK, - DRAPE CYSTO PACK,SPP99CY1AA,DRAPE   ,SPP99CY1AA,,6/CS,$118.62 ,2,0,0,,12,Total Tx Amt. $0.00
2, - CARDINAL HEALTH,1784,,,O,"$2,381.06 ",$0.00 ,10/18/2019,wbra,10/21/2019,wbra,542, - DRP PACK MINOR PROCEDURE, - DRP PACK MINOR PROCEDURE,SPP99MN7AA,DRAPE   ,SPP99MN7AA,,4/CS,$92.00 ,3,0,0,,12,Total Tx Amt. $0.00
2, - CARDINAL HEALTH,1784,,,O,"$2,381.06 ",$0.00 ,10/18/2019,wbra,10/21/2019,wbra,1159," - Sutr, 9-0 10"" Monofilament Taper Point 3/8 "" needl"," - Sutr, 9-0 10"" Monofilament Taper Point 3/8 "" needl",2800G,,2800G,,12/BX,$346.10 ,1,0,0,,12,Total Tx Amt. $0.00
2, - CARDINAL HEALTH,1784,,,O,"$2,381.06 ",$0.00 ,10/18/2019,wbra,10/21/2019,wbra,363, - CONTAINER SUCTION 3000ML, - CONTAINER SUCTION 3000ML,65651-230,GENERAL ,65651-230,,40/CS,$70.47 ,2,0,0,,12,Total Tx Amt. $0.00
2, - CARDINAL HEALTH,1784,,,O,"$2,381.06 ",$0.00 ,10/18/2019,wbra,10/21/2019,wbra,26," - DRAPE SHEET, THREE QUARTER"," - DRAPE SHEET, THREE QUARTER",9349,ANESTHE ,9349,,20/CS,$29.43 ,1,0,0,,12,Total Tx Amt. $0.00
2, - CARDINAL HEALTH,1784,,,O,"$2,381.06 ",$0.00 ,10/18/2019,wbra,10/21/2019,wbra,32, - DRAPE SURGICAL LEGGINGS, - DRAPE SURGICAL LEGGINGS,8421,DRAPE   ,8421,,20/CS,$43.60 ,1,0,0,,12,Total Tx Amt. $0.00
2, - CARDINAL HEALTH,1784,,,O,"$2,381.06 ",$0.00 ,10/18/2019,wbra,10/21/2019,wbra,36, - GOWN LARGE, - GOWN LARGE,9515,DRAPE   ,9515,,20/CS,$47.72 ,1,0,0,,12,Total Tx Amt. $0.00
8, - STERIS,1785,,,C,$54.57 ,$0.00 ,10/18/2019,wbra,10/18/2019,wbra,544," - SPD, INDICATOR, ULTRASONIC"," - SPD, INDICATOR, ULTRASONIC",U501,STRL PRO,U501,,50/BX,$18.19 ,3,0,0,,1,Total Tx Amt. $0.00
40, - Office Depot Business Solutions,1786,,,O,$558.22 ,$0.00 ,10/18/2019,wbra,10/18/2019,wbra,1110," - Office, Paper Three Hole Punched"," - Office, Paper Three Hole Punched",196589,,196589,,1/BX,$37.35 ,3,0,0,,13,Total Tx Amt. $0.00
40, - Office Depot Business Solutions,1786,,,O,$558.22 ,$0.00 ,10/18/2019,wbra,10/18/2019,wbra,1109," - Office, Paper NOT Punched"," - Office, Paper NOT Punched",196517,GENERAL ,,,1/BX,$32.99 ,3,0,0,,13,Total Tx Amt. $0.00
40, - Office Depot Business Solutions,1786,,,O,$558.22 ,$0.00 ,10/18/2019,wbra,10/18/2019,wbra,1108," - Office, Coke"," - Office, Coke",208206,,208206,,24/CS,$12.32 ,1,0,0,,13,Total Tx Amt. $0.00
40, - Office Depot Business Solutions,1786,,,O,$558.22 ,$0.00 ,10/18/2019,wbra,10/18/2019,wbra,1176," - Office, Avery Address Labels"," - Office, Avery Address Labels",364364,,364364,,1/BX,$22.03 ,4,0,0,,13,Total Tx Amt. $0.00
40, - Office Depot Business Solutions,1786,,,O,$558.22 ,$0.00 ,10/18/2019,wbra,10/18/2019,wbra,1120," - Office, Apple Juice"," - Office, Apple Juice",5548896,,5548896,,48/BX,$26.29 ,1,0,0,,13,Total Tx Amt. $0.00
40, - Office Depot Business Solutions,1786,,,O,$558.22 ,$0.00 ,10/18/2019,wbra,10/18/2019,wbra,1125," - Office, Bottled Water"," - Office, Bottled Water",595347,,595347,,24/CS,$7.99 ,5,0,0,,13,Total Tx Amt. $0.00
40, - Office Depot Business Solutions,1786,,,O,$558.22 ,$0.00 ,10/18/2019,wbra,10/18/2019,wbra,1118," - Office, Sprite"," - Office, Sprite",208255,,208255,,24/CS,$12.32 ,1,0,0,,13,Total Tx Amt. $0.00
40, - Office Depot Business Solutions,1786,,,O,$558.22 ,$0.00 ,10/18/2019,wbra,10/18/2019,wbra,1115," - Office, Diet Coke"," - Office, Diet Coke",208185,,208185,,24/CS,$12.32 ,1,0,0,,13,Total Tx Amt. $0.00
40, - Office Depot Business Solutions,1786,,,O,$558.22 ,$0.00 ,10/18/2019,wbra,10/18/2019,wbra,1121," - Office,Oreo Cookies"," - Office,Oreo Cookies",673307,,673307,,30/BX,$31.49 ,1,0,0,,13,Total Tx Amt. $0.00
40, - Office Depot Business Solutions,1786,,,O,$558.22 ,$0.00 ,10/18/2019,wbra,10/18/2019,wbra,1229," - Office, Canned Air Cleaning Duster"," - Office, Canned Air Cleaning Duster",911245,,911245,,1/BX,$7.92 ,1,0,0,,13,Total Tx Amt. $0.00
40, - Office Depot Business Solutions,1786,,,O,$558.22 ,$0.00 ,10/18/2019,wbra,10/18/2019,wbra,1160," - Office, Famos Amos Cookies"," - Office, Famos Amos Cookies",273931,,273931,,30/BX,$44.29 ,1,0,0,,13,Total Tx Amt. $0.00
40, - Office Depot Business Solutions,1786,,,O,$558.22 ,$0.00 ,10/18/2019,wbra,10/18/2019,wbra,1124," - Office, Goldfish Crackers"," - Office, Goldfish Crackers",353343,PACU    ,353343,,30/BX,$24.69 ,1,0,0,,13,Total Tx Amt. $0.00
40, - Office Depot Business Solutions,1786,,,O,$558.22 ,$0.00 ,10/18/2019,wbra,10/18/2019,wbra,1122," - Office, Cranberry Juice"," - Office, Cranberry Juice",987923,,987923,,48/BX,$47.49 ,1,0,0,,13,Total Tx Amt. $0.00
1, - MCKESSON,1787,,,O,$175.04 ,$0.00 ,10/18/2019,wbra,10/18/2019,wbra,1230," - Instrument, Retractor, Vein 11 mm wide blade 9 1/4"," - Instrument, Retractor, Vein 11 mm wide blade 9 1/4",SU3730,,826784,,EA,$87.52 ,2,0,0,,1,Total Tx Amt. $0.00
17, - HEALTHTRONICS MOBILE SOLUTIONS,1788,,,O,"$1,750.00 ",$0.00 ,10/21/2019,wbra,10/21/2019,wbra,529, - LASER FIBER HO 200 SINGLE USE, - LASER FIBER HO 200 SINGLE USE,95193,GENERAL ,95193,,EA,$125.00 ,5,0,0,,3,Total Tx Amt. $0.00
17, - HEALTHTRONICS MOBILE SOLUTIONS,1788,,,O,"$1,750.00 ",$0.00 ,10/21/2019,wbra,10/21/2019,wbra,530, - LASER FIBER HO 272 SINGLE USE, - LASER FIBER HO 272 SINGLE USE,95448,GENERAL ,95448,,EA,$125.00 ,5,0,0,,3,Total Tx Amt. $0.00
17, - HEALTHTRONICS MOBILE SOLUTIONS,1788,,,O,"$1,750.00 ",$0.00 ,10/21/2019,wbra,10/21/2019,wbra,531, - LASER FIBER HO 365 SINGLE USE, - LASER FIBER HO 365 SINGLE USE,95612,GENERAL ,95612,,EA,$125.00 ,4,0,0,,3,Total Tx Amt. $0.00
1, - MCKESSON,1789,,,O,"$1,157.74 ",$0.00 ,10/21/2019,wbra,10/21/2019,wbra,955," - Meds, Attopine Sulfate 0.4mg/ml SDV 1 ml"," - Meds, Attopine Sulfate 0.4mg/ml SDV 1 ml",926839,MEDS    ,926839,,25/BX,$127.74 ,1,0,0,,13,Total Tx Amt. $0.00
1, - MCKESSON,1789,,,O,"$1,157.74 ",$0.00 ,10/21/2019,wbra,10/21/2019,wbra,858," - Dexamethasone, SDV 4MG/ML  1ML"," - Dexamethasone, SDV 4MG/ML  1ML",63323016501,ANESTHE ,550541,,25/CT,$74.16 ,1,0,0,,13,Total Tx Amt. $0.00
1, - MCKESSON,1789,,,O,"$1,157.74 ",$0.00 ,10/21/2019,wbra,10/21/2019,wbra,421, - SYRINGE LL 20ML, - SYRINGE LL 20ML,1031802,,1031802,,100/BX,$19.80 ,1,0,0,,13,Total Tx Amt. $0.00
1, - MCKESSON,1789,,,O,"$1,157.74 ",$0.00 ,10/21/2019,wbra,10/21/2019,wbra,1231," - Needle, 19 GA Butterfly infusion set 3/4 "" needle"," - Needle, 19 GA Butterfly infusion set 3/4 "" needle",168110,,168110,,50/BX,$20.94 ,1,0,0,,13,Total Tx Amt. $0.00
1, - MCKESSON,1789,,,O,"$1,157.74 ",$0.00 ,10/21/2019,wbra,10/21/2019,wbra,1232," - Test Tube, Sterile with Closure"," - Test Tube, Sterile with Closure",915060,,915060,,25/CS,$9.17 ,1,0,0,,13,Total Tx Amt. $0.00
1, - MCKESSON,1789,,,O,"$1,157.74 ",$0.00 ,10/21/2019,wbra,10/21/2019,wbra,151, - FLUID WATER 3000ML, - FLUID WATER 3000ML,200388,GLV/MSK ,200388,,4/CS,$33.79 ,2,0,0,,13,Total Tx Amt. $0.00
1, - MCKESSON,1789,,,O,"$1,157.74 ",$0.00 ,10/21/2019,wbra,10/21/2019,wbra,152, - FLUID WATER 1000ML, - FLUID WATER 1000ML,513059,GENERAL ,513059,,14/CS,$56.50 ,1,0,0,,13,Total Tx Amt. $0.00
1, - MCKESSON,1789,,,O,"$1,157.74 ",$0.00 ,10/21/2019,wbra,10/21/2019,wbra,142, - FLUID NACL 1000ML, - FLUID NACL 1000ML,515490,GENERAL ,515490,,14/CS,$29.99 ,1,0,0,,13,Total Tx Amt. $0.00
1, - MCKESSON,1789,,,O,"$1,157.74 ",$0.00 ,10/21/2019,wbra,10/21/2019,wbra,789, - IGel #3 laryngealmask airway, - IGel #3 laryngealmask airway,8203000,ANESTHE ,1017498,,25/BX,$280.68 ,1,0,0,,13,Total Tx Amt. $0.00
1, - MCKESSON,1789,,,O,"$1,157.74 ",$0.00 ,10/21/2019,wbra,10/21/2019,wbra,1065," - Meds, Cleocin Phosphate, Clindamycin 150mg/ml 2ml"," - Meds, Cleocin Phosphate, Clindamycin 150mg/ml 2ml",370231,ANESTHE ,370231,,25/BX,$55.05 ,1,0,0,,13,Total Tx Amt. $0.00
1, - MCKESSON,1789,,,O,"$1,157.74 ",$0.00 ,10/21/2019,wbra,10/21/2019,wbra,246, - COMPRESS COLD, - COMPRESS COLD,16-9702,MEDS    ,476731,,24/CS,$7.71 ,1,0,0,,13,Total Tx Amt. $0.00
1, - MCKESSON,1789,,,O,"$1,157.74 ",$0.00 ,10/21/2019,wbra,10/21/2019,wbra,523, - STERIS CELERITY 20HP BI, - STERIS CELERITY 20HP BI,LCB044,STRL PRO,1086592,,25/BX,$330.60 ,1,0,0,,13,Total Tx Amt. $0.00
1, - MCKESSON,1789,,,O,"$1,157.74 ",$0.00 ,10/21/2019,wbra,10/21/2019,wbra,759, - Steris Printer Rolls, - Steris Printer Rolls,93929-020,STRL PRO,1028366,,EA,$12.97 ,6,0,0,,13,Total Tx Amt. $0.00
21, - BK Medical,1790,,,O,$885.00 ,$0.00 ,10/21/2019,wbra,10/21/2019,wbra,380, - NDL GUIDE ULTRASOUND FUSION BX, - NDL GUIDE ULTRASOUND FUSION BX,UA1322-S,,UA1322-S,,18/CS,$295.00 ,3,0,0,,1,Total Tx Amt. $0.00
4, - COOK MEDICAL,1791,,,O,"$1,062.34 ",$0.00 ,10/21/2019,wbra,10/21/2019,wbra,465, - COOK OPEN-END URETERAL CATH 5Fr, - COOK OPEN-END URETERAL CATH 5Fr,G14274,GENERAL ,G14274,,10/BX,$90.64 ,2,0,0,,6,Total Tx Amt. $0.00
4, - COOK MEDICAL,1791,,,O,"$1,062.34 ",$0.00 ,10/21/2019,wbra,10/21/2019,wbra,440, - COOK WIRE GUIDE MOTION .035 STRAIGHT, - COOK WIRE GUIDE MOTION .035 STRAIGHT,G44846,GENERAL ,G44846,,5/BX,$240.00 ,2,0,0,,6,Total Tx Amt. $0.00
4, - COOK MEDICAL,1791,,,O,"$1,062.34 ",$0.00 ,10/21/2019,wbra,10/21/2019,wbra,458, - COOK URETERAL STENT FIRM UNIVERSA, - COOK URETERAL STENT FIRM UNIVERSA,G23405,GENERAL ,G23405,,EA,$49.50 ,3,0,0,,6,Total Tx Amt. $0.00
4, - COOK MEDICAL,1791,,,O,"$1,062.34 ",$0.00 ,10/21/2019,wbra,10/21/2019,wbra,468, - COOK URETERAL STENT UNIVERSA FIRM 6X22, - COOK URETERAL STENT UNIVERSA FIRM 6X22,G23404,GENERAL ,G23404,,EA,$49.50 ,2,0,0,,6,Total Tx Amt. $0.00
4, - COOK MEDICAL,1791,,,O,"$1,062.34 ",$0.00 ,10/21/2019,wbra,10/21/2019,wbra,448, - COOK WIRE GUIDE AMPLATZ SUPER STIFF .035, - COOK WIRE GUIDE AMPLATZ SUPER STIFF .035,G53559,GENERAL ,G53559,,EA,$23.64 ,4,0,0,,6,Total Tx Amt. $0.00
4, - COOK MEDICAL,1791,,,O,"$1,062.34 ",$0.00 ,10/21/2019,wbra,10/21/2019,wbra,447, - COOK WIRE GUIDE AMPLATZ STIFF .035, - COOK WIRE GUIDE AMPLATZ STIFF .035,G27032,GENERAL ,G27032,,EA,$59.00 ,1,0,0,,6,Total Tx Amt. $0.00
3, - BOSTON SCIENTIFIC,1792,,,O,"$1,123.98 ",$0.00 ,10/21/2019,wbra,10/21/2019,wbra,446, - BOSTON SCI WIRE GUIDE SENSOR .035 STR, - BOSTON SCI WIRE GUIDE SENSOR .035 STR,M0066703081,GENERAL ,M0066703081,,5/BX,$374.66 ,3,0,0,,1,Total Tx Amt. $0.00
31, - NEOTRACT/ UROLIFT,1793,,,O,"$15,200.00 ",$0.00 ,10/21/2019,wbra,10/21/2019,wbra,665, - UROLIFT SYSTEM IMPLANT, - UROLIFT SYSTEM IMPLANT,UL400-4,GENERAL ,UL400-4,,4/CS,"$3,800.00 ",4,0,0,,1,Total Tx Amt. $0.00
23, - COLOPLAST,1794,,,O,"$5,727.00 ",$0.00 ,10/21/2019,wbra,10/21/2019,wbra,653," - SLING, FEMALE, SUPRIS RETROPUBIC KIT"," - SLING, FEMALE, SUPRIS RETROPUBIC KIT",93-4450,GENERAL ,93-4450,,EA,$732.00 ,1,0,0,,2,Total Tx Amt. $0.00
23, - COLOPLAST,1794,,,O,"$5,727.00 ",$0.00 ,10/21/2019,wbra,10/21/2019,wbra,971," - IMPL,  Coloplast Virtue Male Sling-#50020"," - IMPL,  Coloplast Virtue Male Sling-#50020",50020,GENERAL ,50020,,EA,"$4,995.00 ",1,0,0,,2,Total Tx Amt. $0.00
2, - CARDINAL HEALTH,1795,,,O,"$1,328.20 ",$0.00 ,10/21/2019,wbra,10/23/2019,wbra,127, - IV CATH INTROCAN 20X1, - IV CATH INTROCAN 20X1,629114,PACU    ,425254302A,,50/BX,$85.37 ,2,0,0,,12,Total Tx Amt. $0.00
2, - CARDINAL HEALTH,1795,,,O,"$1,328.20 ",$0.00 ,10/21/2019,wbra,10/23/2019,wbra,128, - IV CATH INTROCAN 22X1, - IV CATH INTROCAN 22X1,629338,GENERAL ,425251902A,,50/BX,$85.37 ,2,0,0,,12,Total Tx Amt. $0.00
2, - CARDINAL HEALTH,1795,,,O,"$1,328.20 ",$0.00 ,10/21/2019,wbra,10/23/2019,wbra,422, - DISINFECT CAVIWIPE 1MIN, - DISINFECT CAVIWIPE 1MIN,MX13-1150,HSKPNG  ,MX13-1150,,12/BX,$56.65 ,1,0,0,,12,Total Tx Amt. $0.00
2, - CARDINAL HEALTH,1795,,,O,"$1,328.20 ",$0.00 ,10/21/2019,wbra,10/23/2019,wbra,31, - DRAPE CYSTO PACK, - DRAPE CYSTO PACK,SPP99CY1AA,DRAPE   ,SPP99CY1AA,,6/CS,$118.62 ,2,0,0,,12,Total Tx Amt. $0.00
2, - CARDINAL HEALTH,1795,,,O,"$1,328.20 ",$0.00 ,10/21/2019,wbra,10/23/2019,wbra,542, - DRP PACK MINOR PROCEDURE, - DRP PACK MINOR PROCEDURE,SPP99MN7AA,DRAPE   ,SPP99MN7AA,,4/CS,$92.00 ,2,0,0,,12,Total Tx Amt. $0.00
2, - CARDINAL HEALTH,1795,,,O,"$1,328.20 ",$0.00 ,10/21/2019,wbra,10/23/2019,wbra,39, - DRAPE MAYO STAND COVER, - DRAPE MAYO STAND COVER,8337,DRAPE   ,8337,,30/CS,$28.73 ,2,0,0,,12,Total Tx Amt. $0.00
2, - CARDINAL HEALTH,1795,,,O,"$1,328.20 ",$0.00 ,10/21/2019,wbra,10/23/2019,wbra,102, - GLOVE PROTEXIS PI 7.5 LATEX FREE, - GLOVE PROTEXIS PI 7.5 LATEX FREE,2D72PT75X,GENERAL ,2D72PT75X,,50/BX,$89.45 ,1,0,0,,12,Total Tx Amt. $0.00
2, - CARDINAL HEALTH,1795,,,O,"$1,328.20 ",$0.00 ,10/21/2019,wbra,10/23/2019,wbra,103, - GLOVE PROTEXIS PI 8 LATEX FREE, - GLOVE PROTEXIS PI 8 LATEX FREE,2D72PT80X,GENERAL ,2D72PT80X,,50/BX,$89.45 ,1,0,0,,12,Total Tx Amt. $0.00
2, - CARDINAL HEALTH,1795,,,O,"$1,328.20 ",$0.00 ,10/21/2019,wbra,10/23/2019,wbra,36, - GOWN LARGE, - GOWN LARGE,9515,DRAPE   ,9515,,20/CS,$47.72 ,1,0,0,,12,Total Tx Amt. $0.00
2, - CARDINAL HEALTH,1795,,,O,"$1,328.20 ",$0.00 ,10/21/2019,wbra,10/23/2019,wbra,106, - GOWN XLARGE, - GOWN XLARGE,9545,GENERAL ,9545,,20/CS,$45.85 ,1,0,0,,12,Total Tx Amt. $0.00
2, - CARDINAL HEALTH,1795,,,O,"$1,328.20 ",$0.00 ,10/21/2019,wbra,10/23/2019,wbra,100, - GLOVE PROTEXIS PI 6.5 LATEX FREE, - GLOVE PROTEXIS PI 6.5 LATEX FREE,2D72PT65X,GENERAL ,2D72PT65X,,50/BX,$89.45 ,1,0,0,,12,Total Tx Amt. $0.00
2, - CARDINAL HEALTH,1795,,,O,"$1,328.20 ",$0.00 ,10/21/2019,wbra,10/23/2019,wbra,99, - GLOVE PROTEXIS PI 6 LATEX FREE, - GLOVE PROTEXIS PI 6 LATEX FREE,2D72PT60X,GENERAL ,2D72PT60X,,50/BX,$89.45 ,1,0,0,,12,Total Tx Amt. $0.00
1, - MCKESSON,1796,,,O,$428.30 ,$0.00 ,10/22/2019,wbra,10/22/2019,wbra,262, - COMPRESS HOT, - COMPRESS HOT,11443-512,PACU    ,688566,,24/CS,$13.35 ,1,0,0,,7,Total Tx Amt. $0.00
1, - MCKESSON,1796,,,O,$428.30 ,$0.00 ,10/22/2019,wbra,10/22/2019,wbra,1234," - Office, Coffee Stir Sticks"," - Office, Coffee Stir Sticks",808120,,808120,,1/BX,$7.47 ,1,0,0,,7,Total Tx Amt. $0.00
1, - MCKESSON,1796,,,O,$428.30 ,$0.00 ,10/22/2019,wbra,10/22/2019,wbra,901, - Coverall Bunny Suit, - Coverall Bunny Suit,293648,GENERAL ,293648,,25/BX,$43.81 ,1,0,0,,7,Total Tx Amt. $0.00
1, - MCKESSON,1796,,,O,$428.30 ,$0.00 ,10/22/2019,wbra,10/22/2019,wbra,743, - EKG Monitor Button Red Dot, - EKG Monitor Button Red Dot,2560,ANESTHE ,199314,,50/CS,$164.65 ,1,0,0,,7,Total Tx Amt. $0.00
1, - MCKESSON,1796,,,O,$428.30 ,$0.00 ,10/22/2019,wbra,10/22/2019,wbra,770," - liner, trash can 60 gal roll"," - liner, trash can 60 gal roll",980394,HSKPNG  ,980394,,20/CS,$27.84 ,2,0,0,,7,Total Tx Amt. $0.00
1, - MCKESSON,1796,,,O,$428.30 ,$0.00 ,10/22/2019,wbra,10/22/2019,wbra,870," - GENTAMICIN SULFATE, MDV 40MG/ML 2ML"," - GENTAMICIN SULFATE, MDV 40MG/ML 2ML",401954,MEDS    ,401954,,25/BX,$99.50 ,1,0,0,,7,Total Tx Amt. $0.00
1, - MCKESSON,1796,,,O,$428.30 ,$0.00 ,10/22/2019,wbra,10/22/2019,wbra,964, - GoJol Hand Sanitizer, - GoJol Hand Sanitizer,1903-02,GENERAL ,796466,,2/CS,$21.92 ,2,0,0,,7,Total Tx Amt. $0.00
33, - MEDTRONIC,1797,,,O,"$1,210.00 ",$0.00 ,10/22/2019,wbra,10/24/2019,wbra,736," - IMP, INTERSTIM TEST STIM 353101"," - IMP, INTERSTIM TEST STIM 353101",353101,GENERAL ,353101,,EA,$350.00 ,3,0,0,"Serial Numbers

NLM301847N
NLM301489N
NLM301850N",2,Total Tx Amt. $0.00
33, - MEDTRONIC,1797,,,O,"$1,210.00 ",$0.00 ,10/22/2019,wbra,10/24/2019,wbra,841, - Interstim Test Stimulation Lead Kit, - Interstim Test Stimulation Lead Kit,309101,GENERAL ,309101,,EA,$80.00 ,2,0,0,"Serial Numbers

60204918 for both pieces",2,Total Tx Amt. $0.00
3, - BOSTON SCIENTIFIC,1798,,,O,$521.28 ,$0.00 ,10/22/2019,wbra,10/22/2019,wbra,598, - 8/10 DILATOR/SHEATH SET, - 8/10 DILATOR/SHEATH SET,M0062601200,GENERAL ,M0062601200,,EA,$86.88 ,6,0,0,,1,Total Tx Amt. $0.00
14, - BARD,1799,,,O,$58.56 ,$0.00 ,10/22/2019,wbra,10/22/2019,wbra,749, - Foley Catheter 16 Fr 5cc Lubricious Coated, - Foley Catheter 16 Fr 5cc Lubricious Coated,0165L16,,0165L16,,12/BX,$58.56 ,1,0,0,,1,Total Tx Amt. $0.00
19, - STRAND DX,1800,,,O,$0.05 ,$0.00 ,10/22/2019,wbra,10/22/2019,wbra,563," - BIOPSY KIT, KNOW ERROR"," - BIOPSY KIT, KNOW ERROR",KIT,GENERAL ,KIT,,12/BX,$0.01 ,5,0,0,Cindy,1,Total Tx Amt. $0.00
1, - MCKESSON,1801,,,O,$795.05 ,$0.00 ,10/23/2019,wbra,10/23/2019,wbra,957," - Meds, Levofloxacin 500mg in 100ml 5% dextrose"," - Meds, Levofloxacin 500mg in 100ml 5% dextrose",1142007,ANESTHE ,1142007,,24/CS,$154.85 ,1,0,0,,10,Total Tx Amt. $0.00
1, - MCKESSON,1801,,,O,$795.05 ,$0.00 ,10/23/2019,wbra,10/23/2019,wbra,228, - NDL CHIBA 20G, - NDL CHIBA 20G,CNM-2008,IVSUPPLY,629155,,10/BX,$81.23 ,3,0,0,,10,Total Tx Amt. $0.00
1, - MCKESSON,1801,,,O,$795.05 ,$0.00 ,10/23/2019,wbra,10/23/2019,wbra,284, - SUPPORTER ADULT LRG, - SUPPORTER ADULT LRG,452706,DRESSING,452706,,EA,$6.04 ,10,0,0,,10,Total Tx Amt. $0.00
1, - MCKESSON,1801,,,O,$795.05 ,$0.00 ,10/23/2019,wbra,10/23/2019,wbra,148, - FLUID WATER 500ML BOTTLE, - FLUID WATER 500ML BOTTLE,161730,GENERAL ,161730,,16/cs,$28.50 ,1,0,0,,10,Total Tx Amt. $0.00
1, - MCKESSON,1801,,,O,$795.05 ,$0.00 ,10/23/2019,wbra,10/23/2019,wbra,415, - SYRINGE TOOMEY, - SYRINGE TOOMEY,38460,GENERAL ,13279,,50/BX,$81.40 ,1,0,0,,10,Total Tx Amt. $0.00
1, - MCKESSON,1801,,,O,$795.05 ,$0.00 ,10/23/2019,wbra,10/23/2019,wbra,1182," - Electrosurgical 2 3/4 "" needle electrode"," - Electrosurgical 2 3/4 "" needle electrode",22-ES02T,,1018822,,12/BX,$45.75 ,2,0,0,,10,Total Tx Amt. $0.00
1, - MCKESSON,1801,,,O,$795.05 ,$0.00 ,10/23/2019,wbra,10/23/2019,wbra,123, - TOWEL PAPER C-FOLD, - TOWEL PAPER C-FOLD,1040599,GENERAL ,1040599,,1/CS,$18.08 ,2,0,0,,10,Total Tx Amt. $0.00
1, - MCKESSON,1801,,,O,$795.05 ,$0.00 ,10/23/2019,wbra,10/23/2019,wbra,119, - TISSUE TOILET WHT, - TISSUE TOILET WHT,1045390,HSKPNG  ,1045390,,96/CS,$41.99 ,1,0,0,,10,Total Tx Amt. $0.00
1, - MCKESSON,1801,,,O,$795.05 ,$0.00 ,10/23/2019,wbra,10/23/2019,wbra,767, - Monoject PreFill IV Flush Sodium Chloride, - Monoject PreFill IV Flush Sodium Chloride,8881570121,GENERAL ,472080,,30/BX,$10.00 ,1,0,0,,10,Total Tx Amt. $0.00
1, - MCKESSON,1801,,,O,$795.05 ,$0.00 ,10/23/2019,wbra,10/23/2019,wbra,715," - CATH, TUBE HOLDER, FOLEY"," - CATH, TUBE HOLDER, FOLEY",1107740,DRESSING,1107740,,10/BX,$23.28 ,2,0,0,,10,Total Tx Amt. $0.00
23, - COLOPLAST,1802,,,O,"$12,188.00 ",$0.00 ,10/23/2019,wbra,10/23/2019,wbra,687," - IMP, TITAN RESEVOIR 75CC"," - IMP, TITAN RESEVOIR 75CC",ER8075,GENERAL ,ER8075,,EA,"$1,860.00 ",1,0,0,Batch Code 6944006,3,Total Tx Amt. $0.00
23, - COLOPLAST,1802,,,O,"$12,188.00 ",$0.00 ,10/23/2019,wbra,10/23/2019,wbra,687," - IMP, TITAN RESEVOIR 75CC"," - IMP, TITAN RESEVOIR 75CC",ER8075,GENERAL ,ER8075,,EA,"$1,860.00 ",1,0,0,Batch Code 6891608,3,Total Tx Amt. $0.00
23, - COLOPLAST,1802,,,O,"$12,188.00 ",$0.00 ,10/23/2019,wbra,10/23/2019,wbra,741, - Touch Infrapubic Zero Degree Angle Cylinder, - Touch Infrapubic Zero Degree Angle Cylinder,ES2818,,ES2818,,EA,"$8,468.00 ",1,0,0,Batch Code 6928099,3,Total Tx Amt. $0.00
3, - BOSTON SCIENTIFIC,1803,,,O,"$13,795.00 ",$0.00 ,10/24/2019,wbra,10/24/2019,wbra,944," - Impl, AMS 700 CX MS Pump"," - Impl, AMS 700 CX MS Pump",72404231,GENERAL ,72404231,,EA,"$10,305.00 ",1,0,0,Serial/Lot/Batch # 1000267537,5,Total Tx Amt. $0.00
3, - BOSTON SCIENTIFIC,1803,,,O,"$13,795.00 ",$0.00 ,10/24/2019,wbra,10/24/2019,wbra,998," - IMPL, AMS 700 Reservoir, IZ"," - IMPL, AMS 700 Reservoir, IZ",72404155,GENERAL ,72404155,,EA,"$2,630.00 ",1,0,0,Serial/Lot/Batch # 1000322735,5,Total Tx Amt. $0.00
3, - BOSTON SCIENTIFIC,1803,,,O,"$13,795.00 ",$0.00 ,10/24/2019,wbra,10/24/2019,wbra,948," - Impl, AMS 700 Accessary Kit"," - Impl, AMS 700 Accessary Kit",72401850,GENERAL ,72401850,,EA,$860.00 ,1,0,0,Serial/Lot/Batch # 1000317670,5,Total Tx Amt. $0.00
3, - BOSTON SCIENTIFIC,1803,,,O,"$13,795.00 ",$0.00 ,10/24/2019,wbra,10/24/2019,wbra,1235," - Impl, 3.0 .cm no charge item"," - Impl, 3.0 .cm no charge item",72404323,,72404323,,EA,$0.00 ,1,0,0,Serial/Lot/Batch # 1000305306,5,Total Tx Amt. $0.00
3, - BOSTON SCIENTIFIC,1803,,,O,"$13,795.00 ",$0.00 ,10/24/2019,wbra,10/24/2019,wbra,1236," - Impl, 2.0 CM No Chaarge item"," - Impl, 2.0 CM No Chaarge item",72404322,,72404322,,EA,$0.00 ,1,0,0,Serial/Lot/Batch # 1000286841,5,Total Tx Amt. $0.00
1, - MCKESSON,1804,,,O,$903.41 ,$0.00 ,10/24/2019,wbra,10/24/2019,wbra,830, - syringe/needle 3cc Blnt LL 18ga x 1 1/2, - syringe/needle 3cc Blnt LL 18ga x 1 1/2,305060,GENERAL ,459506,,100/BX,$11.80 ,3,0,0,,4,Total Tx Amt. $0.00
1, - MCKESSON,1804,,,O,$903.41 ,$0.00 ,10/24/2019,wbra,10/24/2019,wbra,229, - NDL HYPO 18X1.5, - NDL HYPO 18X1.5,1031789,IVS     ,1031789,,100/BX,$2.80 ,5,0,0,,4,Total Tx Amt. $0.00
1, - MCKESSON,1804,,,O,$903.41 ,$0.00 ,10/24/2019,wbra,10/24/2019,wbra,699," - MED, SEVOFLURANE INHAL"," - MED, SEVOFLURANE INHAL",6679401525,MEDS    ,779244,,EA,$128.40 ,6,0,0,,4,Total Tx Amt. $0.00
1, - MCKESSON,1804,,,O,$903.41 ,$0.00 ,10/24/2019,wbra,10/24/2019,wbra,627," - DETERGENT, LOW SUDS INSTRUMENT"," - DETERGENT, LOW SUDS INSTRUMENT",53-28551,STRL PRO,484481,,4/BX,$83.61 ,1,0,0,,4,Total Tx Amt. $0.00
15, - TELEFLEX/ARROW,1805,,,O,$638.51 ,$0.00 ,10/24/2019,wbra,10/24/2019,wbra,1237," - Sutr, TEVDEK II, 2.0 KT-3V NEEDLE X-4462W"," - Sutr, TEVDEK II, 2.0 KT-3V NEEDLE X-4462W",X-4462W,,X-4462W,,36/BX,$638.51 ,1,0,0,,1,Total Tx Amt. $0.00
14, - BARD,1806,,,O,"$1,350.00 ",$0.00 ,10/24/2019,wbra,10/24/2019,wbra,224, - NDL BIOPSY MAX CORE, - NDL BIOPSY MAX CORE,MC1825,IVSUPPLY,MC1825,,5/BX,$90.00 ,15,0,0,,1,Total Tx Amt. $0.00
1, - MCKESSON,1807,,,O,$190.47 ,$0.00 ,10/24/2019,wbra,10/24/2019,wbra,162, - MED ANCEF 1G, - MED ANCEF 1G,1107414,GLV/MSK ,1107414,,25/BX,$25.94 ,2,0,0,,3,Total Tx Amt. $0.00
1, - MCKESSON,1807,,,O,$190.47 ,$0.00 ,10/24/2019,wbra,10/24/2019,wbra,139, - FLUID LR 500ML, - FLUID LR 500ML,2B2323Q,GENERAL ,467133,,24/CS,$48.20 ,2,0,0,,3,Total Tx Amt. $0.00
1, - MCKESSON,1807,,,O,$190.47 ,$0.00 ,10/24/2019,wbra,10/24/2019,wbra,710," - SUPP, NASAL CAN GAS SAMPLE 7'"," - SUPP, NASAL CAN GAS SAMPLE 7'",999489,ANESTHE ,999489,,25/CS,$42.19 ,1,0,0,,3,Total Tx Amt. $0.00
1, - MCKESSON,1808,,,O,"$1,757.85 ",$0.00 ,10/25/2019,wbra,10/25/2019,wbra,897," - Meds, Levaquin, Tablets 500Mg bottle"," - Meds, Levaquin, Tablets 500Mg bottle",793832,PACU    ,793832,,1/BT,$16.87 ,2,0,0,,7,Total Tx Amt. $0.00
1, - MCKESSON,1808,,,O,"$1,757.85 ",$0.00 ,10/25/2019,wbra,10/25/2019,wbra,191, - MED LIDOCAINE 2% UROJECT, - MED LIDOCAINE 2% UROJECT,807261,HSKPNG  ,807261,,25/BX,$182.93 ,1,0,0,,7,Total Tx Amt. $0.00
1, - MCKESSON,1808,,,O,"$1,757.85 ",$0.00 ,10/25/2019,wbra,10/25/2019,wbra,624," - MED, OMNIPAQUE 300"," - MED, OMNIPAQUE 300",407141361,MEDS    ,533382,,10/BX,$58.09 ,2,0,0,,7,Total Tx Amt. $0.00
1, - MCKESSON,1808,,,O,"$1,757.85 ",$0.00 ,10/25/2019,wbra,10/25/2019,wbra,833," - Mask, Anes size 6 Adult Elongated"," - Mask, Anes size 6 Adult Elongated",854706,ANESTHE ,854706,,30/BX,$46.88 ,1,0,0,,7,Total Tx Amt. $0.00
1, - MCKESSON,1808,,,O,"$1,757.85 ",$0.00 ,10/25/2019,wbra,10/25/2019,wbra,211, - MED PROPOFOL 20ML, - MED PROPOFOL 20ML,989562,IVSUPPLY,989562,,25/BX,$56.86 ,2,0,0,,7,Total Tx Amt. $0.00
1, - MCKESSON,1808,,,O,"$1,757.85 ",$0.00 ,10/25/2019,wbra,10/25/2019,wbra,135, - FLUID LR 1000ML, - FLUID LR 1000ML,208829,GENERAL ,208829,,12/CS,$31.20 ,2,0,0,,7,Total Tx Amt. $0.00
1, - MCKESSON,1808,,,O,"$1,757.85 ",$0.00 ,10/25/2019,wbra,10/25/2019,wbra,827," - Botox, Therapeutic VL  100units, Allergan"," - Botox, Therapeutic VL  100units, Allergan",,MEDS    ,349702,,1/BT,$601.00 ,2,0,0,,7,Total Tx Amt. $0.00
2, - CARDINAL HEALTH,1809,,,O,$764.55 ,$0.00 ,10/25/2019,wbra,10/28/2019,wbra,796," - King UltraFlex 72"" breathing circuit"," - King UltraFlex 72"" breathing circuit",,ANESTHE ,8753F6121Z,,30/BX,$199.55 ,1,0,0,,5,Total Tx Amt. $0.00
2, - CARDINAL HEALTH,1809,,,O,$764.55 ,$0.00 ,10/25/2019,wbra,10/28/2019,wbra,281, - SOCK SLIPPER ADULT XL, - SOCK SLIPPER ADULT XL,68125-GRY,,68125-GRY,,48/BX,$36.48 ,2,0,0,,5,Total Tx Amt. $0.00
2, - CARDINAL HEALTH,1809,,,O,$764.55 ,$0.00 ,10/25/2019,wbra,10/28/2019,wbra,134, - IV START KIT, - IV START KIT,01-9000A,GENERAL ,01-9000A,,100/CS,$100.00 ,1,0,0,,5,Total Tx Amt. $0.00
2, - CARDINAL HEALTH,1809,,,O,$764.55 ,$0.00 ,10/25/2019,wbra,10/28/2019,wbra,298, - PREP TRAY IODINE STERILE, - PREP TRAY IODINE STERILE,Nov-08,,Nov-08,,20/CS,$77.40 ,2,0,0,,5,Total Tx Amt. $0.00
2, - CARDINAL HEALTH,1809,,,O,$764.55 ,$0.00 ,10/25/2019,wbra,10/28/2019,wbra,31, - DRAPE CYSTO PACK, - DRAPE CYSTO PACK,SPP99CY1AA,DRAPE   ,SPP99CY1AA,,6/CS,$118.62 ,2,0,0,,5,Total Tx Amt. $0.00
1, - MCKESSON,1810,,,O,$969.07 ,$0.00 ,10/28/2019,wbra,10/28/2019,wbra,151, - FLUID WATER 3000ML, - FLUID WATER 3000ML,200388,GLV/MSK ,200388,,4/CS,$33.79 ,2,0,0,,12,Total Tx Amt. $0.00
1, - MCKESSON,1810,,,O,$969.07 ,$0.00 ,10/28/2019,wbra,10/28/2019,wbra,152, - FLUID WATER 1000ML, - FLUID WATER 1000ML,513059,GENERAL ,513059,,14/CS,$56.50 ,1,0,0,,12,Total Tx Amt. $0.00
1, - MCKESSON,1810,,,O,$969.07 ,$0.00 ,10/28/2019,wbra,10/28/2019,wbra,140, - FLUID NACL 3000ML, - FLUID NACL 3000ML,230132,GENERAL ,230132,,4/CS,$34.32 ,4,0,0,,12,Total Tx Amt. $0.00
1, - MCKESSON,1810,,,O,$969.07 ,$0.00 ,10/28/2019,wbra,10/28/2019,wbra,294, - PREP CHLORAPREP 26ML TINT, - PREP CHLORAPREP 26ML TINT,260815,,560798,,25/BX,$170.32 ,1,0,0,,12,Total Tx Amt. $0.00
1, - MCKESSON,1810,,,O,$969.07 ,$0.00 ,10/28/2019,wbra,10/28/2019,wbra,891," - dressing, Tegaderm 6"" x 8"" transparent"," - dressing, Tegaderm 6"" x 8"" transparent",1628,GENERAL ,121653,,10/BX,$14.13 ,1,0,0,,12,Total Tx Amt. $0.00
1, - MCKESSON,1810,,,O,$969.07 ,$0.00 ,10/28/2019,wbra,10/28/2019,wbra,739, - SafeDay IV Administration Set, - SafeDay IV Administration Set,352904,PACU    ,630154,,50/BX,$120.78 ,2,0,0,,12,Total Tx Amt. $0.00
1, - MCKESSON,1810,,,O,$969.07 ,$0.00 ,10/28/2019,wbra,10/28/2019,wbra,418, - SYRINGE LL 60ML NS, - SYRINGE LL 60ML NS,102-S60C,,869662,,25/CT,$8.29 ,1,0,0,,12,Total Tx Amt. $0.00
1, - MCKESSON,1810,,,O,$969.07 ,$0.00 ,10/28/2019,wbra,10/28/2019,wbra,422, - DISINFECT CAVIWIPE 1MIN, - DISINFECT CAVIWIPE 1MIN,MX13-1150,HSKPNG  ,486719,,12/CS,$59.90 ,1,0,0,,12,Total Tx Amt. $0.00
1, - MCKESSON,1810,,,O,$969.07 ,$0.00 ,10/28/2019,wbra,10/28/2019,wbra,420, - SYRINGE LL 10ML, - SYRINGE LL 10ML,1031801,,1031801,,100/BX,$7.50 ,1,0,0,,12,Total Tx Amt. $0.00
1, - MCKESSON,1810,,,O,$969.07 ,$0.00 ,10/28/2019,wbra,10/28/2019,wbra,1052, - Urinary Leg Bag 1000 ML, - Urinary Leg Bag 1000 ML,4605,,911680,,48/BX,$74.78 ,1,0,0,,12,Total Tx Amt. $0.00
1, - MCKESSON,1810,,,O,$969.07 ,$0.00 ,10/28/2019,wbra,10/28/2019,wbra,20, - POSITIONER DONUT FOAM 9IN, - POSITIONER DONUT FOAM 9IN,40402,ANESTHE ,724301,,30/BX,$78.23 ,1,0,0,,12,Total Tx Amt. $0.00
1, - MCKESSON,1810,,,O,$969.07 ,$0.00 ,10/28/2019,wbra,10/28/2019,wbra,1183," - Evacuator, Bulb Silicon Sterile 100Ml"," - Evacuator, Bulb Silicon Sterile 100Ml",1581,,491269,,10/BX,$53.00 ,1,0,0,,12,Total Tx Amt. $0.00
31, - NEOTRACT/ UROLIFT,1811,,,O,"$7,600.00 ",$0.00 ,10/28/2019,wbra,10/28/2019,wbra,665, - UROLIFT SYSTEM IMPLANT, - UROLIFT SYSTEM IMPLANT,UL400-4,GENERAL ,UL400-4,,4/CS,"$3,800.00 ",2,0,0,,1,Total Tx Amt. $0.00
3, - BOSTON SCIENTIFIC,1812,,,O,"$16,671.00 ",$0.00 ,10/28/2019,wbra,10/28/2019,wbra,943," - Impl, SKW Deep Scrotal retraction System"," - Impl, SKW Deep Scrotal retraction System",72403867,GENERAL ,72403867,,EA,$421.00 ,1,0,0,Serial/Lot/Batch # 9273394060,5,Total Tx Amt. $0.00
3, - BOSTON SCIENTIFIC,1812,,,O,"$16,671.00 ",$0.00 ,10/28/2019,wbra,10/28/2019,wbra,1021," - Implant, AMS 800 Accessory Kit"," - Implant, AMS 800 Accessory Kit",720066-01,GENERAL ,720066-01,,EA,"$1,280.00 ",1,0,0,Serial/Lot/Batch # 1000299876,5,Total Tx Amt. $0.00
3, - BOSTON SCIENTIFIC,1812,,,O,"$16,671.00 ",$0.00 ,10/28/2019,wbra,10/28/2019,wbra,1238," - Implant, AMS 800 Control Pump"," - Implant, AMS 800 Control Pump",72400098,,72400098,,EA,"$6,010.00 ",1,0,0,Serial/Lot/Batch # 10002746,5,Total Tx Amt. $0.00
3, - BOSTON SCIENTIFIC,1812,,,O,"$16,671.00 ",$0.00 ,10/28/2019,wbra,10/28/2019,wbra,1022," - Implant, AMS Pressure Regulating Balloon"," - Implant, AMS Pressure Regulating Balloon",72400024,GENERAL ,72400024,,EA,"$2,910.00 ",1,0,0,Serial/Lot/Batch #1000304452,5,Total Tx Amt. $0.00
3, - BOSTON SCIENTIFIC,1812,,,O,"$16,671.00 ",$0.00 ,10/28/2019,wbra,10/28/2019,wbra,1239," - Implant, AMS 800 Cuff"," - Implant, AMS 800 Cuff",72400160,,72400160,,EA,"$6,050.00 ",1,0,0,Serial/Lot/Batch #1000167403,5,Total Tx Amt. $0.00
23, - COLOPLAST,1813,,,O,"$12,686.00 ",$0.00 ,10/29/2019,wbra,10/29/2019,wbra,653," - SLING, FEMALE, SUPRIS RETROPUBIC KIT"," - SLING, FEMALE, SUPRIS RETROPUBIC KIT",93-4450,GENERAL ,93-4450,,EA,$732.00 ,3,0,0,,2,Total Tx Amt. $0.00
23, - COLOPLAST,1813,,,O,"$12,686.00 ",$0.00 ,10/29/2019,wbra,10/29/2019,wbra,971," - IMPL,  Coloplast Virtue Male Sling-#50020"," - IMPL,  Coloplast Virtue Male Sling-#50020",50020,GENERAL ,50020,,EA,"$5,245.00 ",2,0,0,,2,Total Tx Amt. $0.00
2, - CARDINAL HEALTH,1814,,,O,$435.03 ,$0.00 ,10/29/2019,wbra,10/30/2019,wbra,706," - DRSG, COBAN 3"" STR (LEVINE)"," - DRSG, COBAN 3"" STR (LEVINE)",1583S,DRESSING,CAH35S,,24/CS,$33.16 ,1,0,0,,5,Total Tx Amt. $0.00
2, - CARDINAL HEALTH,1814,,,O,$435.03 ,$0.00 ,10/29/2019,wbra,10/30/2019,wbra,1004," - Gloves, Nitrile Exam  XS"," - Gloves, Nitrile Exam  XS",88LC01XS,GENERAL ,88LC01XS,,10/CT,$120.50 ,1,0,0,,5,Total Tx Amt. $0.00
2, - CARDINAL HEALTH,1814,,,O,$435.03 ,$0.00 ,10/29/2019,wbra,10/30/2019,wbra,31, - DRAPE CYSTO PACK, - DRAPE CYSTO PACK,SPP99CY1AA,DRAPE   ,SPP99CY1AA,,6/CS,$118.62 ,1,0,0,,5,Total Tx Amt. $0.00
2, - CARDINAL HEALTH,1814,,,O,$435.03 ,$0.00 ,10/29/2019,wbra,10/30/2019,wbra,101, - GLOVE PROTEXIS PI 7 LATEX FREE, - GLOVE PROTEXIS PI 7 LATEX FREE,2D72PT70X,GENERAL ,2D72PT70X,,50/BX,$89.45 ,1,0,0,,5,Total Tx Amt. $0.00
2, - CARDINAL HEALTH,1814,,,O,$435.03 ,$0.00 ,10/29/2019,wbra,10/30/2019,wbra,74, - GLOVE EXAM MEDIUM NITRILE, - GLOVE EXAM MEDIUM NITRILE,88TN03M,GENERAL ,88TN03M,,1/CS,$73.30 ,1,0,0,,5,Total Tx Amt. $0.00
26, - CUSTOM MEDICAL SPECILTIES,1815,,,O,$258.00 ,$0.00 ,10/29/2019,wbra,10/29/2019,wbra,637," - BAG, DRAIN SURGICAL TABLE"," - BAG, DRAIN SURGICAL TABLE",CMS-999,GENERAL ,CMS-999,,20/CS,$129.00 ,2,0,0,,1,Total Tx Amt. $0.00
1, - MCKESSON,1816,,,O,$647.97 ,$0.00 ,10/29/2019,wbra,10/30/2019,wbra,1240," - PACU, BD Vactainer 23ga x 3/4"""," - PACU, BD Vactainer 23ga x 3/4""",367283,,222269,,50/BX,$66.67 ,1,0,0,,3,Total Tx Amt. $0.00
1, - MCKESSON,1816,,,O,$647.97 ,$0.00 ,10/29/2019,wbra,10/30/2019,wbra,670," - ANES, AIRWAY, LMA IGEL 4"," - ANES, AIRWAY, LMA IGEL 4",8204000,ANESTHE ,978378,,25/BX,$280.68 ,2,0,0,,3,Total Tx Amt. $0.00
1, - MCKESSON,1816,,,O,$647.97 ,$0.00 ,10/29/2019,wbra,10/30/2019,wbra,794," - MED, SILVADENE CREAM TUBE 20G"," - MED, SILVADENE CREAM TUBE 20G",61570013120,MEDS    ,234397,,EA,$9.97 ,2,0,0,,3,Total Tx Amt. $0.00
14, - BARD,1817,,,O,$75.20 ,$0.00 ,10/29/2019,wbra,10/29/2019,wbra,573, - ELLIK EVACUTOR, - ELLIK EVACUTOR,451,GENERAL ,451,,10/BX,$75.20 ,1,0,0,,1,Total Tx Amt. $0.00
23, - COLOPLAST,1818,,,O,"$10,837.00 ",$0.00 ,10/30/2019,wbra,10/31/2019,wbra,899," - Impl, Assembly Kit"," - Impl, Assembly Kit",91-9480SC,,91-9480SC,,EA,$509.00 ,1,0,0,Batch Code 688272,3,Total Tx Amt. $0.00
23, - COLOPLAST,1818,,,O,"$10,837.00 ",$0.00 ,10/30/2019,wbra,10/31/2019,wbra,687," - IMP, TITAN RESEVOIR 75CC"," - IMP, TITAN RESEVOIR 75CC",ER8075,GENERAL ,ER8075,,EA,"$1,860.00 ",1,0,0,Batch Code 6891609,3,Total Tx Amt. $0.00
23, - COLOPLAST,1818,,,O,"$10,837.00 ",$0.00 ,10/30/2019,wbra,10/31/2019,wbra,741, - Touch Infrapubic Zero Degree Angle Cylinder, - Touch Infrapubic Zero Degree Angle Cylinder,ES2818,,ES2818,,EA,"$8,468.00 ",1,0,0,Batch Code 6781643,3,Total Tx Amt. $0.00
4, - COOK MEDICAL,1819,,,O,$335.12 ,$0.00 ,10/30/2019,wbra,10/30/2019,wbra,448, - COOK WIRE GUIDE AMPLATZ SUPER STIFF .035, - COOK WIRE GUIDE AMPLATZ SUPER STIFF .035,G53559,GENERAL ,G53559,,EA,$23.64 ,3,0,0,,3,Total Tx Amt. $0.00
4, - COOK MEDICAL,1819,,,O,$335.12 ,$0.00 ,10/30/2019,wbra,10/30/2019,wbra,459, - COOK URETERAL STENT FIRM UNIVERSA, - COOK URETERAL STENT FIRM UNIVERSA,G23406,GENERAL ,G23406,,EA,$49.50 ,4,0,0,,3,Total Tx Amt. $0.00
4, - COOK MEDICAL,1819,,,O,$335.12 ,$0.00 ,10/30/2019,wbra,10/30/2019,wbra,437, - COOK ACCESS CATH URETERAL DUAL 6FR, - COOK ACCESS CATH URETERAL DUAL 6FR,G17145,GENERAL ,G17145,,EA,$33.10 ,2,0,0,,3,Total Tx Amt. $0.00
3, - BOSTON SCIENTIFIC,1820,,,O,"$3,554.40 ",$0.00 ,10/30/2019,wbra,10/30/2019,wbra,578," - BOSTON SCI, NAVIGATOR HD 11/13FR 28CM"," - BOSTON SCI, NAVIGATOR HD 11/13FR 28CM",M0062502210,GENERAL ,M0062502210,,EA,$197.65 ,1,0,0,,5,Total Tx Amt. $0.00
3, - BOSTON SCIENTIFIC,1820,,,O,"$3,554.40 ",$0.00 ,10/30/2019,wbra,10/30/2019,wbra,579," - BOSTON SCI, NAVIGATOR HD 11/13FR 46CM"," - BOSTON SCI, NAVIGATOR HD 11/13FR 46CM",M0062502230,GENERAL ,M0062502230,,EA,$197.65 ,1,0,0,,5,Total Tx Amt. $0.00
3, - BOSTON SCIENTIFIC,1820,,,O,"$3,554.40 ",$0.00 ,10/30/2019,wbra,10/30/2019,wbra,645," - BASKET, ZERO TIP 1.9FR X 120CM BOSTON"," - BASKET, ZERO TIP 1.9FR X 120CM BOSTON",M0063901050,GENERAL ,M0063901050,,EA,$348.60 ,4,0,0,,5,Total Tx Amt. $0.00
3, - BOSTON SCIENTIFIC,1820,,,O,"$3,554.40 ",$0.00 ,10/30/2019,wbra,10/30/2019,wbra,446, - BOSTON SCI WIRE GUIDE SENSOR .035 STR, - BOSTON SCI WIRE GUIDE SENSOR .035 STR,M0066703081,GENERAL ,M0066703081,,5/BX,$374.66 ,3,0,0,,5,Total Tx Amt. $0.00
3, - BOSTON SCIENTIFIC,1820,,,O,"$3,554.40 ",$0.00 ,10/30/2019,wbra,10/30/2019,wbra,561," - GUIDEWIRE, ZIPWIRE 0.035 X 150CM"," - GUIDEWIRE, ZIPWIRE 0.035 X 150CM",M006630205B1,GENERAL ,M006630205B1,,5/BX,$320.36 ,2,0,0,,5,Total Tx Amt. $0.00
1, - MCKESSON,1821,,,O,"$1,045.32 ",$0.00 ,10/30/2019,wbra,10/30/2019,wbra,73, - MED EPHEDRINE, - MED EPHEDRINE,17478041510,GENERAL ,1092978,,10/CT,$252.34 ,4,0,0,,2,Total Tx Amt. $0.00
1, - MCKESSON,1821,,,O,"$1,045.32 ",$0.00 ,10/30/2019,wbra,10/30/2019,wbra,207, - MED ZOFRAN 2ML, - MED ZOFRAN 2ML,1113028,IVSUPPLY,1113028,,25/CT,$8.99 ,4,0,0,,2,Total Tx Amt. $0.00
15, - TELEFLEX/ARROW,1822,,,O,$286.50 ,$0.00 ,10/30/2019,wbra,10/30/2019,wbra,517, - ANES LMA 3 EVO, - ANES LMA 3 EVO,1D2030,ANESTHE ,1D2030,,10/BX,$151.50 ,1,0,0,,2,Total Tx Amt. $0.00
15, - TELEFLEX/ARROW,1822,,,O,$286.50 ,$0.00 ,10/30/2019,wbra,10/30/2019,wbra,1241, - ANES LMA 2.5 EVO, - ANES LMA 2.5 EVO,105200-000025,ANESTHE ,105200-000025,,10/BX,$135.00 ,1,0,0,,2,Total Tx Amt. $0.00
1, - MCKESSON,1823,,,O,$167.60 ,$0.00 ,10/30/2019,wbra,10/30/2019,wbra,148, - FLUID WATER 500ML BOTTLE, - FLUID WATER 500ML BOTTLE,161730,GENERAL ,161730,,16/cs,$28.50 ,2,0,0,,3,Total Tx Amt. $0.00
1, - MCKESSON,1823,,,O,$167.60 ,$0.00 ,10/30/2019,wbra,10/30/2019,wbra,138, - FLUID LR 500ML, - FLUID LR 500ML,467133,GENERAL ,467133,,24/CS,$48.20 ,1,0,0,,3,Total Tx Amt. $0.00
1, - MCKESSON,1823,,,O,$167.60 ,$0.00 ,10/30/2019,wbra,10/30/2019,wbra,135, - FLUID LR 1000ML, - FLUID LR 1000ML,208829,GENERAL ,208829,,14/CS,$31.20 ,2,0,0,,3,Total Tx Amt. $0.00
14, - BARD,1824,,,O,$117.12 ,$0.00 ,10/31/2019,wbra,10/31/2019,wbra,332, - CATH FOLEY 18FR 2WAY 5ML, - CATH FOLEY 18FR 2WAY 5ML,0165L18,,0165L18,,12/BX,$58.56 ,1,0,0,,2,Total Tx Amt. $0.00
14, - BARD,1824,,,O,$117.12 ,$0.00 ,10/31/2019,wbra,10/31/2019,wbra,749, - Foley Catheter 16 Fr 5cc Lubricious Coated, - Foley Catheter 16 Fr 5cc Lubricious Coated,0165L16,,0165L16,,12/BX,$58.56 ,1,0,0,,2,Total Tx Amt. $0.00
2, - CARDINAL HEALTH,1825,,,O,"$2,186.29 ",$0.00 ,10/31/2019,wbra,11/4/2019,wbra,281, - SOCK SLIPPER ADULT XL, - SOCK SLIPPER ADULT XL,68125-GRY,,68125-GRY,,48/BX,$36.48 ,2,0,0,,15,Total Tx Amt. $0.00
2, - CARDINAL HEALTH,1825,,,O,"$2,186.29 ",$0.00 ,10/31/2019,wbra,11/4/2019,wbra,31, - DRAPE CYSTO PACK, - DRAPE CYSTO PACK,SPP99CY1AA,DRAPE   ,SPP99CY1AA,,6/CS,$118.62 ,3,0,0,,15,Total Tx Amt. $0.00
2, - CARDINAL HEALTH,1825,,,O,"$2,186.29 ",$0.00 ,10/31/2019,wbra,11/4/2019,wbra,542, - DRP PACK MINOR PROCEDURE, - DRP PACK MINOR PROCEDURE,SPP99MN7AA,DRAPE   ,SPP99MN7AA,,4/CS,$92.00 ,2,0,0,,15,Total Tx Amt. $0.00
2, - CARDINAL HEALTH,1825,,,O,"$2,186.29 ",$0.00 ,10/31/2019,wbra,11/4/2019,wbra,304, - TEST PACK BIOLOGICAL INDICATOR, - TEST PACK BIOLOGICAL INDICATOR,M1496V,,M1496V,,24/CS,$198.54 ,3,0,0,,15,Total Tx Amt. $0.00
2, - CARDINAL HEALTH,1825,,,O,"$2,186.29 ",$0.00 ,10/31/2019,wbra,11/4/2019,wbra,323, - WRAP DOUBLE LAYER 36X36, - WRAP DOUBLE LAYER 36X36,CH5G0036,,CH5G0036,,75/PK,$121.13 ,3,0,0,,15,Total Tx Amt. $0.00
2, - CARDINAL HEALTH,1825,,,O,"$2,186.29 ",$0.00 ,10/31/2019,wbra,11/4/2019,wbra,36, - GOWN LARGE, - GOWN LARGE,9515,DRAPE   ,9515,,20/CS,$47.72 ,1,0,0,,15,Total Tx Amt. $0.00
2, - CARDINAL HEALTH,1825,,,O,"$2,186.29 ",$0.00 ,10/31/2019,wbra,11/4/2019,wbra,106, - GOWN XLARGE, - GOWN XLARGE,9545,GENERAL ,9545,,20/CS,$45.85 ,1,0,0,,15,Total Tx Amt. $0.00
2, - CARDINAL HEALTH,1825,,,O,"$2,186.29 ",$0.00 ,10/31/2019,wbra,11/4/2019,wbra,633," - TUBING, SUCTION NS BUBBLE"," - TUBING, SUCTION NS BUBBLE",8888280412,GLV/MSK ,8888280412,,EA,$8.80 ,4,0,0,,15,Total Tx Amt. $0.00
2, - CARDINAL HEALTH,1825,,,O,"$2,186.29 ",$0.00 ,10/31/2019,wbra,11/4/2019,wbra,422, - DISINFECT CAVIWIPE 1MIN, - DISINFECT CAVIWIPE 1MIN,MX13-1150,HSKPNG  ,MX13-1150,,12/BX,$59.90 ,1,0,0,,15,Total Tx Amt. $0.00
2, - CARDINAL HEALTH,1825,,,O,"$2,186.29 ",$0.00 ,10/31/2019,wbra,11/4/2019,wbra,298, - PREP TRAY IODINE STERILE, - PREP TRAY IODINE STERILE,Nov-08,,Nov-08,,20/CS,$77.40 ,1,0,0,,15,Total Tx Amt. $0.00
2, - CARDINAL HEALTH,1825,,,O,"$2,186.29 ",$0.00 ,10/31/2019,wbra,11/4/2019,wbra,39, - DRAPE MAYO STAND COVER, - DRAPE MAYO STAND COVER,8337,DRAPE   ,8337,,30/CS,$28.73 ,2,0,0,,15,Total Tx Amt. $0.00
2, - CARDINAL HEALTH,1825,,,O,"$2,186.29 ",$0.00 ,10/31/2019,wbra,11/4/2019,wbra,100, - GLOVE PROTEXIS PI 6.5 LATEX FREE, - GLOVE PROTEXIS PI 6.5 LATEX FREE,2D72PT65X,GENERAL ,2D72PT65X,,50/BX,$89.45 ,1,0,0,,15,Total Tx Amt. $0.00
2, - CARDINAL HEALTH,1825,,,O,"$2,186.29 ",$0.00 ,10/31/2019,wbra,11/4/2019,wbra,103, - GLOVE PROTEXIS PI 8 LATEX FREE, - GLOVE PROTEXIS PI 8 LATEX FREE,2D72PT80X,GENERAL ,2D72PT80X,,50/BX,$89.45 ,1,0,0,,15,Total Tx Amt. $0.00
2, - CARDINAL HEALTH,1825,,,O,"$2,186.29 ",$0.00 ,10/31/2019,wbra,11/4/2019,wbra,669," - PREP, CLIPPER SURGICAL HEAD"," - PREP, CLIPPER SURGICAL HEAD",CAH4406D,PREP    ,CAH4406D,,25/BX,$74.03 ,1,0,0,,15,Total Tx Amt. $0.00
2, - CARDINAL HEALTH,1825,,,O,"$2,186.29 ",$0.00 ,10/31/2019,wbra,11/4/2019,wbra,372, - DRAPE TOWEL SURGICAL 4PK BLUE, - DRAPE TOWEL SURGICAL 4PK BLUE,28700-004,DRAPE   ,28700-004,,20/CS,$38.00 ,1,0,0,,15,Total Tx Amt. $0.00
1, - MCKESSON,1826,,,O,$554.65 ,$0.00 ,10/31/2019,wbra,10/31/2019,wbra,710," - SUPP, NASAL CAN GAS SAMPLE 7'"," - SUPP, NASAL CAN GAS SAMPLE 7'",999489,ANESTHE ,999489,,25/CS,$42.19 ,1,0,0,,8,Total Tx Amt. $0.00
1, - MCKESSON,1826,,,O,$554.65 ,$0.00 ,10/31/2019,wbra,10/31/2019,wbra,211, - MED PROPOFOL 20ML, - MED PROPOFOL 20ML,989562,IVSUPPLY,989562,,25/BX,$56.86 ,2,0,0,,8,Total Tx Amt. $0.00
1, - MCKESSON,1826,,,O,$554.65 ,$0.00 ,10/31/2019,wbra,10/31/2019,wbra,162, - MED ANCEF 1G, - MED ANCEF 1G,1107414,GLV/MSK ,1107414,,25/BX,$33.99 ,2,0,0,,8,Total Tx Amt. $0.00
1, - MCKESSON,1826,,,O,$554.65 ,$0.00 ,10/31/2019,wbra,10/31/2019,wbra,135, - FLUID LR 1000ML, - FLUID LR 1000ML,208829,GENERAL ,208829,,14/CS,$31.21 ,2,0,0,,8,Total Tx Amt. $0.00
1, - MCKESSON,1826,,,O,$554.65 ,$0.00 ,10/31/2019,wbra,10/31/2019,wbra,139, - FLUID LR 500ML, - FLUID LR 500ML,2B2323Q,GENERAL ,467133,,24/CS,$48.20 ,2,0,0,,8,Total Tx Amt. $0.00
1, - MCKESSON,1826,,,O,$554.65 ,$0.00 ,10/31/2019,wbra,10/31/2019,wbra,619," - ANES, AIRWAY ORAL 90MM YELLOW"," - ANES, AIRWAY ORAL 90MM YELLOW",122790A,ANESTHE ,741312,,10/BX,$3.69 ,2,0,0,,8,Total Tx Amt. $0.00
1, - MCKESSON,1826,,,O,$554.65 ,$0.00 ,10/31/2019,wbra,10/31/2019,wbra,289, - BASIN URINAL 1QT, - BASIN URINAL 1QT,1020361,,1020361,,48/CS,$27.28 ,1,0,0,,8,Total Tx Amt. $0.00
1, - MCKESSON,1826,,,O,$554.65 ,$0.00 ,10/31/2019,wbra,10/31/2019,wbra,140, - FLUID NACL 3000ML, - FLUID NACL 3000ML,230132,GENERAL ,230132,,4/CS,$34.32 ,4,0,0,,8,Total Tx Amt. $0.00
17, - HEALTHTRONICS MOBILE SOLUTIONS,1827,,,O,$425.00 ,$0.00 ,11/1/2019,wbra,11/1/2019,wbra,532, - LASER FIBER HO 550 SINGLE USE, - LASER FIBER HO 550 SINGLE USE,550,GENERAL ,550,,EA,$185.00 ,1,0,0,,2,Total Tx Amt. $0.00
17, - HEALTHTRONICS MOBILE SOLUTIONS,1827,,,O,$425.00 ,$0.00 ,11/1/2019,wbra,11/1/2019,wbra,533, - LASER FIBER HO 940 SINGLE USE, - LASER FIBER HO 940 SINGLE USE,95196,GENERAL ,95196,,EA,$240.00 ,1,0,0,,2,Total Tx Amt. $0.00
1, - MCKESSON,1828,,,O,$649.64 ,$0.00 ,11/1/2019,wbra,11/1/2019,wbra,710," - SUPP, NASAL CAN GAS SAMPLE 7'"," - SUPP, NASAL CAN GAS SAMPLE 7'",999489,ANESTHE ,999489,,25/CS,$42.19 ,1,0,0,,10,Total Tx Amt. $0.00
1, - MCKESSON,1828,,,O,$649.64 ,$0.00 ,11/1/2019,wbra,11/1/2019,wbra,211, - MED PROPOFOL 20ML, - MED PROPOFOL 20ML,989562,IVSUPPLY,989562,,25/BX,$56.86 ,2,0,0,,10,Total Tx Amt. $0.00
1, - MCKESSON,1828,,,O,$649.64 ,$0.00 ,11/1/2019,wbra,11/1/2019,wbra,162, - MED ANCEF 1G, - MED ANCEF 1G,1107414,GLV/MSK ,1107414,,25/BX,$33.99 ,2,0,0,,10,Total Tx Amt. $0.00
1, - MCKESSON,1828,,,O,$649.64 ,$0.00 ,11/1/2019,wbra,11/1/2019,wbra,136, - FLUID LR 1000ML, - FLUID LR 1000ML,515492,GENERAL ,515492,,14/CS,$31.21 ,2,0,0,,10,Total Tx Amt. $0.00
1, - MCKESSON,1828,,,O,$649.64 ,$0.00 ,11/1/2019,wbra,11/1/2019,wbra,138, - FLUID LR 500ML, - FLUID LR 500ML,467133,GENERAL ,467133,,24/CS,$48.20 ,2,0,0,,10,Total Tx Amt. $0.00
1, - MCKESSON,1828,,,O,$649.64 ,$0.00 ,11/1/2019,wbra,11/1/2019,wbra,619," - ANES, AIRWAY ORAL 90MM YELLOW"," - ANES, AIRWAY ORAL 90MM YELLOW",122790A,ANESTHE ,741312,,10/BX,$3.69 ,2,0,0,,10,Total Tx Amt. $0.00
1, - MCKESSON,1828,,,O,$649.64 ,$0.00 ,11/1/2019,wbra,11/1/2019,wbra,289, - BASIN URINAL 1QT, - BASIN URINAL 1QT,1020361,,1020361,,48/CS,$27.28 ,1,0,0,,10,Total Tx Amt. $0.00
1, - MCKESSON,1828,,,O,$649.64 ,$0.00 ,11/1/2019,wbra,11/1/2019,wbra,140, - FLUID NACL 3000ML, - FLUID NACL 3000ML,230132,GENERAL ,230132,,4/CS,$34.32 ,4,0,0,,10,Total Tx Amt. $0.00
1, - MCKESSON,1828,,,O,$649.64 ,$0.00 ,11/1/2019,wbra,11/1/2019,wbra,168, - MED DECADRON 4MG/ML 1ML, - MED DECADRON 4MG/ML 1ML,63323016501,ANESTHE ,550541,,25/BX,$73.85 ,1,0,0,,10,Total Tx Amt. $0.00
1, - MCKESSON,1828,,,O,$649.64 ,$0.00 ,11/1/2019,wbra,11/1/2019,wbra,1242, - Ice Melt, - Ice Melt,641995,,641995,,EA,$21.14 ,1,0,0,,10,Total Tx Amt. $0.00
11, - RICHARD WOLF,1829,,,O,$443.14 ,$0.00 ,11/1/2019,wbra,11/1/2019,wbra,1243," - Inst, Bridge Adapter for Cysto Scope"," - Inst, Bridge Adapter for Cysto Scope",8650.264,,8650.264,,EA,$443.14 ,1,0,0,,1,Total Tx Amt. $0.00
1, - MCKESSON,1830,,,O,"$1,074.64 ",$0.00 ,11/1/2019,wbra,11/4/2019,wbra,168, - MED DECADRON 4MG/ML 1ML, - MED DECADRON 4MG/ML 1ML,63323016501,ANESTHE ,550541,,25/BX,$123.18 ,3,0,0,,10,Total Tx Amt. $0.00
1, - MCKESSON,1830,,,O,"$1,074.64 ",$0.00 ,11/1/2019,wbra,11/4/2019,wbra,714," - MED, VERAPAMIL HCL 2.5MG/ML 2ML"," - MED, VERAPAMIL HCL 2.5MG/ML 2ML",409114405,MEDS    ,1140132,,EA,$48.86 ,4,0,0,,10,Total Tx Amt. $0.00
1, - MCKESSON,1830,,,O,"$1,074.64 ",$0.00 ,11/1/2019,wbra,11/4/2019,wbra,1245," - Pack, Caviwipe Holder, Wall Mount"," - Pack, Caviwipe Holder, Wall Mount",764576,PACU    ,764576,,EA,$31.00 ,3,0,0,,10,Total Tx Amt. $0.00
1, - MCKESSON,1830,,,O,"$1,074.64 ",$0.00 ,11/1/2019,wbra,11/4/2019,wbra,933," - Container, Specimen Container sterile"," - Container, Specimen Container sterile",1053,GENERAL ,337711,,100/BX,$48.65 ,1,0,0,,10,Total Tx Amt. $0.00
1, - MCKESSON,1830,,,O,"$1,074.64 ",$0.00 ,11/1/2019,wbra,11/4/2019,wbra,764," - Mask, Face Surg Light Blue pleated with ties"," - Mask, Face Surg Light Blue pleated with ties",48100,GENERAL ,206484,,6/BX,$23.81 ,1,0,0,,10,Total Tx Amt. $0.00
1, - MCKESSON,1830,,,O,"$1,074.64 ",$0.00 ,11/1/2019,wbra,11/4/2019,wbra,64, - TAPE PLASTIC/TRANSPORE 1IN, - TAPE PLASTIC/TRANSPORE 1IN,M1527-1,DRESSING,5762,,12/BX,$7.42 ,3,0,0,,10,Total Tx Amt. $0.00
1, - MCKESSON,1830,,,O,"$1,074.64 ",$0.00 ,11/1/2019,wbra,11/4/2019,wbra,420, - SYRINGE LL 10ML, - SYRINGE LL 10ML,1031801,,1031801,,100/BX,$7.50 ,2,0,0,,10,Total Tx Amt. $0.00
1, - MCKESSON,1830,,,O,"$1,074.64 ",$0.00 ,11/1/2019,wbra,11/4/2019,wbra,228, - NDL CHIBA 20G, - NDL CHIBA 20G,CNM-2008,IVSUPPLY,629155,,10/BX,$81.23 ,3,0,0,,10,Total Tx Amt. $0.00
1, - MCKESSON,1830,,,O,"$1,074.64 ",$0.00 ,11/1/2019,wbra,11/4/2019,wbra,141, - FLUID NACL 500ML, - FLUID NACL 500ML,467132,GENERAL ,467132,,18/CS,$39.48 ,1,0,0,,10,Total Tx Amt. $0.00
1, - MCKESSON,1830,,,O,"$1,074.64 ",$0.00 ,11/1/2019,wbra,11/4/2019,wbra,148, - FLUID WATER 500ML BOTTLE, - FLUID WATER 500ML BOTTLE,161730,GENERAL ,161730,,16/cs,$23.77 ,1,0,0,,10,Total Tx Amt. $0.00
35, - MINDRAY,1832,,,O,$450.00 ,$0.00 ,11/1/2019,wbra,11/1/2019,wbra,1244," - Ames, SpO2 LNC-10 Masimo Cable"," - Ames, SpO2 LNC-10 Masimo Cable",0012-00-1599,ANESTHE ,0012-00-1599,,EA,$150.00 ,3,0,0,,1,Total Tx Amt. $0.00
3, - BOSTON SCIENTIFIC,1833,,,O,"$2,091.60 ",$0.00 ,11/4/2019,wbra,11/4/2019,wbra,645," - BASKET, ZERO TIP 1.9FR X 120CM BOSTON"," - BASKET, ZERO TIP 1.9FR X 120CM BOSTON",M0063901050,GENERAL ,M0063901050,,EA,$348.60 ,6,0,0,,1,Total Tx Amt. $0.00
4, - COOK MEDICAL,1834,,,O,$808.20 ,$0.00 ,11/4/2019,wbra,11/4/2019,wbra,599, - URETERAL CATH SET ANGLE TIP, - URETERAL CATH SET ANGLE TIP,G14587,GENERAL ,G14587,,EA,$28.05 ,4,0,0,,2,Total Tx Amt. $0.00
4, - COOK MEDICAL,1834,,,O,$808.20 ,$0.00 ,11/4/2019,wbra,11/4/2019,wbra,439, - COOK TIPLESS STONE EXTRACTOR 2.2 x 115, - COOK TIPLESS STONE EXTRACTOR 2.2 x 115,G18778,GENERAL ,G18778,,EA,$174.00 ,4,0,0,,2,Total Tx Amt. $0.00
1, - MCKESSON,1835,,,O,"$1,861.03 ",$0.00 ,11/5/2019,wbra,11/5/2019,wbra,744, - Bair Hugger model62200, - Bair Hugger model62200,62200,,1045420,,10/CS,$69.61 ,5,0,0,,8,Total Tx Amt. $0.00
1, - MCKESSON,1835,,,O,"$1,861.03 ",$0.00 ,11/5/2019,wbra,11/5/2019,wbra,632," - SHARPS, 18 GAL RED CONTAINER"," - SHARPS, 18 GAL RED CONTAINER",862336,HSKPNG  ,862336,,EA,$16.26 ,3,0,0,,8,Total Tx Amt. $0.00
1, - MCKESSON,1835,,,O,"$1,861.03 ",$0.00 ,11/5/2019,wbra,11/5/2019,wbra,624," - MED, OMNIPAQUE 300"," - MED, OMNIPAQUE 300",407141361,MEDS    ,533382,,10/BX,$58.09 ,2,0,0,,8,Total Tx Amt. $0.00
1, - MCKESSON,1835,,,O,"$1,861.03 ",$0.00 ,11/5/2019,wbra,11/5/2019,wbra,421, - SYRINGE LL 20ML, - SYRINGE LL 20ML,1031802,,16-S20C,,100/BX,$19.80 ,2,0,0,,8,Total Tx Amt. $0.00
1, - MCKESSON,1835,,,O,"$1,861.03 ",$0.00 ,11/5/2019,wbra,11/5/2019,wbra,211, - MED PROPOFOL 20ML, - MED PROPOFOL 20ML,989562,IVSUPPLY,989562,,25/BX,$56.86 ,3,0,0,,8,Total Tx Amt. $0.00
1, - MCKESSON,1835,,,O,"$1,861.03 ",$0.00 ,11/5/2019,wbra,11/5/2019,wbra,523, - STERIS CELERITY 20HP BI, - STERIS CELERITY 20HP BI,LCB044,STRL PRO,1086592,,25/BX,$330.60 ,2,0,0,,8,Total Tx Amt. $0.00
1, - MCKESSON,1835,,,O,"$1,861.03 ",$0.00 ,11/5/2019,wbra,11/5/2019,wbra,709," - SUT, LIQUIBAND"," - SUT, LIQUIBAND",122-LBX,SUTURE  ,948660,,10/BX,$186.84 ,2,0,0,,8,Total Tx Amt. $0.00
1, - MCKESSON,1835,,,O,"$1,861.03 ",$0.00 ,11/5/2019,wbra,11/5/2019,wbra,140, - FLUID NACL 3000ML, - FLUID NACL 3000ML,230132,GENERAL ,230132,,4/CS,$34.32 ,3,0,0,,8,Total Tx Amt. $0.00
35, - MINDRAY,1836,,,O,$0.00 ,$0.00 ,11/5/2019,wbra,11/5/2019,wbra,1246," - ANES, NIBP Hose for Passport 12"," - ANES, NIBP Hose for Passport 12",6200-30-09688,,6200-30-09688,,EA,$0.00 ,3,0,0,,1,Total Tx Amt. $0.00
15, - TELEFLEX/ARROW,1837,,,O,$303.00 ,$0.00 ,11/5/2019,wbra,11/5/2019,wbra,519, - ANES LMA 4 EVO, - ANES LMA 4 EVO,1D2040,ANESTHE ,1D2040,,10/BX,$151.50 ,2,0,0,,1,Total Tx Amt. $0.00
2, - CARDINAL HEALTH,1838,,,O,$996.01 ,$0.00 ,11/5/2019,wbra,11/6/2019,wbra,604," - SURGICAL CAP, BOUFANT"," - SURGICAL CAP, BOUFANT",3274,GLV/MSK ,3274,,10/CS,$62.15 ,1,0,0,,8,Total Tx Amt. $0.00
2, - CARDINAL HEALTH,1838,,,O,$996.01 ,$0.00 ,11/5/2019,wbra,11/6/2019,wbra,127, - IV CATH INTROCAN 20X1, - IV CATH INTROCAN 20X1,629114,PACU    ,425254302A,,50/BX,$69.66 ,2,0,0,,8,Total Tx Amt. $0.00
2, - CARDINAL HEALTH,1838,,,O,$996.01 ,$0.00 ,11/5/2019,wbra,11/6/2019,wbra,298, - PREP TRAY IODINE STERILE, - PREP TRAY IODINE STERILE,Nov-08,,Nov-08,,20/CS,$77.40 ,2,0,0,,8,Total Tx Amt. $0.00
2, - CARDINAL HEALTH,1838,,,O,$996.01 ,$0.00 ,11/5/2019,wbra,11/6/2019,wbra,31, - DRAPE CYSTO PACK, - DRAPE CYSTO PACK,SPP99CY1AA,DRAPE   ,SPP99CY1AA,,6/CS,$118.62 ,3,0,0,,8,Total Tx Amt. $0.00
2, - CARDINAL HEALTH,1838,,,O,$996.01 ,$0.00 ,11/5/2019,wbra,11/6/2019,wbra,70, - GLOVE EXAM LARGE NITRILE, - GLOVE EXAM LARGE NITRILE,88TN04L,GENERAL ,88TN04L,,10/CS,$73.30 ,1,0,0,,8,Total Tx Amt. $0.00
2, - CARDINAL HEALTH,1838,,,O,$996.01 ,$0.00 ,11/5/2019,wbra,11/6/2019,wbra,52, - PAD TELFA 3X8, - PAD TELFA 3X8,1238-,DRESSING,1238-,,50/BX,$8.74 ,3,0,0,,8,Total Tx Amt. $0.00
2, - CARDINAL HEALTH,1838,,,O,$996.01 ,$0.00 ,11/5/2019,wbra,11/6/2019,wbra,812, - Sterilization Record Envelpe Attest ETO, - Sterilization Record Envelpe Attest ETO,M1254E-A,STRL PRO,M1254E-A,,100/CS,$46.18 ,2,0,0,,8,Total Tx Amt. $0.00
2, - CARDINAL HEALTH,1838,,,O,$996.01 ,$0.00 ,11/5/2019,wbra,11/6/2019,wbra,542, - DRP PACK MINOR PROCEDURE, - DRP PACK MINOR PROCEDURE,SPP99MN7AA,DRAPE   ,SPP99MN7AA,,4/CS,$92.00 ,1,0,0,,8,Total Tx Amt. $0.00
16, - OLYMPUS,1839,,,O,$135.00 ,$0.00 ,11/5/2019,wbra,11/5/2019,wbra,1248," - Nipple, Blue with Metal Ring"," - Nipple, Blue with Metal Ring",CS-B612,,CS-B612,,12/BX,$135.00 ,1,0,0,,1,Total Tx Amt. $0.00
17, - HEALTHTRONICS MOBILE SOLUTIONS,1840,,,O,$730.00 ,$0.00 ,11/5/2019,wbra,11/5/2019,wbra,1130," - Fiber, 550um Single Use Optical Fiber 60Watt"," - Fiber, 550um Single Use Optical Fiber 60Watt",OAF005511,,OAF005511,,EA,$240.00 ,1,0,0,,2,Total Tx Amt. $0.00
17, - HEALTHTRONICS MOBILE SOLUTIONS,1840,,,O,$730.00 ,$0.00 ,11/5/2019,wbra,11/5/2019,wbra,1132," - Fiber, 1000um Single Use Optical Fiber 60Watt"," - Fiber, 1000um Single Use Optical Fiber 60Watt",OAF009911,,OAF009911,,EA,$490.00 ,1,0,0,,2,Total Tx Amt. $0.00
11, - RICHARD WOLF,1841,,,O,$90.20 ,$0.00 ,11/5/2019,wbra,11/5/2019,wbra,1247," - Wof, Blue Nipple 2mm-3mm"," - Wof, Blue Nipple 2mm-3mm",88.02BL,,88.02BL,,10/BX,$45.10 ,2,0,0,,1,Total Tx Amt. $0.00
1, - MCKESSON,1842,,,O,$753.71 ,$0.00 ,11/5/2019,wbra,11/20/2019,wbra,754," - Nasal Canula, Flared tip"," - Nasal Canula, Flared tip",1104,PACU    ,37358,,50/CS,$15.94 ,2,0,0,,11,Total Tx Amt. $0.00
1, - MCKESSON,1842,,,O,$753.71 ,$0.00 ,11/5/2019,wbra,11/20/2019,wbra,109, - LYSOL AIR FRESHENER, - LYSOL AIR FRESHENER,639579,GENERAL ,639579,,EA,$6.85 ,6,0,0,,11,Total Tx Amt. $0.00
1, - MCKESSON,1842,,,O,$753.71 ,$0.00 ,11/5/2019,wbra,11/20/2019,wbra,850," - Soap, Antimicrobial Soap[ Provon"," - Soap, Antimicrobial Soap[ Provon",,HSKPNG  ,877253,,2/CS,$38.20 ,2,0,0,,11,Total Tx Amt. $0.00
1, - MCKESSON,1842,,,O,$753.71 ,$0.00 ,11/5/2019,wbra,11/20/2019,wbra,868," - Solidifier, Canister Express Maetrex"," - Solidifier, Canister Express Maetrex",50-5058,GENERAL ,444816,11/20/2019,20/BX,$338.29 ,1,0,0,,11,Total Tx Amt. $0.00
1, - MCKESSON,1842,,,O,$753.71 ,$0.00 ,11/5/2019,wbra,11/20/2019,wbra,284, - SUPPORTER ADULT LRG, - SUPPORTER ADULT LRG,452706,DRESSING,452706,,EA,$6.04 ,5,0,0,,11,Total Tx Amt. $0.00
1, - MCKESSON,1842,,,O,$753.71 ,$0.00 ,11/5/2019,wbra,11/20/2019,wbra,377, - FLUID GEL ULTRASOUND 250ML NS, - FLUID GEL ULTRASOUND 250ML NS,16-8919,,1066700,,12/BX,$11.54 ,3,0,0,,11,Total Tx Amt. $0.00
1, - MCKESSON,1842,,,O,$753.71 ,$0.00 ,11/5/2019,wbra,11/20/2019,wbra,38, - DRAPE IOBAN 23X17, - DRAPE IOBAN 23X17,M6650EZ,DRAPE   ,401845,,10/BX,$61.04 ,1,0,0,,11,Total Tx Amt. $0.00
1, - MCKESSON,1842,,,O,$753.71 ,$0.00 ,11/5/2019,wbra,11/20/2019,wbra,379, - FLUID GEL ULTRASOUND 5000ML, - FLUID GEL ULTRASOUND 5000ML,227102,,227102,,EA,$15.11 ,2,0,0,,11,Total Tx Amt. $0.00
1, - MCKESSON,1842,,,O,$753.71 ,$0.00 ,11/5/2019,wbra,11/20/2019,wbra,770," - liner, trash can 60 gal roll"," - liner, trash can 60 gal roll",980394,HSKPNG  ,980394,,20/CS,$27.84 ,1,0,0,,11,Total Tx Amt. $0.00
1, - MCKESSON,1842,,,O,$753.71 ,$0.00 ,11/5/2019,wbra,11/20/2019,wbra,396, - CATH KIT SILICONE FOLEY, - CATH KIT SILICONE FOLEY,3532,,329057,,10/BX,$56.86 ,1,0,0,,11,Total Tx Amt. $0.00
1, - MCKESSON,1842,,,O,$753.71 ,$0.00 ,11/5/2019,wbra,11/20/2019,wbra,1263," - LABEL,  Medication Added"," - LABEL,  Medication Added",SN-2001,PACU    ,296574,,1/RL,$25.26 ,1,0,0,,11,Total Tx Amt. $0.00
4, - COOK MEDICAL,1843,,,O,$544.50 ,$0.00 ,11/5/2019,wbra,11/6/2019,wbra,459, - COOK URETERAL STENT FIRM UNIVERSA, - COOK URETERAL STENT FIRM UNIVERSA,G23406,GENERAL ,G23406,,EA,$49.50 ,6,0,0,,2,Total Tx Amt. $0.00
4, - COOK MEDICAL,1843,,,O,$544.50 ,$0.00 ,11/5/2019,wbra,11/6/2019,wbra,458, - COOK URETERAL STENT FIRM UNIVERSA, - COOK URETERAL STENT FIRM UNIVERSA,G23405,GENERAL ,G23405,,EA,$49.50 ,5,0,0,,2,Total Tx Amt. $0.00
29, - ALLERGAN,1844,,,O,$72.00 ,$0.00 ,11/6/2019,wbra,11/6/2019,wbra,1037," - Needle, injeTAK DIS 199, 35 cm"," - Needle, injeTAK DIS 199, 35 cm",96031,,96031,,2/CS,$72.00 ,1,0,0,,1,Total Tx Amt. $0.00
1, - MCKESSON,1845,,,O,$315.93 ,$0.00 ,11/7/2019,wbra,11/7/2019,wbra,933," - Container, Specimen Container sterile"," - Container, Specimen Container sterile",1053,GENERAL ,337711,,100/BX,$48.65 ,1,0,0,,4,Total Tx Amt. $0.00
1, - MCKESSON,1845,,,O,$315.93 ,$0.00 ,11/7/2019,wbra,11/7/2019,wbra,140, - FLUID NACL 3000ML, - FLUID NACL 3000ML,230132,GENERAL ,230132,,4/CS,$34.32 ,4,0,0,,4,Total Tx Amt. $0.00
1, - MCKESSON,1845,,,O,$315.93 ,$0.00 ,11/7/2019,wbra,11/7/2019,wbra,136, - FLUID LR 1000ML, - FLUID LR 1000ML,515492,GENERAL ,515492,,14/CS,$31.21 ,2,0,0,,4,Total Tx Amt. $0.00
1, - MCKESSON,1845,,,O,$315.93 ,$0.00 ,11/7/2019,wbra,11/7/2019,wbra,151, - FLUID WATER 3000ML, - FLUID WATER 3000ML,200388,GLV/MSK ,200388,,4/CS,$33.79 ,2,0,0,,4,Total Tx Amt. $0.00
27, - BESSE MEDICAL,1846,,,O,$110.40 ,$0.00 ,11/7/2019,wbra,11/7/2019,wbra,885," - Bacitracin, VL PDR 50,000 Units"," - Bacitracin, VL PDR 50,000 Units",255718,GENERAL ,14438,,1/BT,$5.52 ,20,0,0,,1,Total Tx Amt. $0.00
37, - ProPharma Distribution,1847,,,O,$773.00 ,$0.00 ,11/7/2019,wbra,11/7/2019,wbra,1250, - Sensorcaine 0.25% W/EPI  30ml sdv  Bupivicaine, - Sensorcaine 0.25% W/EPI  30ml sdv  Bupivicaine,N/A,,N/A,,25/BX,$773.00 ,1,0,0,,1,Total Tx Amt. $0.00
2, - CARDINAL HEALTH,1848,,,O,$886.05 ,$0.00 ,11/7/2019,wbra,11/11/2019,wbra,685," - SUT, PROLENE 0 30IN MO-6"," - SUT, PROLENE 0 30IN MO-6",8418H,SUTURE  ,8418H,,12/BX,$39.90 ,3,0,0,,7,Total Tx Amt. $0.00
2, - CARDINAL HEALTH,1848,,,O,$886.05 ,$0.00 ,11/7/2019,wbra,11/11/2019,wbra,363, - CONTAINER SUCTION 3000ML, - CONTAINER SUCTION 3000ML,65651-230,GENERAL ,65651-230,,40/CS,$70.47 ,2,0,0,,7,Total Tx Amt. $0.00
2, - CARDINAL HEALTH,1848,,,O,$886.05 ,$0.00 ,11/7/2019,wbra,11/11/2019,wbra,281, - SOCK SLIPPER ADULT XL, - SOCK SLIPPER ADULT XL,68125-GRY,,68125-GRY,,48/BX,$36.48 ,2,0,0,,7,Total Tx Amt. $0.00
2, - CARDINAL HEALTH,1848,,,O,$886.05 ,$0.00 ,11/7/2019,wbra,11/11/2019,wbra,31, - DRAPE CYSTO PACK, - DRAPE CYSTO PACK,SPP99CY1AA,DRAPE   ,SPP99CY1AA,,6/CS,$118.62 ,1,0,0,,7,Total Tx Amt. $0.00
2, - CARDINAL HEALTH,1848,,,O,$886.05 ,$0.00 ,11/7/2019,wbra,11/11/2019,wbra,542, - DRP PACK MINOR PROCEDURE, - DRP PACK MINOR PROCEDURE,SPP99MN7AA,DRAPE   ,SPP99MN7AA,,4/CS,$92.00 ,2,0,0,,7,Total Tx Amt. $0.00
2, - CARDINAL HEALTH,1848,,,O,$886.05 ,$0.00 ,11/7/2019,wbra,11/11/2019,wbra,298, - PREP TRAY IODINE STERILE, - PREP TRAY IODINE STERILE,Nov-08,,Nov-08,,20/CS,$77.40 ,1,0,0,,7,Total Tx Amt. $0.00
2, - CARDINAL HEALTH,1848,,,O,$886.05 ,$0.00 ,11/7/2019,wbra,11/11/2019,wbra,338, - CAUTERY HANDHELD BATT FINE TIP, - CAUTERY HANDHELD BATT FINE TIP,65410-180,,65410-180,,10/BX,$172.43 ,1,0,0,,7,Total Tx Amt. $0.00
1, - MCKESSON,1849,,,O,"$1,777.34 ",$0.00 ,11/8/2019,wbra,11/11/2019,wbra,123, - TOWEL PAPER C-FOLD, - TOWEL PAPER C-FOLD,1040599,GENERAL ,1040599,,1/CS,$18.08 ,2,0,0,,12,Total Tx Amt. $0.00
1, - MCKESSON,1849,,,O,"$1,777.34 ",$0.00 ,11/8/2019,wbra,11/11/2019,wbra,699," - MED, SEVOFLURANE INHAL"," - MED, SEVOFLURANE INHAL",6679401525,MEDS    ,779244,,EA,$128.40 ,6,0,0,,12,Total Tx Amt. $0.00
1, - MCKESSON,1849,,,O,"$1,777.34 ",$0.00 ,11/8/2019,wbra,11/11/2019,wbra,710," - SUPP, NASAL CAN GAS SAMPLE 7'"," - SUPP, NASAL CAN GAS SAMPLE 7'",999489,ANESTHE ,999489,,25/CS,$42.19 ,2,0,0,,12,Total Tx Amt. $0.00
1, - MCKESSON,1849,,,O,"$1,777.34 ",$0.00 ,11/8/2019,wbra,11/11/2019,wbra,211, - MED PROPOFOL 20ML, - MED PROPOFOL 20ML,989562,IVSUPPLY,989562,,25/BX,$56.86 ,2,0,0,,12,Total Tx Amt. $0.00
1, - MCKESSON,1849,,,O,"$1,777.34 ",$0.00 ,11/8/2019,wbra,11/11/2019,wbra,162, - MED ANCEF 1G, - MED ANCEF 1G,1107414,GLV/MSK ,1107414,,25/BX,$33.99 ,2,0,0,,12,Total Tx Amt. $0.00
1, - MCKESSON,1849,,,O,"$1,777.34 ",$0.00 ,11/8/2019,wbra,11/11/2019,wbra,833," - Mask, Anes size 6 Adult Elongated"," - Mask, Anes size 6 Adult Elongated",854706,ANESTHE ,854706,,30/BX,$46.88 ,1,0,0,,12,Total Tx Amt. $0.00
1, - MCKESSON,1849,,,O,"$1,777.34 ",$0.00 ,11/8/2019,wbra,11/11/2019,wbra,870," - GENTAMICIN SULFATE, MDV 40MG/ML 2ML"," - GENTAMICIN SULFATE, MDV 40MG/ML 2ML",401954,MEDS    ,401954,,25/BX,$99.81 ,2,0,0,,12,Total Tx Amt. $0.00
1, - MCKESSON,1849,,,O,"$1,777.34 ",$0.00 ,11/8/2019,wbra,11/11/2019,wbra,767, - Monoject PreFill IV Flush Sodium Chloride, - Monoject PreFill IV Flush Sodium Chloride,8881570121,GENERAL ,472080,,30/BX,$10.00 ,3,0,0,,12,Total Tx Amt. $0.00
1, - MCKESSON,1849,,,O,"$1,777.34 ",$0.00 ,11/8/2019,wbra,11/11/2019,wbra,849," - Lidocaine 1 % HCI Injection, USP 500mg/50ml Multi"," - Lidocaine 1 % HCI Injection, USP 500mg/50ml Multi",239936,,239936,,25/CT,$57.73 ,3,0,0,,12,Total Tx Amt. $0.00
1, - MCKESSON,1849,,,O,"$1,777.34 ",$0.00 ,11/8/2019,wbra,11/11/2019,wbra,1084," - Preservative Free Injextable Saline, 10"," - Preservative Free Injextable Saline, 10",236173,,236173,,25/BX,$36.65 ,1,0,0,,12,Total Tx Amt. $0.00
1, - MCKESSON,1849,,,O,"$1,777.34 ",$0.00 ,11/8/2019,wbra,11/11/2019,wbra,830, - syringe/needle 3cc Blnt LL 18ga x 1 1/2, - syringe/needle 3cc Blnt LL 18ga x 1 1/2,305060,GENERAL ,459506,,100/BX,$11.80 ,3,0,0,,12,Total Tx Amt. $0.00
1, - MCKESSON,1849,,,O,"$1,777.34 ",$0.00 ,11/8/2019,wbra,11/11/2019,wbra,1042," - Meds, Methylprednisolone 40mg/ml"," - Meds, Methylprednisolone 40mg/ml",514379,IVSUPPLY,514379,,25/BX,$182.96 ,1,0,0,,12,Total Tx Amt. $0.00
3, - BOSTON SCIENTIFIC,1850,,,O,"$3,590.24 ",$0.00 ,11/8/2019,wbra,11/8/2019,wbra,645," - BASKET, ZERO TIP 1.9FR X 120CM BOSTON"," - BASKET, ZERO TIP 1.9FR X 120CM BOSTON",M0063901050,GENERAL ,M0063901050,,EA,$348.60 ,6,0,0,,2,Total Tx Amt. $0.00
3, - BOSTON SCIENTIFIC,1850,,,O,"$3,590.24 ",$0.00 ,11/8/2019,wbra,11/8/2019,wbra,446, - BOSTON SCI WIRE GUIDE SENSOR .035 STR, - BOSTON SCI WIRE GUIDE SENSOR .035 STR,M0066703081,GENERAL ,M0066703081,,5/BX,$374.66 ,4,0,0,,2,Total Tx Amt. $0.00
23, - COLOPLAST,1851,,,O,$113.00 ,$0.00 ,11/8/2019,wbra,11/8/2019,wbra,1204," - Access Sheath, Coloplast 10-12 fr x 45cm"," - Access Sheath, Coloplast 10-12 fr x 45cm",AXXL10,,AXXL10,,EA,$113.00 ,1,0,0,,1,Total Tx Amt. $0.00
17, - HEALTHTRONICS MOBILE SOLUTIONS,1852,,,O,$750.00 ,$0.00 ,11/8/2019,wbra,11/8/2019,wbra,531, - LASER FIBER HO 365 SINGLE USE, - LASER FIBER HO 365 SINGLE USE,95612,GENERAL ,95612,,EA,$125.00 ,6,0,0,,1,Total Tx Amt. $0.00
4, - COOK MEDICAL,1853,,,O,"$1,063.92 ",$0.00 ,11/8/2019,wbra,11/8/2019,wbra,459, - COOK URETERAL STENT FIRM UNIVERSA, - COOK URETERAL STENT FIRM UNIVERSA,G23406,GENERAL ,G23406,,EA,$49.50 ,8,0,0,,4,Total Tx Amt. $0.00
4, - COOK MEDICAL,1853,,,O,"$1,063.92 ",$0.00 ,11/8/2019,wbra,11/8/2019,wbra,460, - COOK URETERAL STENT FIRM UNIVERSA, - COOK URETERAL STENT FIRM UNIVERSA,G23407,GENERAL ,G23407,,EA,$49.50 ,4,0,0,,4,Total Tx Amt. $0.00
4, - COOK MEDICAL,1853,,,O,"$1,063.92 ",$0.00 ,11/8/2019,wbra,11/8/2019,wbra,458, - COOK URETERAL STENT FIRM UNIVERSA, - COOK URETERAL STENT FIRM UNIVERSA,G23405,GENERAL ,G23405,,EA,$49.50 ,4,0,0,,4,Total Tx Amt. $0.00
4, - COOK MEDICAL,1853,,,O,"$1,063.92 ",$0.00 ,11/8/2019,wbra,11/8/2019,wbra,465, - COOK OPEN-END URETERAL CATH 5Fr, - COOK OPEN-END URETERAL CATH 5Fr,G14274,GENERAL ,G14274,,10/BX,$90.64 ,3,0,0,,4,Total Tx Amt. $0.00
2, - CARDINAL HEALTH,1854,,,O,$479.28 ,$0.00 ,11/11/2019,wbra,11/11/2019,wbra,39, - DRAPE MAYO STAND COVER, - DRAPE MAYO STAND COVER,8337,DRAPE   ,8337,,30/CS,$28.73 ,1,0,0,,4,Total Tx Amt. $0.00
2, - CARDINAL HEALTH,1854,,,O,$479.28 ,$0.00 ,11/11/2019,wbra,11/11/2019,wbra,33, - DRAPE SURGICAL TOWELS 2PK, - DRAPE SURGICAL TOWELS 2PK,28700-002,DRAPE   ,,,40/CS,$172.40 ,2,0,0,,4,Total Tx Amt. $0.00
2, - CARDINAL HEALTH,1854,,,O,$479.28 ,$0.00 ,11/11/2019,wbra,11/11/2019,wbra,136, - FLUID LR 1000ML, - FLUID LR 1000ML,515492,GENERAL ,L7500,,12/BX,$22.63 ,1,0,0,,4,Total Tx Amt. $0.00
2, - CARDINAL HEALTH,1854,,,O,$479.28 ,$0.00 ,11/11/2019,wbra,11/11/2019,wbra,140, - FLUID NACL 3000ML, - FLUID NACL 3000ML,230132,GENERAL ,R8206,,4/BX,$41.56 ,2,0,0,,4,Total Tx Amt. $0.00
19, - STRAND DX,1855,,,O,$0.00 ,$0.00 ,11/11/2019,wbra,11/11/2019,wbra,563," - BIOPSY KIT, KNOW ERROR"," - BIOPSY KIT, KNOW ERROR",KIT,GENERAL ,KIT,,12/BX,$0.00 ,3,0,0,,1,Total Tx Amt. $0.00
21, - BK Medical,1856,,,O,$885.00 ,$0.00 ,11/11/2019,wbra,11/12/2019,wbra,723," - SUPP, ULTRASOUND GUIDE, BK"," - SUPP, ULTRASOUND GUIDE, BK",UA1322-S,GENERAL ,UA1322-S,,18/CS,$295.00 ,3,0,0,,1,Total Tx Amt. $0.00
23, - COLOPLAST,1857,,,O,"$1,882.00 ",$0.00 ,11/12/2019,wbra,11/12/2019,wbra,657," - IMPLANT, TUTOPERICARDIUM 6X6"," - IMPLANT, TUTOPERICARDIUM 6X6",93-8266,GENERAL ,93-8266,,EA,"$1,882.00 ",1,0,0,,1,Total Tx Amt. $0.00
1, - MCKESSON,1858,,,O,$658.87 ,$0.00 ,11/12/2019,wbra,11/13/2019,wbra,108, - HAND SCRUB SURGICAL BRUSH CHG 4%, - HAND SCRUB SURGICAL BRUSH CHG 4%,371073,GENERAL ,436489,,30/BX,$38.40 ,2,0,0,,12,Total Tx Amt. $0.00
1, - MCKESSON,1858,,,O,$658.87 ,$0.00 ,11/12/2019,wbra,11/13/2019,wbra,1251," - Needle, Blunt Fill 18ga x 1 1/2"," - Needle, Blunt Fill 18ga x 1 1/2",16-305180,PACU    ,1114988,,100/BX,$7.50 ,2,0,0,,12,Total Tx Amt. $0.00
1, - MCKESSON,1858,,,O,$658.87 ,$0.00 ,11/12/2019,wbra,11/13/2019,wbra,1242, - Ice Melt, - Ice Melt,641995,,641995,,EA,$16.29 ,2,0,0,,12,Total Tx Amt. $0.00
1, - MCKESSON,1858,,,O,$658.87 ,$0.00 ,11/12/2019,wbra,11/13/2019,wbra,1255," - Urine Drain Bag, Sterile 2000 ML"," - Urine Drain Bag, Sterile 2000 ML",761652,,150852,,20/BX,$29.61 ,1,0,0,,12,Total Tx Amt. $0.00
1, - MCKESSON,1858,,,O,$658.87 ,$0.00 ,11/12/2019,wbra,11/13/2019,wbra,1256," - Generic Equivalent to Xylocaine? Lidocaine HCl, Pr"," - Generic Equivalent to Xylocaine? Lidocaine HCl, Pr",1016145,,1016145,,10/BX,$22.22 ,2,0,0,,12,Total Tx Amt. $0.00
1, - MCKESSON,1858,,,O,$658.87 ,$0.00 ,11/12/2019,wbra,11/13/2019,wbra,726," - SUPP, Y TUBING"," - SUPP, Y TUBING",2C4005,GENERAL ,200390,,12/BX,$121.28 ,1,0,0,,12,Total Tx Amt. $0.00
1, - MCKESSON,1858,,,O,$658.87 ,$0.00 ,11/12/2019,wbra,11/13/2019,wbra,377, - FLUID GEL ULTRASOUND 250ML NS, - FLUID GEL ULTRASOUND 250ML NS,16-8919,,1066700,,12/BX,$11.54 ,1,0,0,,12,Total Tx Amt. $0.00
1, - MCKESSON,1858,,,O,$658.87 ,$0.00 ,11/12/2019,wbra,11/13/2019,wbra,284, - SUPPORTER ADULT LRG, - SUPPORTER ADULT LRG,452706,DRESSING,452706,,EA,$6.04 ,5,0,0,,12,Total Tx Amt. $0.00
1, - MCKESSON,1858,,,O,$658.87 ,$0.00 ,11/12/2019,wbra,11/13/2019,wbra,342, - CONTAINER BIO WASTE 5QT RED, - CONTAINER BIO WASTE 5QT RED,2262,,881399,,10/BX,$33.31 ,1,0,0,,12,Total Tx Amt. $0.00
1, - MCKESSON,1858,,,O,$658.87 ,$0.00 ,11/12/2019,wbra,11/13/2019,wbra,624," - MED, OMNIPAQUE 300"," - MED, OMNIPAQUE 300",407141361,MEDS    ,533382,,10/BX,$58.09 ,2,0,0,,12,Total Tx Amt. $0.00
1, - MCKESSON,1858,,,O,$658.87 ,$0.00 ,11/12/2019,wbra,11/13/2019,wbra,1257," - PACU, IV Flow Controller"," - PACU, IV Flow Controller",AFS107,,772991,,50/BX,$100.39 ,1,0,0,,12,Total Tx Amt. $0.00
1, - MCKESSON,1858,,,O,$658.87 ,$0.00 ,11/12/2019,wbra,11/13/2019,wbra,148, - FLUID WATER 500ML BOTTLE, - FLUID WATER 500ML BOTTLE,161730,GENERAL ,161730,,16/cs,$23.77 ,2,0,0,,12,Total Tx Amt. $0.00
2, - CARDINAL HEALTH,1859,,,O,"$2,006.71 ",$0.00 ,11/12/2019,wbra,11/13/2019,wbra,936," - fluid, Sod Chl, 0.9 % 100Ml bag"," - fluid, Sod Chl, 0.9 % 100Ml bag",161938,GENERAL ,S8004-5264,,1/BX,$77.77 ,2,0,0,,18,Total Tx Amt. $0.00
2, - CARDINAL HEALTH,1859,,,O,"$2,006.71 ",$0.00 ,11/12/2019,wbra,11/13/2019,wbra,396, - CATH KIT SILICONE FOLEY, - CATH KIT SILICONE FOLEY,3532,,3532,,10/BX,$42.35 ,1,0,0,,18,Total Tx Amt. $0.00
2, - CARDINAL HEALTH,1859,,,O,"$2,006.71 ",$0.00 ,11/12/2019,wbra,11/13/2019,wbra,1020," - Drain, Penrose 3/4 Sterile"," - Drain, Penrose 3/4 Sterile",30414-075,GENERAL ,30414-075,,10/BX,$7.65 ,1,0,0,,18,Total Tx Amt. $0.00
2, - CARDINAL HEALTH,1859,,,O,"$2,006.71 ",$0.00 ,11/12/2019,wbra,11/13/2019,wbra,26," - DRAPE SHEET, THREE QUARTER"," - DRAPE SHEET, THREE QUARTER",9349,ANESTHE ,9349,,20/CS,$29.43 ,1,0,0,,18,Total Tx Amt. $0.00
2, - CARDINAL HEALTH,1859,,,O,"$2,006.71 ",$0.00 ,11/12/2019,wbra,11/13/2019,wbra,35, - DRAPE UNDER BUTT W/ POUCH, - DRAPE UNDER BUTT W/ POUCH,8484,DRAPE   ,8484,,20/CS,$67.22 ,1,0,0,,18,Total Tx Amt. $0.00
2, - CARDINAL HEALTH,1859,,,O,"$2,006.71 ",$0.00 ,11/12/2019,wbra,11/13/2019,wbra,33, - DRAPE SURGICAL TOWELS 2PK, - DRAPE SURGICAL TOWELS 2PK,28700-002,DRAPE   ,,,40/CS,$172.40 ,1,0,0,,18,Total Tx Amt. $0.00
2, - CARDINAL HEALTH,1859,,,O,"$2,006.71 ",$0.00 ,11/12/2019,wbra,11/13/2019,wbra,31, - DRAPE CYSTO PACK, - DRAPE CYSTO PACK,SPP99CY1AA,DRAPE   ,SPP99CY1AA,,6/CS,$118.62 ,2,0,0,,18,Total Tx Amt. $0.00
2, - CARDINAL HEALTH,1859,,,O,"$2,006.71 ",$0.00 ,11/12/2019,wbra,11/13/2019,wbra,347, - CAUTERY HANDHELD PUSH BUTTON HOLSTER, - CAUTERY HANDHELD PUSH BUTTON HOLSTER,E2516H,,E2516HA,,50/CS,$255.59 ,1,0,0,,18,Total Tx Amt. $0.00
2, - CARDINAL HEALTH,1859,,,O,"$2,006.71 ",$0.00 ,11/12/2019,wbra,11/13/2019,wbra,796," - King UltraFlex 72"" breathing circuit"," - King UltraFlex 72"" breathing circuit",,ANESTHE ,8753F6121Z,,30/BX,$199.55 ,2,0,0,,18,Total Tx Amt. $0.00
2, - CARDINAL HEALTH,1859,,,O,"$2,006.71 ",$0.00 ,11/12/2019,wbra,11/13/2019,wbra,633," - TUBING, SUCTION NS BUBBLE"," - TUBING, SUCTION NS BUBBLE",8888280412,GLV/MSK ,8888280412,,EA,$8.80 ,3,0,0,,18,Total Tx Amt. $0.00
2, - CARDINAL HEALTH,1859,,,O,"$2,006.71 ",$0.00 ,11/12/2019,wbra,11/13/2019,wbra,967," - Tape, Durapore 2"" Silk Tape, 3M"," - Tape, Durapore 2"" Silk Tape, 3M",1538-2,GENERAL ,M1538-2,,6/BX,$7.91 ,2,0,0,,18,Total Tx Amt. $0.00
2, - CARDINAL HEALTH,1859,,,O,"$2,006.71 ",$0.00 ,11/12/2019,wbra,11/13/2019,wbra,71, - GLOVE EXAM SMALL NITRILE, - GLOVE EXAM SMALL NITRILE,88TN02S,GENERAL ,88TN02S,,10/CS,$73.30 ,2,0,0,,18,Total Tx Amt. $0.00
2, - CARDINAL HEALTH,1859,,,O,"$2,006.71 ",$0.00 ,11/12/2019,wbra,11/13/2019,wbra,99, - GLOVE PROTEXIS PI 6 LATEX FREE, - GLOVE PROTEXIS PI 6 LATEX FREE,2D72PT60X,GENERAL ,2D72PT60X,,50/BX,$89.45 ,1,0,0,,18,Total Tx Amt. $0.00
2, - CARDINAL HEALTH,1859,,,O,"$2,006.71 ",$0.00 ,11/12/2019,wbra,11/13/2019,wbra,100, - GLOVE PROTEXIS PI 6.5 LATEX FREE, - GLOVE PROTEXIS PI 6.5 LATEX FREE,2D72PT65X,GENERAL ,2D72PT65X,,50/BX,$89.45 ,1,0,0,,18,Total Tx Amt. $0.00
2, - CARDINAL HEALTH,1859,,,O,"$2,006.71 ",$0.00 ,11/12/2019,wbra,11/13/2019,wbra,101, - GLOVE PROTEXIS PI 7 LATEX FREE, - GLOVE PROTEXIS PI 7 LATEX FREE,2D72PT70X,GENERAL ,2D72PT70X,,50/BX,$89.45 ,1,0,0,,18,Total Tx Amt. $0.00
2, - CARDINAL HEALTH,1859,,,O,"$2,006.71 ",$0.00 ,11/12/2019,wbra,11/13/2019,wbra,102, - GLOVE PROTEXIS PI 7.5 LATEX FREE, - GLOVE PROTEXIS PI 7.5 LATEX FREE,2D72PT75X,GENERAL ,2D72PT75X,,50/BX,$89.45 ,1,0,0,,18,Total Tx Amt. $0.00
2, - CARDINAL HEALTH,1859,,,O,"$2,006.71 ",$0.00 ,11/12/2019,wbra,11/13/2019,wbra,36, - GOWN LARGE, - GOWN LARGE,9515,DRAPE   ,9515,,20/CS,$47.72 ,1,0,0,,18,Total Tx Amt. $0.00
2, - CARDINAL HEALTH,1859,,,O,"$2,006.71 ",$0.00 ,11/12/2019,wbra,11/13/2019,wbra,106, - GOWN XLARGE, - GOWN XLARGE,9545,GENERAL ,9545,,20/CS,$45.85 ,1,0,0,,18,Total Tx Amt. $0.00
27, - BESSE MEDICAL,1860,,,O,$100.61 ,$0.00 ,11/12/2019,wbra,11/12/2019,wbra,1252," - MEDS, Amphotericin B 50mg Powder for Injection SDV"," - MEDS, Amphotericin B 50mg Powder for Injection SDV",11453,,11453,,EA,$40.99 ,2,0,0,,2,Total Tx Amt. $0.00
27, - BESSE MEDICAL,1860,,,O,$100.61 ,$0.00 ,11/12/2019,wbra,11/12/2019,wbra,897," - Meds, Levaquin, Tablets 500Mg bottle"," - Meds, Levaquin, Tablets 500Mg bottle",793832,PACU    ,47902,,1/BT,$6.21 ,3,0,0,,2,Total Tx Amt. $0.00
4, - COOK MEDICAL,1861,,,O,$212.56 ,$0.00 ,11/12/2019,wbra,11/12/2019,wbra,464, - COOK CONE TIP URETERAL CATH 8FR, - COOK CONE TIP URETERAL CATH 8FR,G14663,GENERAL ,G14663,,10/BX,$106.28 ,2,0,0,,1,Total Tx Amt. $0.00
15, - TELEFLEX/ARROW,1862,,,O,$307.00 ,$0.00 ,11/12/2019,wbra,11/12/2019,wbra,1253, - Ligating Clip Hemoclip Micro, - Ligating Clip Hemoclip Micro,5200,,5200,,30/BX,$117.00 ,1,0,0,,2,Total Tx Amt. $0.00
15, - TELEFLEX/ARROW,1862,,,O,$307.00 ,$0.00 ,11/12/2019,wbra,11/12/2019,wbra,1254, - Weck Micro Hemoclip Applier, - Weck Micro Hemoclip Applier,537061,,537061,,EA,$95.00 ,2,0,0,,2,Total Tx Amt. $0.00
2, - CARDINAL HEALTH,1863,,,O,$408.36 ,$0.00 ,11/13/2019,wbra,11/14/2019,wbra,1009," - Vessel Loop, MINI BLUE"," - Vessel Loop, MINI BLUE",31145702,GENERAL ,31145702,,10/BX,$19.61 ,1,0,0,,3,Total Tx Amt. $0.00
2, - CARDINAL HEALTH,1863,,,O,$408.36 ,$0.00 ,11/13/2019,wbra,11/14/2019,wbra,409, - SUTURE MONOCRYL 4-0 18IN, - SUTURE MONOCRYL 4-0 18IN,Y496G,,Y496G,,12/BX,$69.64 ,4,0,0,,3,Total Tx Amt. $0.00
2, - CARDINAL HEALTH,1863,,,O,$408.36 ,$0.00 ,11/13/2019,wbra,11/14/2019,wbra,405, - SUTURE CHROMIC 3-0 SH 27IN, - SUTURE CHROMIC 3-0 SH 27IN,G122H,,G122H,,36/BX,$110.19 ,1,0,0,,3,Total Tx Amt. $0.00
23, - COLOPLAST,1864,,,O,"$10,321.00 ",$0.00 ,11/14/2019,wbra,11/14/2019,wbra,899," - Impl, Assembly Kit"," - Impl, Assembly Kit",91-9480SC,,91-9480SC,,EA,$486.00 ,1,0,0,Batch Code 6996062,3,Total Tx Amt. $0.00
23, - COLOPLAST,1864,,,O,"$10,321.00 ",$0.00 ,11/14/2019,wbra,11/14/2019,wbra,916," - Impl, Touch Scrotal Zero Degree Angle C;ylinder wi"," - Impl, Touch Scrotal Zero Degree Angle C;ylinder wi",ES2922,,ES2922,,EA,"$8,064.00 ",1,0,0,Batch Code 7007426,3,Total Tx Amt. $0.00
23, - COLOPLAST,1864,,,O,"$10,321.00 ",$0.00 ,11/14/2019,wbra,11/14/2019,wbra,808," - IMP, TITAN RESERVOIR ECLD 125CC"," - IMP, TITAN RESERVOIR ECLD 125CC",ER8125,GENERAL ,ER8125,,EA,"$1,771.00 ",1,0,0,Batch Code 6945929,3,Total Tx Amt. $0.00
2, - CARDINAL HEALTH,1865,,,O,"$3,783.33 ",$0.00 ,11/14/2019,wbra,11/18/2019,wbra,36, - GOWN LARGE, - GOWN LARGE,9515,DRAPE   ,9515,,20/CS,$47.72 ,2,0,0,,25,Total Tx Amt. $0.00
2, - CARDINAL HEALTH,1865,,,O,"$3,783.33 ",$0.00 ,11/14/2019,wbra,11/18/2019,wbra,106, - GOWN XLARGE, - GOWN XLARGE,9545,GENERAL ,9545,,20/CS,$45.85 ,2,0,0,,25,Total Tx Amt. $0.00
2, - CARDINAL HEALTH,1865,,,O,"$3,783.33 ",$0.00 ,11/14/2019,wbra,11/18/2019,wbra,32, - DRAPE SURGICAL LEGGINGS, - DRAPE SURGICAL LEGGINGS,8421,DRAPE   ,8421,,20/CS,$43.60 ,1,0,0,,25,Total Tx Amt. $0.00
2, - CARDINAL HEALTH,1865,,,O,"$3,783.33 ",$0.00 ,11/14/2019,wbra,11/18/2019,wbra,140, - FLUID NACL 3000ML, - FLUID NACL 3000ML,230132,GENERAL ,R8206,,4/BX,$41.56 ,6,0,0,,25,Total Tx Amt. $0.00
2, - CARDINAL HEALTH,1865,,,O,"$3,783.33 ",$0.00 ,11/14/2019,wbra,11/18/2019,wbra,135, - FLUID LR 1000ML, - FLUID LR 1000ML,208829,GENERAL ,L7500,,12/BX,$22.63 ,2,0,0,,25,Total Tx Amt. $0.00
2, - CARDINAL HEALTH,1865,,,O,"$3,783.33 ",$0.00 ,11/14/2019,wbra,11/18/2019,wbra,404, - SUTURE CHROMIC 4-0 18IN P-3, - SUTURE CHROMIC 4-0 18IN P-3,1654G,,1654G,,12/BX,$72.97 ,1,0,0,,25,Total Tx Amt. $0.00
2, - CARDINAL HEALTH,1865,,,O,"$3,783.33 ",$0.00 ,11/14/2019,wbra,11/18/2019,wbra,358, - MARKER SKIN WITH LABELS STER, - MARKER SKIN WITH LABELS STER,250GPRL-V,GENERAL ,250GPRL-V,,50/BX,$32.68 ,2,0,0,,25,Total Tx Amt. $0.00
2, - CARDINAL HEALTH,1865,,,O,"$3,783.33 ",$0.00 ,11/14/2019,wbra,11/18/2019,wbra,127, - IV CATH INTROCAN 20X1, - IV CATH INTROCAN 20X1,629114,PACU    ,425254302A,,50/BX,$85.37 ,2,0,0,,25,Total Tx Amt. $0.00
2, - CARDINAL HEALTH,1865,,,O,"$3,783.33 ",$0.00 ,11/14/2019,wbra,11/18/2019,wbra,542, - DRP PACK MINOR PROCEDURE, - DRP PACK MINOR PROCEDURE,SPP99MN7AA,DRAPE   ,SPP99MN7AA,,4/CS,$92.00 ,4,0,0,,25,Total Tx Amt. $0.00
2, - CARDINAL HEALTH,1865,,,O,"$3,783.33 ",$0.00 ,11/14/2019,wbra,11/18/2019,wbra,67, - TAPE STERI STRIP 0.5X4IN, - TAPE STERI STRIP 0.5X4IN,S1047,DRESSING,S1047,,50/CS,$85.99 ,1,0,0,,25,Total Tx Amt. $0.00
2, - CARDINAL HEALTH,1865,,,O,"$3,783.33 ",$0.00 ,11/14/2019,wbra,11/18/2019,wbra,422, - DISINFECT CAVIWIPE 1MIN, - DISINFECT CAVIWIPE 1MIN,MX13-1150,HSKPNG  ,MX13-1150,,12/BX,$59.90 ,1,0,0,,25,Total Tx Amt. $0.00
2, - CARDINAL HEALTH,1865,,,O,"$3,783.33 ",$0.00 ,11/14/2019,wbra,11/18/2019,wbra,340, - CAUTERY BIPOLAR CABLE 11FT, - CAUTERY BIPOLAR CABLE 11FT,88-001000,,88-001000,,10/BX,$17.46 ,2,0,0,,25,Total Tx Amt. $0.00
2, - CARDINAL HEALTH,1865,,,O,"$3,783.33 ",$0.00 ,11/14/2019,wbra,11/18/2019,wbra,363, - CONTAINER SUCTION 3000ML, - CONTAINER SUCTION 3000ML,65651-230,GENERAL ,65651-230,,40/CS,$70.47 ,2,0,0,,25,Total Tx Amt. $0.00
2, - CARDINAL HEALTH,1865,,,O,"$3,783.33 ",$0.00 ,11/14/2019,wbra,11/18/2019,wbra,31, - DRAPE CYSTO PACK, - DRAPE CYSTO PACK,SPP99CY1AA,DRAPE   ,SPP99CY1AA,,6/CS,$118.62 ,3,0,0,,25,Total Tx Amt. $0.00
2, - CARDINAL HEALTH,1865,,,O,"$3,783.33 ",$0.00 ,11/14/2019,wbra,11/18/2019,wbra,1006, - Weck Spears, - Weck Spears,30-049,,D30-049,,10/BX,$20.65 ,2,0,0,,25,Total Tx Amt. $0.00
2, - CARDINAL HEALTH,1865,,,O,"$3,783.33 ",$0.00 ,11/14/2019,wbra,11/18/2019,wbra,322, - WRAP DOUBLE LAYER 24X24, - WRAP DOUBLE LAYER 24X24,CH2G0024,,CH2G0024,,2400/CS,$126.57 ,1,0,0,,25,Total Tx Amt. $0.00
2, - CARDINAL HEALTH,1865,,,O,"$3,783.33 ",$0.00 ,11/14/2019,wbra,11/18/2019,wbra,323, - WRAP DOUBLE LAYER 36X36, - WRAP DOUBLE LAYER 36X36,CH5G0036,,CH5G0036,,75/PK,$121.13 ,2,0,0,,25,Total Tx Amt. $0.00
2, - CARDINAL HEALTH,1865,,,O,"$3,783.33 ",$0.00 ,11/14/2019,wbra,11/18/2019,wbra,313, - WRAP TRAY LINER WHT, - WRAP TRAY LINER WHT,KM10502B,STRL PRO,KM10502B,,4000/CS,$55.13 ,2,0,0,,25,Total Tx Amt. $0.00
2, - CARDINAL HEALTH,1865,,,O,"$3,783.33 ",$0.00 ,11/14/2019,wbra,11/18/2019,wbra,670," - ANES, AIRWAY, LMA IGEL 4"," - ANES, AIRWAY, LMA IGEL 4",8204000,ANESTHE ,I8204,,25/CS,$261.88 ,2,0,0,,25,Total Tx Amt. $0.00
2, - CARDINAL HEALTH,1865,,,O,"$3,783.33 ",$0.00 ,11/14/2019,wbra,11/18/2019,wbra,796," - King UltraFlex 72"" breathing circuit"," - King UltraFlex 72"" breathing circuit",,ANESTHE ,8753F6121Z,,30/BX,$199.55 ,2,0,0,,25,Total Tx Amt. $0.00
2, - CARDINAL HEALTH,1865,,,O,"$3,783.33 ",$0.00 ,11/14/2019,wbra,11/18/2019,wbra,908," - Anes, Airway I-Gel 5"," - Anes, Airway I-Gel 5",961011,ANESTHE ,8705030,,6/BX,$125.70 ,1,0,0,,25,Total Tx Amt. $0.00
2, - CARDINAL HEALTH,1865,,,O,"$3,783.33 ",$0.00 ,11/14/2019,wbra,11/18/2019,wbra,100, - GLOVE PROTEXIS PI 6.5 LATEX FREE, - GLOVE PROTEXIS PI 6.5 LATEX FREE,2D72PT65X,GENERAL ,2D72PT65X,,50/BX,$89.45 ,1,0,0,,25,Total Tx Amt. $0.00
2, - CARDINAL HEALTH,1865,,,O,"$3,783.33 ",$0.00 ,11/14/2019,wbra,11/18/2019,wbra,101, - GLOVE PROTEXIS PI 7 LATEX FREE, - GLOVE PROTEXIS PI 7 LATEX FREE,2D72PT70X,GENERAL ,2D72PT70X,,50/BX,$89.45 ,1,0,0,,25,Total Tx Amt. $0.00
2, - CARDINAL HEALTH,1865,,,O,"$3,783.33 ",$0.00 ,11/14/2019,wbra,11/18/2019,wbra,102, - GLOVE PROTEXIS PI 7.5 LATEX FREE, - GLOVE PROTEXIS PI 7.5 LATEX FREE,2D72PT75X,GENERAL ,2D72PT75X,,50/BX,$89.45 ,1,0,0,,25,Total Tx Amt. $0.00
2, - CARDINAL HEALTH,1865,,,O,"$3,783.33 ",$0.00 ,11/14/2019,wbra,11/18/2019,wbra,38, - DRAPE IOBAN 23X17, - DRAPE IOBAN 23X17,M6650EZ,DRAPE   ,M6650EZ,,10/BX,$65.99 ,1,0,0,,25,Total Tx Amt. $0.00
1, - MCKESSON,1866,,,O,$862.04 ,$0.00 ,11/14/2019,wbra,11/14/2019,wbra,135, - FLUID LR 1000ML, - FLUID LR 1000ML,208829,GENERAL ,208829,,14/CS,$38.86 ,3,0,0,,5,Total Tx Amt. $0.00
1, - MCKESSON,1866,,,O,$862.04 ,$0.00 ,11/14/2019,wbra,11/14/2019,wbra,1087," - Pillow, bed pillow"," - Pillow, bed pillow",939590,,939590,,EA,$5.91 ,6,0,0,,5,Total Tx Amt. $0.00
1, - MCKESSON,1866,,,O,$862.04 ,$0.00 ,11/14/2019,wbra,11/14/2019,wbra,740," - MEDS, VANCOMYCIN 500MG SDV"," - MEDS, VANCOMYCIN 500MG SDV",45265,MEDS    ,1078985,,10/BX,$37.08 ,2,0,0,,5,Total Tx Amt. $0.00
1, - MCKESSON,1866,,,O,$862.04 ,$0.00 ,11/14/2019,wbra,11/14/2019,wbra,630," - MED, CEFTRIAXONE 1GM"," - MED, CEFTRIAXONE 1GM",44567070125,ANESTHE ,1065361,,25/BX,$40.17 ,2,0,0,,5,Total Tx Amt. $0.00
1, - MCKESSON,1866,,,O,$862.04 ,$0.00 ,11/14/2019,wbra,11/14/2019,wbra,1256," - Generic Equivalent to Xylocaine? Lidocaine HCl, Pr"," - Generic Equivalent to Xylocaine? Lidocaine HCl, Pr",1016145,,1016145,,10/BX,$22.22 ,25,0,0,,5,Total Tx Amt. $0.00
27, - BESSE MEDICAL,1867,,,O,$508.71 ,$0.00 ,11/14/2019,wbra,11/14/2019,wbra,1079," - Meds, Caverject 10MCG  Kit, Single Dose"," - Meds, Caverject 10MCG  Kit, Single Dose",30097,,30097,,2/CS,$169.57 ,3,0,0,,1,Total Tx Amt. $0.00
15, - TELEFLEX/ARROW,1868,,,O,$757.50 ,$0.00 ,11/14/2019,wbra,11/14/2019,wbra,519, - ANES LMA 4 EVO, - ANES LMA 4 EVO,1D2040,ANESTHE ,1D2040,,10/BX,$151.50 ,5,0,0,,1,Total Tx Amt. $0.00
17, - HEALTHTRONICS MOBILE SOLUTIONS,1869,,,O,"$2,380.00 ",$0.00 ,11/15/2019,wbra,11/15/2019,wbra,1132," - Fiber, 1000um Single Use Optical Fiber 60Watt"," - Fiber, 1000um Single Use Optical Fiber 60Watt",OAF009911,,OAF009911,,EA,$490.00 ,2,0,0,,5,Total Tx Amt. $0.00
17, - HEALTHTRONICS MOBILE SOLUTIONS,1869,,,O,"$2,380.00 ",$0.00 ,11/15/2019,wbra,11/15/2019,wbra,1129," - Fiber, 365um Single Use Optical Fiber 60Watt"," - Fiber, 365um Single Use Optical Fiber 60Watt",OAF703611,,OAF703611,,EA,$200.00 ,2,0,0,,5,Total Tx Amt. $0.00
17, - HEALTHTRONICS MOBILE SOLUTIONS,1869,,,O,"$2,380.00 ",$0.00 ,11/15/2019,wbra,11/15/2019,wbra,531, - LASER FIBER HO 365 SINGLE USE, - LASER FIBER HO 365 SINGLE USE,95612,GENERAL ,95612,,EA,$125.00 ,2,0,0,,5,Total Tx Amt. $0.00
17, - HEALTHTRONICS MOBILE SOLUTIONS,1869,,,O,"$2,380.00 ",$0.00 ,11/15/2019,wbra,11/15/2019,wbra,530, - LASER FIBER HO 272 SINGLE USE, - LASER FIBER HO 272 SINGLE USE,95448,GENERAL ,95448,,EA,$125.00 ,2,0,0,,5,Total Tx Amt. $0.00
17, - HEALTHTRONICS MOBILE SOLUTIONS,1869,,,O,"$2,380.00 ",$0.00 ,11/15/2019,wbra,11/15/2019,wbra,529, - LASER FIBER HO 200 SINGLE USE, - LASER FIBER HO 200 SINGLE USE,95193,GENERAL ,95193,,EA,$125.00 ,4,0,0,,5,Total Tx Amt. $0.00
1, - MCKESSON,1870,,,O,$504.98 ,$0.00 ,11/15/2019,wbra,11/15/2019,wbra,15, - ANES ADULT MASK SIZE 5, - ANES ADULT MASK SIZE 5,204234,ANESTHE ,204234,,50/CS,$88.77 ,1,0,0,,7,Total Tx Amt. $0.00
1, - MCKESSON,1870,,,O,$504.98 ,$0.00 ,11/15/2019,wbra,11/15/2019,wbra,833," - Mask, Anes size 6 Adult Elongated"," - Mask, Anes size 6 Adult Elongated",854706,ANESTHE ,854706,,30/BX,$46.88 ,2,0,0,,7,Total Tx Amt. $0.00
1, - MCKESSON,1870,,,O,$504.98 ,$0.00 ,11/15/2019,wbra,11/15/2019,wbra,162, - MED ANCEF 1G, - MED ANCEF 1G,1107414,GLV/MSK ,1107414,,25/BX,$33.99 ,3,0,0,,7,Total Tx Amt. $0.00
1, - MCKESSON,1870,,,O,$504.98 ,$0.00 ,11/15/2019,wbra,11/15/2019,wbra,710," - SUPP, NASAL CAN GAS SAMPLE 7'"," - SUPP, NASAL CAN GAS SAMPLE 7'",999489,ANESTHE ,999489,,25/CS,$42.19 ,2,0,0,,7,Total Tx Amt. $0.00
1, - MCKESSON,1870,,,O,$504.98 ,$0.00 ,11/15/2019,wbra,11/15/2019,wbra,211, - MED PROPOFOL 20ML, - MED PROPOFOL 20ML,989562,IVSUPPLY,989562,,25/BX,$56.86 ,2,0,0,,7,Total Tx Amt. $0.00
1, - MCKESSON,1870,,,O,$504.98 ,$0.00 ,11/15/2019,wbra,11/15/2019,wbra,619," - ANES, AIRWAY ORAL 90MM YELLOW"," - ANES, AIRWAY ORAL 90MM YELLOW",122790A,ANESTHE ,741312,,10/BX,$3.69 ,2,0,0,,7,Total Tx Amt. $0.00
1, - MCKESSON,1870,,,O,$504.98 ,$0.00 ,11/15/2019,wbra,11/15/2019,wbra,420, - SYRINGE LL 10ML, - SYRINGE LL 10ML,1031801,,1031801,,100/BX,$7.50 ,2,0,0,,7,Total Tx Amt. $0.00
27, - BESSE MEDICAL,1871,,,O,"$1,157.04 ",$0.00 ,11/15/2019,wbra,11/15/2019,wbra,648," - MED, RIFADIN IV 600MG 25ML"," - MED, RIFADIN IV 600MG 25ML",00068-0597-01,MEDS    ,10820,,EA,$192.84 ,6,0,0,,1,Total Tx Amt. $0.00
4, - COOK MEDICAL,1872,,,O,"$1,165.50 ",$0.00 ,11/15/2019,wbra,11/15/2019,wbra,460, - COOK URETERAL STENT FIRM UNIVERSA, - COOK URETERAL STENT FIRM UNIVERSA,G23407,GENERAL ,G23407,,EA,$49.50 ,4,0,0,,4,Total Tx Amt. $0.00
4, - COOK MEDICAL,1872,,,O,"$1,165.50 ",$0.00 ,11/15/2019,wbra,11/15/2019,wbra,440, - COOK WIRE GUIDE MOTION .035 STRAIGHT, - COOK WIRE GUIDE MOTION .035 STRAIGHT,G44846,GENERAL ,G44846,,5/BX,$240.00 ,3,0,0,,4,Total Tx Amt. $0.00
4, - COOK MEDICAL,1872,,,O,"$1,165.50 ",$0.00 ,11/15/2019,wbra,11/15/2019,wbra,455, - COOK URETERAL STENT FIRM UNIVERSA 5FR X 24, - COOK URETERAL STENT FIRM UNIVERSA 5FR X 24,G23397,GENERAL ,G23397,,EA,$49.50 ,2,0,0,Nov 21st,4,Total Tx Amt. $0.00
4, - COOK MEDICAL,1872,,,O,"$1,165.50 ",$0.00 ,11/15/2019,wbra,11/15/2019,wbra,456, - COOK URETERAL STENT FIRM UNIVERSA 5FR X 26, - COOK URETERAL STENT FIRM UNIVERSA 5FR X 26,G23398,GENERAL ,G23398,,EA,$49.50 ,3,0,0,w/o 4/18,4,Total Tx Amt. $0.00
3, - BOSTON SCIENTIFIC,1873,,,O,"$4,795.70 ",$0.00 ,11/15/2019,wbra,11/15/2019,wbra,446, - BOSTON SCI WIRE GUIDE SENSOR .035 STR, - BOSTON SCI WIRE GUIDE SENSOR .035 STR,M0066703081,GENERAL ,M0066703081,,5/BX,$374.66 ,3,0,0,,6,Total Tx Amt. $0.00
3, - BOSTON SCIENTIFIC,1873,,,O,"$4,795.70 ",$0.00 ,11/15/2019,wbra,11/15/2019,wbra,645," - BASKET, ZERO TIP 1.9FR X 120CM BOSTON"," - BASKET, ZERO TIP 1.9FR X 120CM BOSTON",M0063901050,GENERAL ,M0063901050,,EA,$348.60 ,4,0,0,,6,Total Tx Amt. $0.00
3, - BOSTON SCIENTIFIC,1873,,,O,"$4,795.70 ",$0.00 ,11/15/2019,wbra,11/15/2019,wbra,646, - UROMAX BALLOON KIT 12FR X 4CM, - UROMAX BALLOON KIT 12FR X 4CM,M0062251200,GENERAL ,M0062251200,,EA,$464.80 ,1,0,0,,6,Total Tx Amt. $0.00
3, - BOSTON SCIENTIFIC,1873,,,O,"$4,795.70 ",$0.00 ,11/15/2019,wbra,11/15/2019,wbra,895," - BOSTON SCI, NAVIGATOR HD 13/15FR 36CM"," - BOSTON SCI, NAVIGATOR HD 13/15FR 36CM",M0062502280,GENERAL ,M0062502280,,EA,$197.65 ,1,0,0,,6,Total Tx Amt. $0.00
3, - BOSTON SCIENTIFIC,1873,,,O,"$4,795.70 ",$0.00 ,11/15/2019,wbra,11/15/2019,wbra,598, - 8/10 DILATOR/SHEATH SET, - 8/10 DILATOR/SHEATH SET,M0062601200,GENERAL ,M0062601200,,EA,$86.88 ,4,0,0,,6,Total Tx Amt. $0.00
3, - BOSTON SCIENTIFIC,1873,,,O,"$4,795.70 ",$0.00 ,11/15/2019,wbra,11/15/2019,wbra,562, - BASKET STONE NITINOL ESCAPE 1.9FR X 120CM, - BASKET STONE NITINOL ESCAPE 1.9FR X 120CM,M0063902010,GENERAL ,M0063902010,,EA,$422.45 ,3,0,0,,6,Total Tx Amt. $0.00
1, - MCKESSON,1874,,,O,$731.88 ,$0.00 ,11/15/2019,wbra,11/18/2019,wbra,783," - Sponge, Gauze 4x4 12 Ply"," - Sponge, Gauze 4x4 12 Ply",44122000,GENERAL ,440343,,10/CT,$40.38 ,1,0,0,,8,Total Tx Amt. $0.00
1, - MCKESSON,1874,,,O,$731.88 ,$0.00 ,11/15/2019,wbra,11/18/2019,wbra,228, - NDL CHIBA 20G, - NDL CHIBA 20G,CNM-2008,IVSUPPLY,629155,,10/BX,$81.23 ,4,0,0,,8,Total Tx Amt. $0.00
1, - MCKESSON,1874,,,O,$731.88 ,$0.00 ,11/15/2019,wbra,11/18/2019,wbra,1255," - Urine Drain Bag, Sterile 2000 ML"," - Urine Drain Bag, Sterile 2000 ML",761652,,761652,,20/BX,$45.62 ,1,0,0,,8,Total Tx Amt. $0.00
1, - MCKESSON,1874,,,O,$731.88 ,$0.00 ,11/15/2019,wbra,11/18/2019,wbra,715," - CATH, TUBE HOLDER, FOLEY"," - CATH, TUBE HOLDER, FOLEY",1107740,DRESSING,1107740,,10/BX,$23.28 ,1,0,0,,8,Total Tx Amt. $0.00
1, - MCKESSON,1874,,,O,$731.88 ,$0.00 ,11/15/2019,wbra,11/18/2019,wbra,764," - Mask, Face Surg Light Blue pleated with ties"," - Mask, Face Surg Light Blue pleated with ties",48100,GENERAL ,206484,,6/BX,$23.81 ,1,0,0,,8,Total Tx Amt. $0.00
1, - MCKESSON,1874,,,O,$731.88 ,$0.00 ,11/15/2019,wbra,11/18/2019,wbra,795," - Underpads Regular,23 x 24"," - Underpads Regular,23 x 24",UPLT2324,GENERAL ,730985,,1800/CS,$20.40 ,1,0,0,,8,Total Tx Amt. $0.00
1, - MCKESSON,1874,,,O,$731.88 ,$0.00 ,11/15/2019,wbra,11/18/2019,wbra,726," - SUPP, Y TUBING"," - SUPP, Y TUBING",2C4005,GENERAL ,200390,,12/BX,$121.28 ,1,0,0,,8,Total Tx Amt. $0.00
1, - MCKESSON,1874,,,O,$731.88 ,$0.00 ,11/15/2019,wbra,11/18/2019,wbra,351, - CAUTERY PAD GROUND ADULT 10FT CONMED, - CAUTERY PAD GROUND ADULT 10FT CONMED,22-ESREC,,1018818,,50/BX,$132.19 ,1,0,0,,8,Total Tx Amt. $0.00
26, - CUSTOM MEDICAL SPECILTIES,1875,,,O,$568.41 ,$0.00 ,11/15/2019,wbra,11/18/2019,wbra,637," - BAG, DRAIN SURGICAL TABLE"," - BAG, DRAIN SURGICAL TABLE",CMS-999,GENERAL ,CMS-999,,20/CS,$129.00 ,3,0,0,,2,Total Tx Amt. $0.00
26, - CUSTOM MEDICAL SPECILTIES,1875,,,O,$568.41 ,$0.00 ,11/15/2019,wbra,11/18/2019,wbra,638," - BAG, DRAIN ADAPTER"," - BAG, DRAIN ADAPTER",CMS-610,GENERAL ,CMS-610,,50/CS,$60.47 ,3,0,0,,2,Total Tx Amt. $0.00
33, - MEDTRONIC,1876,,,O,"$21,201.00 ",$0.00 ,11/18/2019,wbra,11/18/2019,wbra,840, - Interstim Test Stimulation Lead, - Interstim Test Stimulation Lead,305901,GENERAL ,305901,,1/BX,$40.00 ,1,0,0,,7,Total Tx Amt. $0.00
33, - MEDTRONIC,1876,,,O,"$21,201.00 ",$0.00 ,11/18/2019,wbra,11/18/2019,wbra,736," - IMP, INTERSTIM TEST STIM 353101"," - IMP, INTERSTIM TEST STIM 353101",353101,GENERAL ,353101,,EA,$350.00 ,2,0,0,,7,Total Tx Amt. $0.00
33, - MEDTRONIC,1876,,,O,"$21,201.00 ",$0.00 ,11/18/2019,wbra,11/18/2019,wbra,837, - Interstim Lead Introducer Kit, - Interstim Lead Introducer Kit,355018,GENERAL ,355018,,EA,$280.00 ,2,0,0,,7,Total Tx Amt. $0.00
33, - MEDTRONIC,1876,,,O,"$21,201.00 ",$0.00 ,11/18/2019,wbra,11/18/2019,wbra,843, - Interstim Quadripolar Lead Kit for Sacral Nerve St, - Interstim Quadripolar Lead Kit for Sacral Nerve St,3889-28,GENERAL ,3889-28,,EA,"$3,360.00 ",2,0,0,,7,Total Tx Amt. $0.00
33, - MEDTRONIC,1876,,,O,"$21,201.00 ",$0.00 ,11/18/2019,wbra,11/18/2019,wbra,839, - Interstim Test Stimulation Cable, - Interstim Test Stimulation Cable,357501,GENERAL ,357501,,EA,$40.00 ,2,0,0,,7,Total Tx Amt. $0.00
33, - MEDTRONIC,1876,,,O,"$21,201.00 ",$0.00 ,11/18/2019,wbra,11/18/2019,wbra,834, - Interstim Neuro Stimulator, - Interstim Neuro Stimulator,3058,GENERAL ,3058,,EA,"$11,200.00 ",1,0,0,,7,Total Tx Amt. $0.00
33, - MEDTRONIC,1876,,,O,"$21,201.00 ",$0.00 ,11/18/2019,wbra,11/18/2019,wbra,835, - Interstim Hand Set With Communicator, - Interstim Hand Set With Communicator,TH90G01,GENERAL ,TH90G01,,EA,"$1,901.00 ",1,0,0,,7,Total Tx Amt. $0.00
14, - BARD,1877,,,O,$58.56 ,$0.00 ,11/18/2019,wbra,11/18/2019,wbra,395, - CATH FOLEY 20FR 2WAY 5ML LATEX, - CATH FOLEY 20FR 2WAY 5ML LATEX,0165L20,GENERAL ,0165L20,,12/BX,$58.56 ,1,0,0,,1,Total Tx Amt. $0.00
31, - NEOTRACT/ UROLIFT,1878,,,O,"$7,600.00 ",$0.00 ,11/18/2019,wbra,11/18/2019,wbra,665, - UROLIFT SYSTEM IMPLANT, - UROLIFT SYSTEM IMPLANT,UL400-4,GENERAL ,UL400-4,,4/CS,"$3,800.00 ",2,0,0,,1,Total Tx Amt. $0.00
15, - TELEFLEX/ARROW,1879,,,O,$876.00 ,$0.00 ,11/18/2019,wbra,11/18/2019,wbra,516, - ANES LMA 3 UNIQUE, - ANES LMA 3 UNIQUE,105200-000030,ANESTHE ,105200-000030,,10/BX,$135.00 ,1,0,0,,5,Total Tx Amt. $0.00
15, - TELEFLEX/ARROW,1879,,,O,$876.00 ,$0.00 ,11/18/2019,wbra,11/18/2019,wbra,517, - ANES LMA 3 EVO, - ANES LMA 3 EVO,1D2030,ANESTHE ,1D2030,,10/BX,$151.50 ,1,0,0,,5,Total Tx Amt. $0.00
15, - TELEFLEX/ARROW,1879,,,O,$876.00 ,$0.00 ,11/18/2019,wbra,11/18/2019,wbra,520, - ANES LMA 5 UNIQUE, - ANES LMA 5 UNIQUE,105200-000050,ANESTHE ,105200-000050,,10/BX,$135.00 ,1,0,0,,5,Total Tx Amt. $0.00
15, - TELEFLEX/ARROW,1879,,,O,$876.00 ,$0.00 ,11/18/2019,wbra,11/18/2019,wbra,521, - ANES LMA 5 EVO, - ANES LMA 5 EVO,1D2050,ANESTHE ,1D2050,,10/BX,$151.50 ,1,0,0,,5,Total Tx Amt. $0.00
15, - TELEFLEX/ARROW,1879,,,O,$876.00 ,$0.00 ,11/18/2019,wbra,11/18/2019,wbra,518, - ANES LMA 4 UNIQUE, - ANES LMA 4 UNIQUE,105200-000040,ANESTHE ,1D2040,,10/BX,$151.50 ,2,0,0,,5,Total Tx Amt. $0.00
2, - CARDINAL HEALTH,1880,,,O,"$1,272.03 ",$0.00 ,11/18/2019,wbra,11/20/2019,wbra,702," - SUT, PDS 3-0 RB-1 27"""," - SUT, PDS 3-0 RB-1 27""",Z305H,SUTURE  ,Z305H,,36/BX,$103.36 ,1,0,0,,14,Total Tx Amt. $0.00
2, - CARDINAL HEALTH,1880,,,O,"$1,272.03 ",$0.00 ,11/18/2019,wbra,11/20/2019,wbra,636," - SUTURE, VICRYL 4-0 PS2"," - SUTURE, VICRYL 4-0 PS2",J496G,SUTURE  ,J496G,,12/BX,$48.49 ,3,0,0,,14,Total Tx Amt. $0.00
2, - CARDINAL HEALTH,1880,,,O,"$1,272.03 ",$0.00 ,11/18/2019,wbra,11/20/2019,wbra,412, - SUTURE VICRYL 3-0 SH 27IN, - SUTURE VICRYL 3-0 SH 27IN,J416H,,J416H,,36/BX,$54.97 ,1,0,0,,14,Total Tx Amt. $0.00
2, - CARDINAL HEALTH,1880,,,O,"$1,272.03 ",$0.00 ,11/18/2019,wbra,11/20/2019,wbra,778, - Suture Vicyrl 2-0 70 cm, - Suture Vicyrl 2-0 70 cm,J417H,,J417H,,12/BX,$18.36 ,3,0,0,,14,Total Tx Amt. $0.00
2, - CARDINAL HEALTH,1880,,,O,"$1,272.03 ",$0.00 ,11/18/2019,wbra,11/20/2019,wbra,140, - FLUID NACL 3000ML, - FLUID NACL 3000ML,230132,GENERAL ,R8206,,4/BX,$41.56 ,4,0,0,,14,Total Tx Amt. $0.00
2, - CARDINAL HEALTH,1880,,,O,"$1,272.03 ",$0.00 ,11/18/2019,wbra,11/20/2019,wbra,148, - FLUID WATER 500ML BOTTLE, - FLUID WATER 500ML BOTTLE,161730,GENERAL ,R5000-01,,16/cs,$23.77 ,2,0,0,,14,Total Tx Amt. $0.00
2, - CARDINAL HEALTH,1880,,,O,"$1,272.03 ",$0.00 ,11/18/2019,wbra,11/20/2019,wbra,936," - fluid, Sod Chl, 0.9 % 100Ml bag"," - fluid, Sod Chl, 0.9 % 100Ml bag",161938,GENERAL ,S8004-5264,,1/BX,$77.77 ,1,0,0,,14,Total Tx Amt. $0.00
2, - CARDINAL HEALTH,1880,,,O,"$1,272.03 ",$0.00 ,11/18/2019,wbra,11/20/2019,wbra,96, - SHOE COVER DURAFIT NON-SKID X-LARGE, - SHOE COVER DURAFIT NON-SKID X-LARGE,4854,GENERAL ,4854,,4/CS,$44.52 ,1,0,0,,14,Total Tx Amt. $0.00
2, - CARDINAL HEALTH,1880,,,O,"$1,272.03 ",$0.00 ,11/18/2019,wbra,11/20/2019,wbra,1227, - Premium Gauze Sterile 4 x 4  12 ply, - Premium Gauze Sterile 4 x 4  12 ply,C-SG4412ZS,,C-SG4412ZS,,128/CS,$54.38 ,1,0,0,,14,Total Tx Amt. $0.00
2, - CARDINAL HEALTH,1880,,,O,"$1,272.03 ",$0.00 ,11/18/2019,wbra,11/20/2019,wbra,141, - FLUID NACL 500ML, - FLUID NACL 500ML,467132,GENERAL ,BBR5201-01,,16/cs,$23.33 ,1,0,0,,14,Total Tx Amt. $0.00
2, - CARDINAL HEALTH,1880,,,O,"$1,272.03 ",$0.00 ,11/18/2019,wbra,11/20/2019,wbra,542, - DRP PACK MINOR PROCEDURE, - DRP PACK MINOR PROCEDURE,SPP99MN7AA,DRAPE   ,SPP99MN7AA,,4/CS,$92.00 ,3,0,0,,14,Total Tx Amt. $0.00
2, - CARDINAL HEALTH,1880,,,O,"$1,272.03 ",$0.00 ,11/18/2019,wbra,11/20/2019,wbra,372, - DRAPE TOWEL SURGICAL 4PK BLUE, - DRAPE TOWEL SURGICAL 4PK BLUE,28700-004,DRAPE   ,28700-004,,20/CS,$38.00 ,1,0,0,,14,Total Tx Amt. $0.00
2, - CARDINAL HEALTH,1880,,,O,"$1,272.03 ",$0.00 ,11/18/2019,wbra,11/20/2019,wbra,134, - IV START KIT, - IV START KIT,01-9000A,GENERAL ,01-9000A,,100/CS,$100.00 ,1,0,0,,14,Total Tx Amt. $0.00
2, - CARDINAL HEALTH,1880,,,O,"$1,272.03 ",$0.00 ,11/18/2019,wbra,11/20/2019,wbra,128, - IV CATH INTROCAN 22X1, - IV CATH INTROCAN 22X1,629338,GENERAL ,425251902A,,50/BX,$85.37 ,1,0,0,,14,Total Tx Amt. $0.00
3, - BOSTON SCIENTIFIC,1881,,,O,"$1,501.23 ",$0.00 ,11/18/2019,wbra,11/18/2019,wbra,1260," - Impl, Sling, Lynz Blue System Boston"," - Impl, Sling, Lynz Blue System Boston",M0068503010,,M006850310,,EA,"$1,501.23 ",1,0,0,,1,Total Tx Amt. $0.00
23, - COLOPLAST,1882,,,O,"$10,321.00 ",$0.00 ,11/18/2019,wbra,11/18/2019,wbra,899," - Impl, Assembly Kit"," - Impl, Assembly Kit",91-9480SC,,91-9480SC,,EA,$486.00 ,1,0,0,Batch Code 6944006,4,Total Tx Amt. $0.00
23, - COLOPLAST,1882,,,O,"$10,321.00 ",$0.00 ,11/18/2019,wbra,11/18/2019,wbra,808," - IMP, TITAN RESERVOIR ECLD 125CC"," - IMP, TITAN RESERVOIR ECLD 125CC",ER8125,GENERAL ,ER8125,,EA,"$1,771.00 ",1,0,0,Batch Code 6870991,4,Total Tx Amt. $0.00
23, - COLOPLAST,1882,,,O,"$10,321.00 ",$0.00 ,11/18/2019,wbra,11/18/2019,wbra,1096," - Imp, Touch Pump"," - Imp, Touch Pump",517750,,517750,,EA,"$4,032.00 ",1,0,0,Batch Code 6781644,4,Total Tx Amt. $0.00
23, - COLOPLAST,1882,,,O,"$10,321.00 ",$0.00 ,11/18/2019,wbra,11/18/2019,wbra,1095," - Imp, Titan Cylinder Set, Zero Angle"," - Imp, Titan Cylinder Set, Zero Angle",E17924,,E17924,,EA,"$4,032.00 ",1,0,0,Batch Code 6815344,4,Total Tx Amt. $0.00
38, - Ethicon,1883,,,O,$0.00 ,$0.00 ,11/19/2019,wbra,11/19/2019,wbra,1261," - DRSG, Everrest 2 x 4  wound closure"," - DRSG, Everrest 2 x 4  wound closure",EVT5024,,EVT5024,,2/CS,$0.00 ,1,0,0,,1,Total Tx Amt. $0.00
1, - MCKESSON,1884,,,O,$667.31 ,$0.00 ,11/19/2019,wbra,11/19/2019,wbra,1262," - Gel Donut, Head Rest"," - Gel Donut, Head Rest",41805,,571159,,EA,$105.70 ,2,0,0,,9,Total Tx Amt. $0.00
1, - MCKESSON,1884,,,O,$667.31 ,$0.00 ,11/19/2019,wbra,11/19/2019,wbra,289, - BASIN URINAL 1QT, - BASIN URINAL 1QT,1020361,,1020361,,48/CS,$27.28 ,1,0,0,,9,Total Tx Amt. $0.00
1, - MCKESSON,1884,,,O,$667.31 ,$0.00 ,11/19/2019,wbra,11/19/2019,wbra,938," - Bedpan, Fracture Bedpan Graphite"," - Bedpan, Fracture Bedpan Graphite",56-8522,PACU    ,1028132,,24/CS,$23.63 ,1,0,0,,9,Total Tx Amt. $0.00
1, - MCKESSON,1884,,,O,$667.31 ,$0.00 ,11/19/2019,wbra,11/19/2019,wbra,61, - TAPE FOAM 3IN, - TAPE FOAM 3IN,M1528-3,DRESSING,5947,,4/BX,$13.84 ,2,0,0,,9,Total Tx Amt. $0.00
1, - MCKESSON,1884,,,O,$667.31 ,$0.00 ,11/19/2019,wbra,11/19/2019,wbra,294, - PREP CHLORAPREP 26ML TINT, - PREP CHLORAPREP 26ML TINT,260815,,560798,,25/BX,$170.32 ,1,0,0,,9,Total Tx Amt. $0.00
1, - MCKESSON,1884,,,O,$667.31 ,$0.00 ,11/19/2019,wbra,11/19/2019,wbra,830, - syringe/needle 3cc Blnt LL 18ga x 1 1/2, - syringe/needle 3cc Blnt LL 18ga x 1 1/2,305060,GENERAL ,459506,,100/BX,$11.80 ,3,0,0,,9,Total Tx Amt. $0.00
1, - MCKESSON,1884,,,O,$667.31 ,$0.00 ,11/19/2019,wbra,11/19/2019,wbra,136, - FLUID LR 1000ML, - FLUID LR 1000ML,515492,GENERAL ,515492,,14/CS,$31.21 ,2,0,0,,9,Total Tx Amt. $0.00
1, - MCKESSON,1884,,,O,$667.31 ,$0.00 ,11/19/2019,wbra,11/19/2019,wbra,632," - SHARPS, 18 GAL RED CONTAINER"," - SHARPS, 18 GAL RED CONTAINER",862336,HSKPNG  ,862336,,EA,$16.26 ,3,0,0,,9,Total Tx Amt. $0.00
1, - MCKESSON,1884,,,O,$667.31 ,$0.00 ,11/19/2019,wbra,11/19/2019,wbra,284, - SUPPORTER ADULT LRG, - SUPPORTER ADULT LRG,452706,DRESSING,452706,,EA,$6.04 ,10,0,0,,9,Total Tx Amt. $0.00
14, - BARD,1885,,,O,"$1,350.00 ",$0.00 ,11/19/2019,wbra,11/19/2019,wbra,224, - NDL BIOPSY MAX CORE, - NDL BIOPSY MAX CORE,MC1825,IVSUPPLY,MC1825,,5/BX,$90.00 ,15,0,0,,1,Total Tx Amt. $0.00
3, - BOSTON SCIENTIFIC,1886,,,O,"$3,036.39 ",$0.00 ,11/19/2019,wbra,11/19/2019,wbra,446, - BOSTON SCI WIRE GUIDE SENSOR .035 STR, - BOSTON SCI WIRE GUIDE SENSOR .035 STR,M0066703081,GENERAL ,M0066703081,,5/BX,$374.66 ,3,0,0,,4,Total Tx Amt. $0.00
3, - BOSTON SCIENTIFIC,1886,,,O,"$3,036.39 ",$0.00 ,11/19/2019,wbra,11/19/2019,wbra,578," - BOSTON SCI, NAVIGATOR HD 11/13FR 28CM"," - BOSTON SCI, NAVIGATOR HD 11/13FR 28CM",M0062502210,GENERAL ,M0062502210,,EA,$197.65 ,1,0,0,,4,Total Tx Amt. $0.00
3, - BOSTON SCIENTIFIC,1886,,,O,"$3,036.39 ",$0.00 ,11/19/2019,wbra,11/19/2019,wbra,645," - BASKET, ZERO TIP 1.9FR X 120CM BOSTON"," - BASKET, ZERO TIP 1.9FR X 120CM BOSTON",M0063901050,GENERAL ,M0063901050,,EA,$348.60 ,4,0,0,,4,Total Tx Amt. $0.00
3, - BOSTON SCIENTIFIC,1886,,,O,"$3,036.39 ",$0.00 ,11/19/2019,wbra,11/19/2019,wbra,1258," - Wire, EXTRA STIFF .035 dia Straight 3 cm flex"," - Wire, EXTRA STIFF .035 dia Straight 3 cm flex",m006630222B1,,m006630222B1,,5/BX,$320.36 ,1,0,0,,4,Total Tx Amt. $0.00
4, - COOK MEDICAL,1887,,,O,"$1,132.22 ",$0.00 ,11/19/2019,wbra,11/19/2019,wbra,986, - COOK STENT 7 x 24 Universal Stent, - COOK STENT 7 x 24 Universal Stent,G23415,,G23415,,EA,$49.50 ,4,0,0,,6,Total Tx Amt. $0.00
4, - COOK MEDICAL,1887,,,O,"$1,132.22 ",$0.00 ,11/19/2019,wbra,11/19/2019,wbra,459, - COOK URETERAL STENT FIRM UNIVERSA, - COOK URETERAL STENT FIRM UNIVERSA,G23406,GENERAL ,G23406,,EA,$49.50 ,8,0,0,,6,Total Tx Amt. $0.00
4, - COOK MEDICAL,1887,,,O,"$1,132.22 ",$0.00 ,11/19/2019,wbra,11/19/2019,wbra,458, - COOK URETERAL STENT FIRM UNIVERSA, - COOK URETERAL STENT FIRM UNIVERSA,G23405,GENERAL ,G23405,,EA,$49.50 ,4,0,0,,6,Total Tx Amt. $0.00
4, - COOK MEDICAL,1887,,,O,"$1,132.22 ",$0.00 ,11/19/2019,wbra,11/19/2019,wbra,436, - COOK ACCESS CATH URETERAL DUAL 6FR, - COOK ACCESS CATH URETERAL DUAL 6FR,G17330,GENERAL ,G17330,,EA,$39.82 ,5,0,0,,6,Total Tx Amt. $0.00
4, - COOK MEDICAL,1887,,,O,"$1,132.22 ",$0.00 ,11/19/2019,wbra,11/19/2019,wbra,1028," - Pusher, 7 Fr Stent Pusher"," - Pusher, 7 Fr Stent Pusher",G53758,,G53758,,EA,$14.04 ,3,0,0,,6,Total Tx Amt. $0.00
4, - COOK MEDICAL,1887,,,O,"$1,132.22 ",$0.00 ,11/19/2019,wbra,11/19/2019,wbra,1098," - Stent, 5 x 28 Universal Firm Stent Set"," - Stent, 5 x 28 Universal Firm Stent Set",G23399,,G23399,,EA,$49.50 ,2,0,0,,6,Total Tx Amt. $0.00
1, - MCKESSON,1888,,,O,"$1,442.18 ",$0.00 ,11/19/2019,wbra,11/20/2019,wbra,162, - MED ANCEF 1G, - MED ANCEF 1G,1107414,GLV/MSK ,1107414,,25/BX,$33.32 ,2,0,0,,10,Total Tx Amt. $0.00
1, - MCKESSON,1888,,,O,"$1,442.18 ",$0.00 ,11/19/2019,wbra,11/20/2019,wbra,870," - GENTAMICIN SULFATE, MDV 40MG/ML 2ML"," - GENTAMICIN SULFATE, MDV 40MG/ML 2ML",401954,MEDS    ,401954,,25/BX,$97.85 ,2,0,0,,10,Total Tx Amt. $0.00
1, - MCKESSON,1888,,,O,"$1,442.18 ",$0.00 ,11/19/2019,wbra,11/20/2019,wbra,957," - Meds, Levofloxacin 500mg in 100ml 5% dextrose"," - Meds, Levofloxacin 500mg in 100ml 5% dextrose",1142007,ANESTHE ,1142007,,24/CS,$151.81 ,1,0,0,,10,Total Tx Amt. $0.00
1, - MCKESSON,1888,,,O,"$1,442.18 ",$0.00 ,11/19/2019,wbra,11/20/2019,wbra,189, - MED TORADOL 1ML, - MED TORADOL 1ML,333340,HSKPNG  ,1081340,,25/BX,$36.47 ,1,0,0,,10,Total Tx Amt. $0.00
1, - MCKESSON,1888,,,O,"$1,442.18 ",$0.00 ,11/19/2019,wbra,11/20/2019,wbra,182, - MED HYDRALAZINE 1ML, - MED HYDRALAZINE 1ML,463781,GLV/MSK ,463781,,25/BX,$69.68 ,1,0,0,,10,Total Tx Amt. $0.00
1, - MCKESSON,1888,,,O,"$1,442.18 ",$0.00 ,11/19/2019,wbra,11/20/2019,wbra,907," - Meds, Ephedrine, AMP 50Mg/ml 1ml"," - Meds, Ephedrine, AMP 50Mg/ml 1ml",17478041510,ANESTHE ,1092978,,10/BX,$252.34 ,2,0,0,,10,Total Tx Amt. $0.00
1, - MCKESSON,1888,,,O,"$1,442.18 ",$0.00 ,11/19/2019,wbra,11/20/2019,wbra,739, - SafeDay IV Administration Set, - SafeDay IV Administration Set,352904,PACU    ,630154,,50/BX,$120.78 ,2,0,0,,10,Total Tx Amt. $0.00
1, - MCKESSON,1888,,,O,"$1,442.18 ",$0.00 ,11/19/2019,wbra,11/20/2019,wbra,211, - MED PROPOFOL 20ML, - MED PROPOFOL 20ML,989562,IVSUPPLY,989562,,25/BX,$55.74 ,2,0,0,,10,Total Tx Amt. $0.00
1, - MCKESSON,1888,,,O,"$1,442.18 ",$0.00 ,11/19/2019,wbra,11/20/2019,wbra,700," - DRSG, PACKING STRIP, IODOFORM 2"""," - DRSG, PACKING STRIP, IODOFORM 2""",470443,DRESSING,470443,,1/BT,$3.89 ,10,0,0,,10,Total Tx Amt. $0.00
1, - MCKESSON,1888,,,O,"$1,442.18 ",$0.00 ,11/19/2019,wbra,11/20/2019,wbra,1263," - LABEL,  Medication Added"," - LABEL,  Medication Added",SN-2001,PACU    ,296574,,1/RL,$25.26 ,1,0,0,,10,Total Tx Amt. $0.00
20, - APPLIED MEDICAL,1889,,,O,$300.00 ,$0.00 ,11/19/2019,wbra,11/20/2019,wbra,572," - CAP, SURESEAL II"," - CAP, SURESEAL II",SEAL-005,GENERAL ,SEAL-005,,10/BX,$150.00 ,2,0,0,,1,Total Tx Amt. $0.00
16, - OLYMPUS,1890,,,O,$810.00 ,$0.00 ,11/19/2019,wbra,11/20/2019,wbra,528, - GLIDEWIRE 0.035 STR TIP STIFF OLYMPUS, - GLIDEWIRE 0.035 STR TIP STIFF OLYMPUS,UWS1035,GENERAL ,UWS1035,,5/BX,$405.00 ,2,0,0,,1,Total Tx Amt. $0.00
15, - TELEFLEX/ARROW,1891,,,O,$238.68 ,$0.00 ,11/20/2019,wbra,11/20/2019,wbra,727, - Central Venous Catheterization Kit, - Central Venous Catheterization Kit,ak-04400,GENERAL ,AK-04400,,10/BX,$238.68 ,1,0,0,,1,Total Tx Amt. $0.00
8, - STERIS,1892,,,O,$345.96 ,$0.00 ,11/20/2019,wbra,11/20/2019,wbra,503," - SUPP, STERIS LIGHT HANDLE COVER"," - SUPP, STERIS LIGHT HANDLE COVER",LB53,GENERAL ,LB53,,125/CS,$172.98 ,2,0,0,,1,Total Tx Amt. $0.00
3, - BOSTON SCIENTIFIC,1893,,,O,"$2,193.68 ",$0.00 ,11/20/2019,wbra,11/20/2019,wbra,598, - 8/10 DILATOR/SHEATH SET, - 8/10 DILATOR/SHEATH SET,M0062601200,GENERAL ,M0062601200,,EA,$86.88 ,8,0,0,,2,Total Tx Amt. $0.00
3, - BOSTON SCIENTIFIC,1893,,,O,"$2,193.68 ",$0.00 ,11/20/2019,wbra,11/20/2019,wbra,446, - BOSTON SCI WIRE GUIDE SENSOR .035 STR, - BOSTON SCI WIRE GUIDE SENSOR .035 STR,M0066703081,GENERAL ,M0066703081,,5/BX,$374.66 ,4,0,0,,2,Total Tx Amt. $0.00
47, - Doctors Oxygen Service,1894,,,O,"$1,426.34 ",$0.00 ,11/21/2019,wbra,,wbra,, - Passport 2 Monitor and accessories, - Passport 2 Monitor and accessories,,,,,EA,"$1,426.34 ",1,0,0,,1,Total Tx Amt. $0.00
2, - CARDINAL HEALTH,1895,,,O,"$2,485.11 ",$0.00 ,11/21/2019,wbra,11/25/2019,wbra,140, - FLUID NACL 3000ML, - FLUID NACL 3000ML,230132,GENERAL ,R8206,,4/BX,$41.56 ,2,0,0,,15,Total Tx Amt. $0.00
2, - CARDINAL HEALTH,1895,,,O,"$2,485.11 ",$0.00 ,11/21/2019,wbra,11/25/2019,wbra,1264," - Sutr, Monocryl 3-0 27"" Taper Point 1/2 Circle"," - Sutr, Monocryl 3-0 27"" Taper Point 1/2 Circle",Y416H,SUTURE  ,Y416H,,36/BX,$77.37 ,1,0,0,,15,Total Tx Amt. $0.00
2, - CARDINAL HEALTH,1895,,,O,"$2,485.11 ",$0.00 ,11/21/2019,wbra,11/25/2019,wbra,135, - FLUID LR 1000ML, - FLUID LR 1000ML,208829,GENERAL ,L7500,,12/BX,$22.63 ,3,0,0,,15,Total Tx Amt. $0.00
2, - CARDINAL HEALTH,1895,,,O,"$2,485.11 ",$0.00 ,11/21/2019,wbra,11/25/2019,wbra,796," - King UltraFlex 72"" breathing circuit"," - King UltraFlex 72"" breathing circuit",,ANESTHE ,8753F6121Z,,30/BX,$199.55 ,2,0,0,,15,Total Tx Amt. $0.00
2, - CARDINAL HEALTH,1895,,,O,"$2,485.11 ",$0.00 ,11/21/2019,wbra,11/25/2019,wbra,134, - IV START KIT, - IV START KIT,01-9000A,GENERAL ,01-9000A,,100/CS,$100.00 ,1,0,0,,15,Total Tx Amt. $0.00
2, - CARDINAL HEALTH,1895,,,O,"$2,485.11 ",$0.00 ,11/21/2019,wbra,11/25/2019,wbra,281, - SOCK SLIPPER ADULT XL, - SOCK SLIPPER ADULT XL,68125-GRY,,68125-GRY,,48/BX,$36.48 ,2,0,0,,15,Total Tx Amt. $0.00
2, - CARDINAL HEALTH,1895,,,O,"$2,485.11 ",$0.00 ,11/21/2019,wbra,11/25/2019,wbra,298, - PREP TRAY IODINE STERILE, - PREP TRAY IODINE STERILE,Nov-08,,Nov-08,,20/CS,$77.40 ,3,0,0,Item # 7 conf # 1067594911 (Bob),15,Total Tx Amt. $0.00
2, - CARDINAL HEALTH,1895,,,O,"$2,485.11 ",$0.00 ,11/21/2019,wbra,11/25/2019,wbra,538, - SPD ATTEST SUPER RAPID READOUT STEAM PACK, - SPD ATTEST SUPER RAPID READOUT STEAM PACK,M1496V,STRL PRO,M1496V,,24/CS,$198.54 ,3,0,0,,15,Total Tx Amt. $0.00
2, - CARDINAL HEALTH,1895,,,O,"$2,485.11 ",$0.00 ,11/21/2019,wbra,11/25/2019,wbra,663," - SPD, PEEL POUCH 7.5 X 13"," - SPD, PEEL POUCH 7.5 X 13",92713,STRL PRO,92713,,258/PK,$13.66 ,1,0,0,,15,Total Tx Amt. $0.00
2, - CARDINAL HEALTH,1895,,,O,"$2,485.11 ",$0.00 ,11/21/2019,wbra,11/25/2019,wbra,614," - SPD, PEEL POUCH 9.125X25.5"," - SPD, PEEL POUCH 9.125X25.5",92923,STRL PRO,92923,,100/BX,$114.62 ,1,0,0,,15,Total Tx Amt. $0.00
2, - CARDINAL HEALTH,1895,,,O,"$2,485.11 ",$0.00 ,11/21/2019,wbra,11/25/2019,wbra,313, - WRAP TRAY LINER WHT, - WRAP TRAY LINER WHT,KM10502B,STRL PRO,KM10502B,,4000/CS,$55.13 ,1,0,0,,15,Total Tx Amt. $0.00
2, - CARDINAL HEALTH,1895,,,O,"$2,485.11 ",$0.00 ,11/21/2019,wbra,11/25/2019,wbra,74, - GLOVE EXAM MEDIUM NITRILE, - GLOVE EXAM MEDIUM NITRILE,88TN03M,GENERAL ,88TN03M,,1/CS,$73.30 ,1,0,0,,15,Total Tx Amt. $0.00
2, - CARDINAL HEALTH,1895,,,O,"$2,485.11 ",$0.00 ,11/21/2019,wbra,11/25/2019,wbra,31, - DRAPE CYSTO PACK, - DRAPE CYSTO PACK,SPP99CY1AA,DRAPE   ,SPP99CY1AA,,6/CS,$118.62 ,2,0,0,,15,Total Tx Amt. $0.00
2, - CARDINAL HEALTH,1895,,,O,"$2,485.11 ",$0.00 ,11/21/2019,wbra,11/25/2019,wbra,542, - DRP PACK MINOR PROCEDURE, - DRP PACK MINOR PROCEDURE,SPP99MN7AA,DRAPE   ,SPP99MN7AA,,4/CS,$92.00 ,2,0,0,,15,Total Tx Amt. $0.00
2, - CARDINAL HEALTH,1895,,,O,"$2,485.11 ",$0.00 ,11/21/2019,wbra,11/25/2019,wbra,103, - GLOVE PROTEXIS PI 8 LATEX FREE, - GLOVE PROTEXIS PI 8 LATEX FREE,2D72PT80X,GENERAL ,2D72PT80X,,50/BX,$89.45 ,2,0,0,,15,Total Tx Amt. $0.00
15, - TELEFLEX/ARROW,1896,,,O,$210.00 ,$0.00 ,11/21/2019,wbra,12/2/2019,wbra,990, - Weck Horizon Ligating Clips T1 small 6/cart, - Weck Horizon Ligating Clips T1 small 6/cart,1200,GENERAL ,1200,,EA,$85.00 ,1,0,0,,2,Total Tx Amt. $0.00
15, - TELEFLEX/ARROW,1896,,,O,$210.00 ,$0.00 ,11/21/2019,wbra,12/2/2019,wbra,1086, - Ligating Clip Hemoclip Medium, - Ligating Clip Hemoclip Medium,523700,,523700,11/27/2019,10/BX,$125.00 ,1,0,0,,2,Total Tx Amt. $0.00
1, - MCKESSON,1897,,,O,$528.10 ,$0.00 ,11/21/2019,wbra,11/21/2019,wbra,709," - SUT, LIQUIBAND"," - SUT, LIQUIBAND",122-LBX,SUTURE  ,948660,,10/BX,$186.84 ,2,0,0,,4,Total Tx Amt. $0.00
1, - MCKESSON,1897,,,O,$528.10 ,$0.00 ,11/21/2019,wbra,11/21/2019,wbra,874," - Kitchen, Coffee Cups"," - Kitchen, Coffee Cups",1002351,GENERAL ,1002351,,1/CS,$67.40 ,1,0,0,,4,Total Tx Amt. $0.00
1, - MCKESSON,1897,,,O,$528.10 ,$0.00 ,11/21/2019,wbra,11/21/2019,wbra,148, - FLUID WATER 500ML BOTTLE, - FLUID WATER 500ML BOTTLE,161730,GENERAL ,161730,,16/cs,$23.77 ,2,0,0,,4,Total Tx Amt. $0.00
1, - MCKESSON,1897,,,O,$528.10 ,$0.00 ,11/21/2019,wbra,11/21/2019,wbra,141, - FLUID NACL 500ML, - FLUID NACL 500ML,467132,GENERAL ,467132,,18/CS,$39.48 ,1,0,0,,4,Total Tx Amt. $0.00
48, - KeySurgical,1898,,,O,$76.00 ,$0.00 ,11/22/2019,wbra,11/22/2019,wbra,1265," - SPDC, Tip Guard Orange .375 x 1"," - SPDC, Tip Guard Orange .375 x 1",3/6/2007,,3/6/2007,,50/BX,$19.00 ,2,0,0,,2,Total Tx Amt. $0.00
48, - KeySurgical,1898,,,O,$76.00 ,$0.00 ,11/22/2019,wbra,11/22/2019,wbra,1266," - SPDC, Tip Guard Yellow Tint .187 x 1"," - SPDC, Tip Guard Yellow Tint .187 x 1",3/6/2005,,3/6/2005,,50/BX,$19.00 ,2,0,0,,2,Total Tx Amt. $0.00
1, - MCKESSON,1899,,,O,"$1,248.93 ",$0.00 ,11/22/2019,wbra,11/22/2019,wbra,710," - SUPP, NASAL CAN GAS SAMPLE 7'"," - SUPP, NASAL CAN GAS SAMPLE 7'",999489,ANESTHE ,999489,,25/CS,$42.40 ,2,0,0,,11,Total Tx Amt. $0.00
1, - MCKESSON,1899,,,O,"$1,248.93 ",$0.00 ,11/22/2019,wbra,11/22/2019,wbra,211, - MED PROPOFOL 20ML, - MED PROPOFOL 20ML,989562,IVSUPPLY,989562,,25/BX,$55.88 ,2,0,0,,11,Total Tx Amt. $0.00
1, - MCKESSON,1899,,,O,"$1,248.93 ",$0.00 ,11/22/2019,wbra,11/22/2019,wbra,833," - Mask, Anes size 6 Adult Elongated"," - Mask, Anes size 6 Adult Elongated",854706,ANESTHE ,854706,,30/BX,$47.11 ,2,0,0,,11,Total Tx Amt. $0.00
1, - MCKESSON,1899,,,O,"$1,248.93 ",$0.00 ,11/22/2019,wbra,11/22/2019,wbra,162, - MED ANCEF 1G, - MED ANCEF 1G,1107414,GLV/MSK ,1107414,,25/BX,$25.81 ,3,0,0,,11,Total Tx Amt. $0.00
1, - MCKESSON,1899,,,O,"$1,248.93 ",$0.00 ,11/22/2019,wbra,11/22/2019,wbra,619," - ANES, AIRWAY ORAL 90MM YELLOW"," - ANES, AIRWAY ORAL 90MM YELLOW",122790A,ANESTHE ,741312,,10/BX,$3.70 ,2,0,0,,11,Total Tx Amt. $0.00
1, - MCKESSON,1899,,,O,"$1,248.93 ",$0.00 ,11/22/2019,wbra,11/22/2019,wbra,699," - MED, SEVOFLURANE INHAL"," - MED, SEVOFLURANE INHAL",6679401525,MEDS    ,779244,,EA,$126.20 ,6,0,0,,11,Total Tx Amt. $0.00
1, - MCKESSON,1899,,,O,"$1,248.93 ",$0.00 ,11/22/2019,wbra,11/22/2019,wbra,898," - Anes, Tongue Blades"," - Anes, Tongue Blades",508714,ANESTHE ,508714,,100/BX,$3.03 ,1,0,0,,11,Total Tx Amt. $0.00
1, - MCKESSON,1899,,,O,"$1,248.93 ",$0.00 ,11/22/2019,wbra,11/22/2019,wbra,767, - Monoject PreFill IV Flush Sodium Chloride, - Monoject PreFill IV Flush Sodium Chloride,8881570121,GENERAL ,472080,,30/BX,$10.00 ,3,0,0,,11,Total Tx Amt. $0.00
1, - MCKESSON,1899,,,O,"$1,248.93 ",$0.00 ,11/22/2019,wbra,11/22/2019,wbra,1174," - DRSG. 1"" Coban Non-Sterile"," - DRSG. 1"" Coban Non-Sterile",481236,,481236,,5/BX,$2.68 ,3,0,0,,11,Total Tx Amt. $0.00
1, - MCKESSON,1899,,,O,"$1,248.93 ",$0.00 ,11/22/2019,wbra,11/22/2019,wbra,120, - TISSUE TOLIET WHT, - TISSUE TOLIET WHT,165-tp500p,GENERAL ,1045391,,1/CS,$38.19 ,1,0,0,,11,Total Tx Amt. $0.00
1, - MCKESSON,1899,,,O,"$1,248.93 ",$0.00 ,11/22/2019,wbra,11/22/2019,wbra,121, - TOWEL PAPER C-FOLD, - TOWEL PAPER C-FOLD,456141,HSKPNG  ,456141,,4000/CS,$18.43 ,2,0,0,,11,Total Tx Amt. $0.00
27, - BESSE MEDICAL,1900,,,O,$66.96 ,$0.00 ,11/22/2019,wbra,11/22/2019,wbra,554, - MED BUPIVACAINE 0.25% 50ML VIAL 25/PK, - MED BUPIVACAINE 0.25% 50ML VIAL 25/PK,1077280,MEDS    ,26716,,25/BX,$66.96 ,1,0,0,,1,Total Tx Amt. $0.00
24, - CIVCO,1901,,,O,$287.00 ,$0.00 ,11/22/2019,wbra,11/22/2019,wbra,611," - BRACHY, TEMPLATE GRID"," - BRACHY, TEMPLATE GRID",610-905,GENERAL ,610-905,,5/BX,$287.00 ,1,0,0,,1,Total Tx Amt. $0.00
1, - MCKESSON,1902,,,O,$299.11 ,$0.00 ,11/25/2019,wbra,11/25/2019,wbra,285, - TEST PREG CASSETTE, - TEST PREG CASSETTE,5001,,949871,,25/BX,$20.41 ,2,0,0,,5,Total Tx Amt. $0.00
1, - MCKESSON,1902,,,O,$299.11 ,$0.00 ,11/25/2019,wbra,11/25/2019,wbra,830, - syringe/needle 3cc Blnt LL 18ga x 1 1/2, - syringe/needle 3cc Blnt LL 18ga x 1 1/2,305060,GENERAL ,459506,,100/BX,$11.80 ,2,0,0,,5,Total Tx Amt. $0.00
1, - MCKESSON,1902,,,O,$299.11 ,$0.00 ,11/25/2019,wbra,11/25/2019,wbra,420, - SYRINGE LL 10ML, - SYRINGE LL 10ML,1031801,,1031801,,100/BX,$7.50 ,2,0,0,,5,Total Tx Amt. $0.00
1, - MCKESSON,1902,,,O,$299.11 ,$0.00 ,11/25/2019,wbra,11/25/2019,wbra,418, - SYRINGE LL 60ML NS, - SYRINGE LL 60ML NS,102-S60C,,869662,,25/CT,$8.29 ,1,0,0,,5,Total Tx Amt. $0.00
1, - MCKESSON,1902,,,O,$299.11 ,$0.00 ,11/25/2019,wbra,11/25/2019,wbra,1262," - Gel Donut, Head Rest"," - Gel Donut, Head Rest",41805,,571159,,EA,$105.70 ,2,0,0,,5,Total Tx Amt. $0.00
27, - BESSE MEDICAL,1903,,,O,$169.02 ,$0.00 ,11/25/2019,wbra,11/25/2019,wbra,202, - MED NAROPIN 0.5% 30 ml vial, - MED NAROPIN 0.5% 30 ml vial,1107586,IVSUPPLY,42099,,25/BX,$169.02 ,1,0,0,,1,Total Tx Amt. $0.00
4, - COOK MEDICAL,1904,,,O,$900.68 ,$0.00 ,11/25/2019,wbra,11/25/2019,wbra,599, - URETERAL CATH SET ANGLE TIP, - URETERAL CATH SET ANGLE TIP,G14587,GENERAL ,G14587,,EA,$28.05 ,4,0,0,Noot avail until late December.,5,Total Tx Amt. $0.00
4, - COOK MEDICAL,1904,,,O,$900.68 ,$0.00 ,11/25/2019,wbra,11/25/2019,wbra,459, - COOK URETERAL STENT FIRM UNIVERSA, - COOK URETERAL STENT FIRM UNIVERSA,G23406,GENERAL ,G23406,,EA,$49.50 ,4,0,0,,5,Total Tx Amt. $0.00
4, - COOK MEDICAL,1904,,,O,$900.68 ,$0.00 ,11/25/2019,wbra,11/25/2019,wbra,458, - COOK URETERAL STENT FIRM UNIVERSA, - COOK URETERAL STENT FIRM UNIVERSA,G23405,GENERAL ,G23405,,EA,$49.50 ,6,0,0,,5,Total Tx Amt. $0.00
4, - COOK MEDICAL,1904,,,O,$900.68 ,$0.00 ,11/25/2019,wbra,11/25/2019,wbra,465, - COOK OPEN-END URETERAL CATH 5Fr, - COOK OPEN-END URETERAL CATH 5Fr,G14274,GENERAL ,G14274,,10/BX,$90.64 ,2,0,0,,5,Total Tx Amt. $0.00
4, - COOK MEDICAL,1904,,,O,$900.68 ,$0.00 ,11/25/2019,wbra,11/25/2019,wbra,471, - COOK URETERAL CATH ANGLED TIP, - COOK URETERAL CATH ANGLED TIP,G14598,GENERAL ,G14598,,EA,$28.05 ,4,0,0,,5,Total Tx Amt. $0.00
17, - HEALTHTRONICS MOBILE SOLUTIONS,1905,,,O,"$1,700.00 ",$0.00 ,11/25/2019,wbra,11/26/2019,wbra,1130," - Fiber, 550um Single Use Optical Fiber 60Watt"," - Fiber, 550um Single Use Optical Fiber 60Watt",OAF005511,,OAF005511,,EA,$240.00 ,2,0,0,,4,Total Tx Amt. $0.00
17, - HEALTHTRONICS MOBILE SOLUTIONS,1905,,,O,"$1,700.00 ",$0.00 ,11/25/2019,wbra,11/26/2019,wbra,1131," - Fiber, 800um Single Use Optical Fiber 60Watt"," - Fiber, 800um Single Use Optical Fiber 60Watt",OAF008011,,OAF008011,,EA,$360.00 ,2,0,0,,4,Total Tx Amt. $0.00
17, - HEALTHTRONICS MOBILE SOLUTIONS,1905,,,O,"$1,700.00 ",$0.00 ,11/25/2019,wbra,11/26/2019,wbra,529, - LASER FIBER HO 200 SINGLE USE, - LASER FIBER HO 200 SINGLE USE,95193,GENERAL ,95193,,EA,$125.00 ,2,0,0,,4,Total Tx Amt. $0.00
17, - HEALTHTRONICS MOBILE SOLUTIONS,1905,,,O,"$1,700.00 ",$0.00 ,11/25/2019,wbra,11/26/2019,wbra,531, - LASER FIBER HO 365 SINGLE USE, - LASER FIBER HO 365 SINGLE USE,95612,GENERAL ,95612,,EA,$125.00 ,2,0,0,,4,Total Tx Amt. $0.00
3, - BOSTON SCIENTIFIC,1906,,,O,"$1,211.97 ",$0.00 ,11/25/2019,wbra,11/25/2019,wbra,1066," - Basket, Gemini 4wire Zero tip 120 cm"," - Basket, Gemini 4wire Zero tip 120 cm",m0063301080,GENERAL ,m0063301080,,EA,$317.11 ,3,0,0,,2,Total Tx Amt. $0.00
3, - BOSTON SCIENTIFIC,1906,,,O,"$1,211.97 ",$0.00 ,11/25/2019,wbra,11/25/2019,wbra,598, - 8/10 DILATOR/SHEATH SET, - 8/10 DILATOR/SHEATH SET,M0062601200,GENERAL ,M0062601200,,EA,$86.88 ,3,0,0,Avail w/o 12/9,2,Total Tx Amt. $0.00
2, - CARDINAL HEALTH,1907,,,O,"$1,335.89 ",$0.00 ,11/26/2019,wbra,12/2/2019,wbra,1100, - ID BAND SENTRY WATER-RESISTANT IMPRINT 1INX11 1/2I, - ID BAND SENTRY WATER-RESISTANT IMPRINT 1INX11 1/2I,5040-11-pdm,PACU    ,10154-011,,1/BX,$62.20 ,2,0,0,,14,Total Tx Amt. $0.00
2, - CARDINAL HEALTH,1907,,,O,"$1,335.89 ",$0.00 ,11/26/2019,wbra,12/2/2019,wbra,135, - FLUID LR 1000ML, - FLUID LR 1000ML,208829,GENERAL ,L7500,,12/BX,$22.63 ,2,0,0,,14,Total Tx Amt. $0.00
2, - CARDINAL HEALTH,1907,,,O,"$1,335.89 ",$0.00 ,11/26/2019,wbra,12/2/2019,wbra,137, - FLUID LR 500ML, - FLUID LR 500ML,186663,GENERAL ,L7501,,24/CS,$42.99 ,2,0,0,,14,Total Tx Amt. $0.00
2, - CARDINAL HEALTH,1907,,,O,"$1,335.89 ",$0.00 ,11/26/2019,wbra,12/2/2019,wbra,422, - DISINFECT CAVIWIPE 1MIN, - DISINFECT CAVIWIPE 1MIN,MX13-1150,HSKPNG  ,MX13-1150,,12/BX,$64.95 ,2,0,0,,14,Total Tx Amt. $0.00
2, - CARDINAL HEALTH,1907,,,O,"$1,335.89 ",$0.00 ,11/26/2019,wbra,12/2/2019,wbra,372, - DRAPE TOWEL SURGICAL 4PK BLUE, - DRAPE TOWEL SURGICAL 4PK BLUE,28700-004,DRAPE   ,28700-004,,20/CS,$38.00 ,1,0,0,,14,Total Tx Amt. $0.00
2, - CARDINAL HEALTH,1907,,,O,"$1,335.89 ",$0.00 ,11/26/2019,wbra,12/2/2019,wbra,69, - CAP BOUFFANT 24IN, - CAP BOUFFANT 24IN,3274,DRESSING,,,10/CS,$62.15 ,1,0,0,,14,Total Tx Amt. $0.00
2, - CARDINAL HEALTH,1907,,,O,"$1,335.89 ",$0.00 ,11/26/2019,wbra,12/2/2019,wbra,26," - DRAPE SHEET, THREE QUARTER"," - DRAPE SHEET, THREE QUARTER",9349,ANESTHE ,9349,,20/CS,$29.43 ,1,0,0,,14,Total Tx Amt. $0.00
2, - CARDINAL HEALTH,1907,,,O,"$1,335.89 ",$0.00 ,11/26/2019,wbra,12/2/2019,wbra,71, - GLOVE EXAM SMALL NITRILE, - GLOVE EXAM SMALL NITRILE,88TN02S,GENERAL ,88TN02S,,10/CS,$73.30 ,1,0,0,,14,Total Tx Amt. $0.00
2, - CARDINAL HEALTH,1907,,,O,"$1,335.89 ",$0.00 ,11/26/2019,wbra,12/2/2019,wbra,70, - GLOVE EXAM LARGE NITRILE, - GLOVE EXAM LARGE NITRILE,88TN04L,GENERAL ,88TN04L,,10/CS,$73.30 ,1,0,0,,14,Total Tx Amt. $0.00
2, - CARDINAL HEALTH,1907,,,O,"$1,335.89 ",$0.00 ,11/26/2019,wbra,12/2/2019,wbra,99, - GLOVE PROTEXIS PI 6 LATEX FREE, - GLOVE PROTEXIS PI 6 LATEX FREE,2D72PT60X,GENERAL ,2D72PT60X,,50/BX,$89.45 ,1,0,0,,14,Total Tx Amt. $0.00
2, - CARDINAL HEALTH,1907,,,O,"$1,335.89 ",$0.00 ,11/26/2019,wbra,12/2/2019,wbra,101, - GLOVE PROTEXIS PI 7 LATEX FREE, - GLOVE PROTEXIS PI 7 LATEX FREE,2D72PT70X,GENERAL ,2D72PT70X,,50/BX,$89.45 ,1,0,0,,14,Total Tx Amt. $0.00
2, - CARDINAL HEALTH,1907,,,O,"$1,335.89 ",$0.00 ,11/26/2019,wbra,12/2/2019,wbra,31, - DRAPE CYSTO PACK, - DRAPE CYSTO PACK,SPP99CY1AA,DRAPE   ,SPP99CY1AA,,6/CS,$118.62 ,2,0,0,,14,Total Tx Amt. $0.00
2, - CARDINAL HEALTH,1907,,,O,"$1,335.89 ",$0.00 ,11/26/2019,wbra,12/2/2019,wbra,542, - DRP PACK MINOR PROCEDURE, - DRP PACK MINOR PROCEDURE,SPP99MN7AA,DRAPE   ,SPP99MN7AA,,4/CS,$92.00 ,2,0,0,,14,Total Tx Amt. $0.00
2, - CARDINAL HEALTH,1907,,,O,"$1,335.89 ",$0.00 ,11/26/2019,wbra,12/2/2019,wbra,669," - PREP, CLIPPER SURGICAL HEAD"," - PREP, CLIPPER SURGICAL HEAD",CAH4406D,PREP    ,CAH4406D,,25/BX,$74.03 ,1,0,0,,14,Total Tx Amt. $0.00
1, - MCKESSON,1908,,,O,"$2,501.21 ",$0.00 ,11/26/2019,wbra,11/26/2019,wbra,195, - MED LUBRICATING JELLY 4OZ, - MED LUBRICATING JELLY 4OZ,LUB-4FLP,HSKPNG  ,1066700,,12/BX,$11.57 ,3,0,0,,10,Total Tx Amt. $0.00
1, - MCKESSON,1908,,,O,"$2,501.21 ",$0.00 ,11/26/2019,wbra,11/26/2019,wbra,770," - liner, trash can 60 gal roll"," - liner, trash can 60 gal roll",980394,HSKPNG  ,980394,,20/CS,$27.97 ,3,0,0,,10,Total Tx Amt. $0.00
1, - MCKESSON,1908,,,O,"$2,501.21 ",$0.00 ,11/26/2019,wbra,11/26/2019,wbra,743, - EKG Monitor Button Red Dot, - EKG Monitor Button Red Dot,2560,ANESTHE ,199314,,1/CS,$266.41 ,1,0,0,,10,Total Tx Amt. $0.00
1, - MCKESSON,1908,,,O,"$2,501.21 ",$0.00 ,11/26/2019,wbra,11/26/2019,wbra,235, - NDL SPINAL 22X7, - NDL SPINAL 22X7,190450,MEDS    ,797482,,10/BX,$64.91 ,1,0,0,,10,Total Tx Amt. $0.00
1, - MCKESSON,1908,,,O,"$2,501.21 ",$0.00 ,11/26/2019,wbra,11/26/2019,wbra,421, - SYRINGE LL 20ML, - SYRINGE LL 20ML,1031802,,16-S20C,,100/BX,$19.90 ,2,0,0,,10,Total Tx Amt. $0.00
1, - MCKESSON,1908,,,O,"$2,501.21 ",$0.00 ,11/26/2019,wbra,11/26/2019,wbra,564, - ANES AIRWAY ORAL 100MM RED, - ANES AIRWAY ORAL 100MM RED,16-2101G,ANESTHE ,,,24/CS,$10.16 ,2,0,0,,10,Total Tx Amt. $0.00
1, - MCKESSON,1908,,,O,"$2,501.21 ",$0.00 ,11/26/2019,wbra,11/26/2019,wbra,158, - MED BACI OINT, - MED BACI OINT,867537,GLV/MSK ,867537,,100/BX,$9.67 ,1,0,0,,10,Total Tx Amt. $0.00
1, - MCKESSON,1908,,,O,"$2,501.21 ",$0.00 ,11/26/2019,wbra,11/26/2019,wbra,827," - Botox, Therapeutic VL  100units, Allergan"," - Botox, Therapeutic VL  100units, Allergan",,MEDS    ,349702,,1/BT,$602.55 ,1,0,0,,10,Total Tx Amt. $0.00
1, - MCKESSON,1908,,,O,"$2,501.21 ",$0.00 ,11/26/2019,wbra,11/26/2019,wbra,624," - MED, OMNIPAQUE 300"," - MED, OMNIPAQUE 300",407141361,MEDS    ,533382,,10/BX,$57.09 ,2,0,0,,10,Total Tx Amt. $0.00
1, - MCKESSON,1908,,,O,"$2,501.21 ",$0.00 ,11/26/2019,wbra,11/26/2019,wbra,907," - Meds, Ephedrine, AMP 50Mg/ml 1ml"," - Meds, Ephedrine, AMP 50Mg/ml 1ml",17478041510,ANESTHE ,1092978,,10/BX,$252.95 ,5,0,0,,10,Total Tx Amt. $0.00
23, - COLOPLAST,1909,,,O,"$10,837.00 ",$0.00 ,11/26/2019,wbra,11/26/2019,wbra,899," - Impl, Assembly Kit"," - Impl, Assembly Kit",91-9480SC,,91-9480SC,,EA,$509.00 ,1,0,0,Lot # 7050921,3,Total Tx Amt. $0.00
23, - COLOPLAST,1909,,,O,"$10,837.00 ",$0.00 ,11/26/2019,wbra,11/26/2019,wbra,687," - IMP, TITAN RESEVOIR 75CC"," - IMP, TITAN RESEVOIR 75CC",ER8075,GENERAL ,ER8075,,EA,"$1,860.00 ",1,0,0,Batch Code 6625425,3,Total Tx Amt. $0.00
23, - COLOPLAST,1909,,,O,"$10,837.00 ",$0.00 ,11/26/2019,wbra,11/26/2019,wbra,1269," - IMPL, Zero Degree Angle Set W/ppump 20cc"," - IMPL, Zero Degree Angle Set W/ppump 20cc",ES8820,,ES8820,,EA,"$8,468.00 ",1,0,0,Batch Code 6828421,3,Total Tx Amt. $0.00
27, - BESSE MEDICAL,1910,,,O,$440.88 ,$0.00 ,11/27/2019,wbra,11/27/2019,wbra,885," - Bacitracin, VL PDR 50,000 Units"," - Bacitracin, VL PDR 50,000 Units",255718,GENERAL ,14438,,1/BT,$5.52 ,10,0,0,,2,Total Tx Amt. $0.00
27, - BESSE MEDICAL,1910,,,O,$440.88 ,$0.00 ,11/27/2019,wbra,11/27/2019,wbra,648," - MED, RIFADIN IV 600MG 25ML"," - MED, RIFADIN IV 600MG 25ML",00068-0597-01,MEDS    ,10820,,EA,$192.84 ,2,0,0,,2,Total Tx Amt. $0.00
1, - MCKESSON,1911,,,O,$878.15 ,$0.00 ,11/27/2019,wbra,11/27/2019,wbra,555, - BLANKET BAIR HUGGER UPPER, - BLANKET BAIR HUGGER UPPER,1045420,GENERAL ,1045420,,10/BX,$69.95 ,3,0,0,,13,Total Tx Amt. $0.00
1, - MCKESSON,1911,,,O,$878.15 ,$0.00 ,11/27/2019,wbra,11/27/2019,wbra,248, - CONTAINER SPECIMEN NS, - CONTAINER SPECIMEN NS,491102,MEDS    ,491102,,100/CS,$13.73 ,1,0,0,,13,Total Tx Amt. $0.00
1, - MCKESSON,1911,,,O,$878.15 ,$0.00 ,11/27/2019,wbra,11/27/2019,wbra,773," - SUPP, TUBING, CYSTO"," - SUPP, TUBING, CYSTO",V4608-20,GENERAL ,230756,,20/BX,$62.89 ,1,0,0,,13,Total Tx Amt. $0.00
1, - MCKESSON,1911,,,O,$878.15 ,$0.00 ,11/27/2019,wbra,11/27/2019,wbra,726," - SUPP, Y TUBING"," - SUPP, Y TUBING",2C4005,GENERAL ,200390,,12/BX,$121.87 ,1,0,0,,13,Total Tx Amt. $0.00
1, - MCKESSON,1911,,,O,$878.15 ,$0.00 ,11/27/2019,wbra,11/27/2019,wbra,420, - SYRINGE LL 10ML, - SYRINGE LL 10ML,1031801,,1031801,,100/BX,$7.54 ,2,0,0,,13,Total Tx Amt. $0.00
1, - MCKESSON,1911,,,O,$878.15 ,$0.00 ,11/27/2019,wbra,11/27/2019,wbra,830, - syringe/needle 3cc Blnt LL 18ga x 1 1/2, - syringe/needle 3cc Blnt LL 18ga x 1 1/2,305060,GENERAL ,459506,,100/BX,$11.80 ,3,0,0,,13,Total Tx Amt. $0.00
1, - MCKESSON,1911,,,O,$878.15 ,$0.00 ,11/27/2019,wbra,11/27/2019,wbra,229, - NDL HYPO 18X1.5, - NDL HYPO 18X1.5,1031789,IVS     ,1031789,,100/BX,$2.81 ,3,0,0,,13,Total Tx Amt. $0.00
1, - MCKESSON,1911,,,O,$878.15 ,$0.00 ,11/27/2019,wbra,11/27/2019,wbra,1070, - Laser Surgery Mask, - Laser Surgery Mask,47650,,357024,,36/BX,$18.67 ,1,0,0,,13,Total Tx Amt. $0.00
1, - MCKESSON,1911,,,O,$878.15 ,$0.00 ,11/27/2019,wbra,11/27/2019,wbra,927," - IV Admin Set, Secondary 15 drp"," - IV Admin Set, Secondary 15 drp",sc9001,PACU    ,685495,,50/BX,$41.06 ,1,0,0,,13,Total Tx Amt. $0.00
1, - MCKESSON,1911,,,O,$878.15 ,$0.00 ,11/27/2019,wbra,11/27/2019,wbra,710," - SUPP, NASAL CAN GAS SAMPLE 7'"," - SUPP, NASAL CAN GAS SAMPLE 7'",999489,ANESTHE ,999489,,25/CS,$42.40 ,2,0,0,,13,Total Tx Amt. $0.00
1, - MCKESSON,1911,,,O,$878.15 ,$0.00 ,11/27/2019,wbra,11/27/2019,wbra,211, - MED PROPOFOL 20ML, - MED PROPOFOL 20ML,989562,IVSUPPLY,989562,,25/BX,$55.88 ,3,0,0,,13,Total Tx Amt. $0.00
1, - MCKESSON,1911,,,O,$878.15 ,$0.00 ,11/27/2019,wbra,11/27/2019,wbra,833," - Mask, Anes size 6 Adult Elongated"," - Mask, Anes size 6 Adult Elongated",854706,ANESTHE ,854706,,30/BX,$47.11 ,1,0,0,,13,Total Tx Amt. $0.00
1, - MCKESSON,1911,,,O,$878.15 ,$0.00 ,11/27/2019,wbra,11/27/2019,wbra,162, - MED ANCEF 1G, - MED ANCEF 1G,1107414,GLV/MSK ,1107414,,25/BX,$25.81 ,2,0,0,,13,Total Tx Amt. $0.00
29, - ALLERGAN,1912,,,O,$144.00 ,$0.00 ,11/27/2019,wbra,11/27/2019,wbra,1037," - Needle, injeTAK DIS 199, 35 cm"," - Needle, injeTAK DIS 199, 35 cm",96031,,96031,,2/CS,$72.00 ,2,0,0,,1,Total Tx Amt. $0.00
33, - MEDTRONIC,1913,,,O,"$17,131.00 ",$0.00 ,12/2/2019,wbra,12/5/2019,wbra,837, - Interstim Lead Introducer Kit, - Interstim Lead Introducer Kit,355018,GENERAL ,355018,,EA,$280.00 ,1,0,0,,6,Total Tx Amt. $0.00
33, - MEDTRONIC,1913,,,O,"$17,131.00 ",$0.00 ,12/2/2019,wbra,12/5/2019,wbra,843, - Interstim Quadripolar Lead Kit for Sacral Nerve St, - Interstim Quadripolar Lead Kit for Sacral Nerve St,3889-28,GENERAL ,3889-28,,EA,"$3,360.00 ",1,0,0,,6,Total Tx Amt. $0.00
33, - MEDTRONIC,1913,,,O,"$17,131.00 ",$0.00 ,12/2/2019,wbra,12/5/2019,wbra,839, - Interstim Test Stimulation Cable, - Interstim Test Stimulation Cable,357501,GENERAL ,357501,,EA,$40.00 ,1,0,0,,6,Total Tx Amt. $0.00
33, - MEDTRONIC,1913,,,O,"$17,131.00 ",$0.00 ,12/2/2019,wbra,12/5/2019,wbra,834, - Interstim Neuro Stimulator, - Interstim Neuro Stimulator,3058,GENERAL ,3058,,EA,"$11,200.00 ",1,0,0,,6,Total Tx Amt. $0.00
33, - MEDTRONIC,1913,,,O,"$17,131.00 ",$0.00 ,12/2/2019,wbra,12/5/2019,wbra,835, - Interstim Hand Set With Communicator, - Interstim Hand Set With Communicator,TH90G01,GENERAL ,TH90G01,,EA,"$1,901.00 ",1,0,0,,6,Total Tx Amt. $0.00
33, - MEDTRONIC,1913,,,O,"$17,131.00 ",$0.00 ,12/2/2019,wbra,12/5/2019,wbra,736," - IMP, INTERSTIM TEST STIM 353101"," - IMP, INTERSTIM TEST STIM 353101",353101,GENERAL ,353101,,EA,$350.00 ,1,0,0,,6,Total Tx Amt. $0.00
3, - BOSTON SCIENTIFIC,1914,,,O,$197.65 ,$0.00 ,12/2/2019,wbra,12/2/2019,wbra,579," - BOSTON SCI, NAVIGATOR HD 11/13FR 46CM"," - BOSTON SCI, NAVIGATOR HD 11/13FR 46CM",M0062502230,GENERAL ,M0062502230,,EA,$197.65 ,1,0,0,,1,Total Tx Amt. $0.00
1, - MCKESSON,1915,,,O,$162.36 ,$0.00 ,12/2/2019,wbra,12/2/2019,wbra,151, - FLUID WATER 3000ML, - FLUID WATER 3000ML,200388,GLV/MSK ,200388,,4/CS,$33.87 ,2,0,0,,3,Total Tx Amt. $0.00
1, - MCKESSON,1915,,,O,$162.36 ,$0.00 ,12/2/2019,wbra,12/2/2019,wbra,829, - Knit pant unisex knit weave pants, - Knit pant unisex knit weave pants,884172,PACU    ,884172,,100/CS,$45.60 ,1,0,0,,3,Total Tx Amt. $0.00
1, - MCKESSON,1915,,,O,$162.36 ,$0.00 ,12/2/2019,wbra,12/2/2019,wbra,632," - SHARPS, 18 GAL RED CONTAINER"," - SHARPS, 18 GAL RED CONTAINER",862336,HSKPNG  ,862336,,EA,$16.34 ,3,0,0,,3,Total Tx Amt. $0.00
1, - MCKESSON,1916,,,O,"$1,807.65 ",$0.00 ,12/2/2019,wbra,12/2/2019,wbra,827," - Botox, Therapeutic VL  100units, Allergan"," - Botox, Therapeutic VL  100units, Allergan",,MEDS    ,349702,,1/BT,$602.55 ,3,0,0,,1,Total Tx Amt. $0.00
14, - BARD,1917,,,O,$120.60 ,$0.00 ,12/3/2019,wbra,12/3/2019,wbra,1031, - CATH FOLEY 2WAY COUDE 18FR 5CC, - CATH FOLEY 2WAY COUDE 18FR 5CC,0102L18,,0102L18,,12/BX,$120.60 ,1,0,0,,1,Total Tx Amt. $0.00
1, - MCKESSON,1918,,,O,"$1,067.18 ",$0.00 ,12/3/2019,wbra,12/5/2019,wbra,878," - Kitchen, Napkins"," - Kitchen, Napkins",MRC-6506PK,DRESSING,737581,,4000/CS,$6.93 ,1,0,0,,7,Total Tx Amt. $0.00
1, - MCKESSON,1918,,,O,"$1,067.18 ",$0.00 ,12/3/2019,wbra,12/5/2019,wbra,151, - FLUID WATER 3000ML, - FLUID WATER 3000ML,200388,GLV/MSK ,200388,,4/CS,$33.87 ,3,0,0,,7,Total Tx Amt. $0.00
1, - MCKESSON,1918,,,O,"$1,067.18 ",$0.00 ,12/3/2019,wbra,12/5/2019,wbra,152, - FLUID WATER 1000ML, - FLUID WATER 1000ML,513059,GENERAL ,513059,,14/CS,$56.50 ,2,0,0,,7,Total Tx Amt. $0.00
1, - MCKESSON,1918,,,O,"$1,067.18 ",$0.00 ,12/3/2019,wbra,12/5/2019,wbra,142, - FLUID NACL 1000ML, - FLUID NACL 1000ML,515490,GENERAL ,515490,,14/CS,$29.99 ,2,0,0,,7,Total Tx Amt. $0.00
1, - MCKESSON,1918,,,O,"$1,067.18 ",$0.00 ,12/3/2019,wbra,12/5/2019,wbra,846," - Albuterol, INH Proair HFA W/Counter 90 MCG"," - Albuterol, INH Proair HFA W/Counter 90 MCG",59310057922,ANESTHE ,830603,,EA,$68.65 ,6,0,0,,7,Total Tx Amt. $0.00
1, - MCKESSON,1918,,,O,"$1,067.18 ",$0.00 ,12/3/2019,wbra,12/5/2019,wbra,421, - SYRINGE LL 20ML, - SYRINGE LL 20ML,1031802,,16-S20C,,100/BX,$19.90 ,2,0,0,,7,Total Tx Amt. $0.00
1, - MCKESSON,1918,,,O,"$1,067.18 ",$0.00 ,12/3/2019,wbra,12/5/2019,wbra,228, - NDL CHIBA 20G, - NDL CHIBA 20G,CNM-2008,IVSUPPLY,629155,,10/BX,$83.49 ,4,0,0,,7,Total Tx Amt. $0.00
17, - HEALTHTRONICS MOBILE SOLUTIONS,1919,,,O,$0.00 ,$0.00 ,12/3/2019,wbra,12/3/2019,wbra,, - 30 Watt Blast Shield, - 30 Watt Blast Shield,,,,,ea,$0.00 ,1,0,0,,1,Total Tx Amt. $0.00
8, - STERIS,1920,,,O,$184.04 ,$0.00 ,12/4/2019,wbra,12/4/2019,wbra,1077, - Replacement bulb OR lights, - Replacement bulb OR lights,LB11,,LB11,,EA,$46.01 ,4,0,0,,1,Total Tx Amt. $0.00
23, - COLOPLAST,1921,,,O,$113.00 ,$0.00 ,12/4/2019,wbra,12/4/2019,wbra,1205," - Access Sheath, Coloplast 12-14 fr x 35cm"," - Access Sheath, Coloplast 12-14 fr x 35cm",ACXL12,,ACXL12,,EA,$113.00 ,1,0,0,,1,Total Tx Amt. $0.00
2, - CARDINAL HEALTH,1922,,,O,"$1,111.90 ",$0.00 ,12/4/2019,wbra,12/4/2019,wbra,128, - IV CATH INTROCAN 22X1, - IV CATH INTROCAN 22X1,629338,GENERAL ,425251902A,,50/BX,$157.71 ,2,0,0,,6,Total Tx Amt. $0.00
2, - CARDINAL HEALTH,1922,,,O,"$1,111.90 ",$0.00 ,12/4/2019,wbra,12/4/2019,wbra,132, - IV CATH INTROCAN 24X3/4, - IV CATH INTROCAN 24X3/4,425250002A,GENERAL ,425250002A,,50/BX,$148.48 ,2,0,0,,6,Total Tx Amt. $0.00
2, - CARDINAL HEALTH,1922,,,O,"$1,111.90 ",$0.00 ,12/4/2019,wbra,12/4/2019,wbra,632," - SHARPS, 18 GAL RED CONTAINER"," - SHARPS, 18 GAL RED CONTAINER",862336,HSKPNG  ,8998S,,5/BX,$130.20 ,1,0,0,,6,Total Tx Amt. $0.00
2, - CARDINAL HEALTH,1922,,,O,"$1,111.90 ",$0.00 ,12/4/2019,wbra,12/4/2019,wbra,347, - CAUTERY HANDHELD PUSH BUTTON HOLSTER, - CAUTERY HANDHELD PUSH BUTTON HOLSTER,E2516H,,E2516HA,,50/CS,$255.59 ,1,0,0,,6,Total Tx Amt. $0.00
2, - CARDINAL HEALTH,1922,,,O,"$1,111.90 ",$0.00 ,12/4/2019,wbra,12/4/2019,wbra,151, - FLUID WATER 3000ML, - FLUID WATER 3000ML,200388,GLV/MSK ,R8006,,4/BX,$48.78 ,1,0,0,,6,Total Tx Amt. $0.00
2, - CARDINAL HEALTH,1922,,,O,"$1,111.90 ",$0.00 ,12/4/2019,wbra,12/4/2019,wbra,422, - DISINFECT CAVIWIPE 1MIN, - DISINFECT CAVIWIPE 1MIN,MX13-1150,HSKPNG  ,MX13-1150,,12/BX,$64.95 ,1,0,0,,6,Total Tx Amt. $0.00
27, - BESSE MEDICAL,1923,,,O,$332.96 ,$0.00 ,12/4/2019,wbra,12/4/2019,wbra,1079," - Meds, Caverject 10MCG  Kit, Single Dose"," - Meds, Caverject 10MCG  Kit, Single Dose",30097,,30097,,2/CS,$166.48 ,2,0,0,,1,Total Tx Amt. $0.00
23, - COLOPLAST,1924,,,O,"$10,837.00 ",$0.00 ,12/4/2019,wbra,12/4/2019,wbra,899," - Impl, Assembly Kit"," - Impl, Assembly Kit",91-9480SC,,91-9480SC,,EA,$509.00 ,1,0,0,Batch Code 6944006,3,Total Tx Amt. $0.00
23, - COLOPLAST,1924,,,O,"$10,837.00 ",$0.00 ,12/4/2019,wbra,12/4/2019,wbra,687," - IMP, TITAN RESEVOIR 75CC"," - IMP, TITAN RESEVOIR 75CC",ER8075,GENERAL ,ER8075,,EA,"$1,860.00 ",1,0,0,Batch Code 6993369,3,Total Tx Amt. $0.00
23, - COLOPLAST,1924,,,O,"$10,837.00 ",$0.00 ,12/4/2019,wbra,12/4/2019,wbra,741, - Touch Infrapubic Zero Degree Angle Cylinder, - Touch Infrapubic Zero Degree Angle Cylinder,ES2818,,ES2818,,EA,"$8,468.00 ",1,0,0,Batch Code 5355408,3,Total Tx Amt. $0.00
50, - Verithon,1925,,,O,"$11,420.00 ",$0.00 ,12/4/2019,wbra,12/4/2019,wbra,1270, - Glide Scope GS Core SU, - Glide Scope GS Core SU,0270-0991,,0270-0991,,EA,"$11,420.00 ",1,0,0,,1,Total Tx Amt. $0.00
11, - RICHARD WOLF,1926,,,W,$627.30 ,$0.00 ,12/5/2019,wbra,12/5/2019,wbra,592, - E-LINE CUTTING ELECTRODE MONO 24FR, - E-LINE CUTTING ELECTRODE MONO 24FR,8424.131,GENERAL ,8424.131,,10/BX,$627.30 ,1,0,0,,1,Total Tx Amt. $0.00
1, - MCKESSON,1927,,,O,$290.04 ,$0.00 ,12/5/2019,wbra,12/5/2019,wbra,627," - DETERGENT, LOW SUDS INSTRUMENT"," - DETERGENT, LOW SUDS INSTRUMENT",53-28551,STRL PRO,484481,,4/BX,$89.63 ,1,0,0,,6,Total Tx Amt. $0.00
1, - MCKESSON,1927,,,O,$290.04 ,$0.00 ,12/5/2019,wbra,12/5/2019,wbra,136, - FLUID LR 1000ML, - FLUID LR 1000ML,515492,GENERAL ,515492,,14/CS,$30.30 ,2,0,0,,6,Total Tx Amt. $0.00
1, - MCKESSON,1927,,,O,$290.04 ,$0.00 ,12/5/2019,wbra,12/5/2019,wbra,745, - 3M Sterilization Indicator Strip comply Steam Chem, - 3M Sterilization Indicator Strip comply Steam Chem,1243ac,STRL PRO,134499,,100/BX,$18.93 ,3,0,0,,6,Total Tx Amt. $0.00
1, - MCKESSON,1927,,,O,$290.04 ,$0.00 ,12/5/2019,wbra,12/5/2019,wbra,1064," - ANES, Endotracheal Tube 7.5  mm"," - ANES, Endotracheal Tube 7.5  mm",112082075,ANESTHE ,144244,,10/BX,$16.00 ,1,0,0,,6,Total Tx Amt. $0.00
1, - MCKESSON,1927,,,O,$290.04 ,$0.00 ,12/5/2019,wbra,12/5/2019,wbra,64, - TAPE PLASTIC/TRANSPORE 1IN, - TAPE PLASTIC/TRANSPORE 1IN,M1527-1,DRESSING,5762,,12/BX,$7.20 ,3,0,0,,6,Total Tx Amt. $0.00
1, - MCKESSON,1927,,,O,$290.04 ,$0.00 ,12/5/2019,wbra,12/5/2019,wbra,1050, - Bowl. Utility 32 ox sterile, - Bowl. Utility 32 ox sterile,234181,GENERAL ,234181,,50/BX,$45.42 ,1,0,0,,6,Total Tx Amt. $0.00
2, - CARDINAL HEALTH,1928,,,O,"$3,647.81 ",$0.00 ,12/5/2019,wbra,12/9/2019,wbra,305, - TEST PACK BOWIE DICK, - TEST PACK BOWIE DICK,00135ls,STRL PRO,,,30/CS,$107.47 ,2,0,0,,20,Total Tx Amt. $0.00
2, - CARDINAL HEALTH,1928,,,O,"$3,647.81 ",$0.00 ,12/5/2019,wbra,12/9/2019,wbra,323, - WRAP DOUBLE LAYER 36X36, - WRAP DOUBLE LAYER 36X36,CH5G0036,,CH5G0036,,75/PK,$121.13 ,3,0,0,,20,Total Tx Amt. $0.00
2, - CARDINAL HEALTH,1928,,,O,"$3,647.81 ",$0.00 ,12/5/2019,wbra,12/9/2019,wbra,136, - FLUID LR 1000ML, - FLUID LR 1000ML,515492,GENERAL ,L7500,,12/BX,$22.63 ,2,0,0,,20,Total Tx Amt. $0.00
2, - CARDINAL HEALTH,1928,,,O,"$3,647.81 ",$0.00 ,12/5/2019,wbra,12/9/2019,wbra,796," - King UltraFlex 72"" breathing circuit"," - King UltraFlex 72"" breathing circuit",,ANESTHE ,8753F6121Z,,30/BX,$199.55 ,2,0,0,,20,Total Tx Amt. $0.00
2, - CARDINAL HEALTH,1928,,,O,"$3,647.81 ",$0.00 ,12/5/2019,wbra,12/9/2019,wbra,281, - SOCK SLIPPER ADULT XL, - SOCK SLIPPER ADULT XL,68125-GRY,,68125-GRY,,48/BX,$36.48 ,2,0,0,,20,Total Tx Amt. $0.00
2, - CARDINAL HEALTH,1928,,,O,"$3,647.81 ",$0.00 ,12/5/2019,wbra,12/9/2019,wbra,134, - IV START KIT, - IV START KIT,01-9000A,GENERAL ,01-9000A,,100/CS,$100.00 ,1,0,0,,20,Total Tx Amt. $0.00
2, - CARDINAL HEALTH,1928,,,O,"$3,647.81 ",$0.00 ,12/5/2019,wbra,12/9/2019,wbra,140, - FLUID NACL 3000ML, - FLUID NACL 3000ML,230132,GENERAL ,R8206,,4/BX,$41.56 ,4,0,0,,20,Total Tx Amt. $0.00
2, - CARDINAL HEALTH,1928,,,O,"$3,647.81 ",$0.00 ,12/5/2019,wbra,12/9/2019,wbra,739, - SafeDay IV Administration Set, - SafeDay IV Administration Set,352904,PACU    ,352899,,50/BX,$109.99 ,2,0,0,,20,Total Tx Amt. $0.00
2, - CARDINAL HEALTH,1928,,,O,"$3,647.81 ",$0.00 ,12/5/2019,wbra,12/9/2019,wbra,127, - IV CATH INTROCAN 20X1, - IV CATH INTROCAN 20X1,629114,PACU    ,425254302A,,50/BX,$198.47 ,2,0,0,,20,Total Tx Amt. $0.00
2, - CARDINAL HEALTH,1928,,,O,"$3,647.81 ",$0.00 ,12/5/2019,wbra,12/9/2019,wbra,128, - IV CATH INTROCAN 22X1, - IV CATH INTROCAN 22X1,629338,GENERAL ,425251902A,,50/BX,$157.71 ,2,0,0,,20,Total Tx Amt. $0.00
2, - CARDINAL HEALTH,1928,,,O,"$3,647.81 ",$0.00 ,12/5/2019,wbra,12/9/2019,wbra,908," - Anes, Airway I-Gel 5"," - Anes, Airway I-Gel 5",961011,ANESTHE ,8705030,,6/BX,$125.70 ,1,0,0,,20,Total Tx Amt. $0.00
2, - CARDINAL HEALTH,1928,,,O,"$3,647.81 ",$0.00 ,12/5/2019,wbra,12/9/2019,wbra,1273," - PACU, Baby Wipes"," - PACU, Baby Wipes",2BWSU-12,PACU    ,2BWSU-12,,48/BX,$56.56 ,1,0,0,,20,Total Tx Amt. $0.00
2, - CARDINAL HEALTH,1928,,,O,"$3,647.81 ",$0.00 ,12/5/2019,wbra,12/9/2019,wbra,31, - DRAPE CYSTO PACK, - DRAPE CYSTO PACK,SPP99CY1AA,DRAPE   ,SPP99CY1AA,,6/CS,$118.62 ,3,0,0,,20,Total Tx Amt. $0.00
2, - CARDINAL HEALTH,1928,,,O,"$3,647.81 ",$0.00 ,12/5/2019,wbra,12/9/2019,wbra,704," - SUT, PDS 2-0 SH"," - SUT, PDS 2-0 SH",Z317H,SUTURE  ,Z317H,,36/BX,$94.00 ,1,0,0,,20,Total Tx Amt. $0.00
2, - CARDINAL HEALTH,1928,,,O,"$3,647.81 ",$0.00 ,12/5/2019,wbra,12/9/2019,wbra,681," - SUT, 4-0 CHROMIC 27IN RB-1"," - SUT, 4-0 CHROMIC 27IN RB-1",U203H,SUTURE  ,U203H,,36/BX,$115.66 ,1,0,0,,20,Total Tx Amt. $0.00
2, - CARDINAL HEALTH,1928,,,O,"$3,647.81 ",$0.00 ,12/5/2019,wbra,12/9/2019,wbra,409, - SUTURE MONOCRYL 4-0 18IN, - SUTURE MONOCRYL 4-0 18IN,Y496G,,Y496G,,12/BX,$69.64 ,1,0,0,,20,Total Tx Amt. $0.00
2, - CARDINAL HEALTH,1928,,,O,"$3,647.81 ",$0.00 ,12/5/2019,wbra,12/9/2019,wbra,139, - FLUID LR 500ML, - FLUID LR 500ML,2B2323Q,GENERAL ,l7501,,24/CS,$42.99 ,2,0,0,,20,Total Tx Amt. $0.00
2, - CARDINAL HEALTH,1928,,,O,"$3,647.81 ",$0.00 ,12/5/2019,wbra,12/9/2019,wbra,1274," - ANES, AIRWAY ORAL 120 mm Clear"," - ANES, AIRWAY ORAL 120 mm Clear",T124701060,ANESTHE ,T124701060,,10/BX,$19.38 ,1,0,0,,20,Total Tx Amt. $0.00
2, - CARDINAL HEALTH,1928,,,O,"$3,647.81 ",$0.00 ,12/5/2019,wbra,12/9/2019,wbra,542, - DRP PACK MINOR PROCEDURE, - DRP PACK MINOR PROCEDURE,SPP99MN7AA,DRAPE   ,SPP99MN7AA,,4/CS,$92.00 ,3,0,0,,20,Total Tx Amt. $0.00
2, - CARDINAL HEALTH,1928,,,O,"$3,647.81 ",$0.00 ,12/5/2019,wbra,12/9/2019,wbra,298, - PREP TRAY IODINE STERILE, - PREP TRAY IODINE STERILE,Nov-08,,Nov-08,,20/CS,$77.40 ,2,0,0,,20,Total Tx Amt. $0.00
8, - STERIS,1929,,,O,"$1,177.89 ",$0.00 ,12/5/2019,wbra,12/5/2019,wbra,523, - STERIS CELERITY 20HP BI, - STERIS CELERITY 20HP BI,LCB044,STRL PRO,LCB044,,25/BX,$311.25 ,3,0,0,,2,Total Tx Amt. $0.00
8, - STERIS,1929,,,O,"$1,177.89 ",$0.00 ,12/5/2019,wbra,12/5/2019,wbra,801, - Revital0Ox ResertR60 Solution test strip, - Revital0Ox ResertR60 Solution test strip,PCC054,STRL PRO,PCC054,,2/CS,$81.38 ,3,0,0,,2,Total Tx Amt. $0.00
15, - TELEFLEX/ARROW,1930,,,O,$469.89 ,$0.00 ,12/6/2019,wbra,12/6/2019,wbra,520, - ANES LMA 5 UNIQUE, - ANES LMA 5 UNIQUE,105200-000050,ANESTHE ,105200-000050,,10/BX,$135.00 ,1,0,0,,4,Total Tx Amt. $0.00
15, - TELEFLEX/ARROW,1930,,,O,$469.89 ,$0.00 ,12/6/2019,wbra,12/6/2019,wbra,521, - ANES LMA 5 EVO, - ANES LMA 5 EVO,1D2050,ANESTHE ,1D2050,,10/BX,$151.50 ,1,0,0,,4,Total Tx Amt. $0.00
15, - TELEFLEX/ARROW,1930,,,O,$469.89 ,$0.00 ,12/6/2019,wbra,12/6/2019,wbra,519, - ANES LMA 4 EVO, - ANES LMA 4 EVO,1D2040,ANESTHE ,1D2040,,10/BX,$151.50 ,1,0,0,,4,Total Tx Amt. $0.00
15, - TELEFLEX/ARROW,1930,,,O,$469.89 ,$0.00 ,12/6/2019,wbra,12/6/2019,wbra,1271," - ANES, Orophayngeal Airway Cath Guide 120mm"," - ANES, Orophayngeal Airway Cath Guide 120mm",1165,,1165,,48/CS,$31.89 ,1,0,0,,4,Total Tx Amt. $0.00
1, - MCKESSON,1931,,,O,"$4,840.37 ",$0.00 ,12/6/2019,wbra,12/10/2019,wbra,827," - Botox, Therapeutic VL  100units, Allergan"," - Botox, Therapeutic VL  100units, Allergan",,MEDS    ,349702,,1/BT,$602.55 ,4,0,0,,8,Total Tx Amt. $0.00
1, - MCKESSON,1931,,,O,"$4,840.37 ",$0.00 ,12/6/2019,wbra,12/10/2019,wbra,221, - MED SUPRANE 240ML, - MED SUPRANE 240ML,988492,IVSUPPLY,988492,,6/BX,"$1,177.29 ",1,0,0,,8,Total Tx Amt. $0.00
1, - MCKESSON,1931,,,O,"$4,840.37 ",$0.00 ,12/6/2019,wbra,12/10/2019,wbra,699," - MED, SEVOFLURANE INHAL"," - MED, SEVOFLURANE INHAL",6679401525,MEDS    ,779244,,EA,$126.20 ,6,0,0,,8,Total Tx Amt. $0.00
1, - MCKESSON,1931,,,O,"$4,840.37 ",$0.00 ,12/6/2019,wbra,12/10/2019,wbra,162, - MED ANCEF 1G, - MED ANCEF 1G,1107414,GLV/MSK ,1107414,,25/BX,$25.81 ,2,0,0,,8,Total Tx Amt. $0.00
1, - MCKESSON,1931,,,O,"$4,840.37 ",$0.00 ,12/6/2019,wbra,12/10/2019,wbra,207, - MED ZOFRAN 2ML, - MED ZOFRAN 2ML,1113028,IVSUPPLY,1113028,,25/CT,$13.91 ,3,0,0,,8,Total Tx Amt. $0.00
1, - MCKESSON,1931,,,O,"$4,840.37 ",$0.00 ,12/6/2019,wbra,12/10/2019,wbra,624," - MED, OMNIPAQUE 300"," - MED, OMNIPAQUE 300",407141361,MEDS    ,533382,,10/BX,$57.09 ,2,0,0,,8,Total Tx Amt. $0.00
1, - MCKESSON,1931,,,O,"$4,840.37 ",$0.00 ,12/6/2019,wbra,12/10/2019,wbra,211, - MED PROPOFOL 20ML, - MED PROPOFOL 20ML,989562,IVSUPPLY,989562,,25/BX,$55.88 ,3,0,0,,8,Total Tx Amt. $0.00
1, - MCKESSON,1931,,,O,"$4,840.37 ",$0.00 ,12/6/2019,wbra,12/10/2019,wbra,630," - MED, CEFTRIAXONE 1GM"," - MED, CEFTRIAXONE 1GM",44567070125,ANESTHE ,1065361,,25/BX,$40.17 ,3,0,0,,8,Total Tx Amt. $0.00
23, - COLOPLAST,1932,,12/9/2019,O,$732.00 ,$0.00 ,12/6/2019,wbra,12/6/2019,wbra,601," - SLING, FEMALE ARIS TRANSOBTURATOR KIT"," - SLING, FEMALE ARIS TRANSOBTURATOR KIT",93-4400,GENERAL ,93-4400,,EA,$732.00 ,1,0,0,,1,Total Tx Amt. $0.00
23, - COLOPLAST,1933,,,O,"$5,948.00 ",$0.00 ,12/9/2019,wbra,12/10/2019,wbra,1026," - IMPLt, Access Dermis 4cm x 7 cm"," - IMPLt, Access Dermis 4cm x 7 cm",93-9247,GENERAL ,93-9247,,EA,"$1,092.00 ",2,0,0,,2,Total Tx Amt. $0.00
23, - COLOPLAST,1933,,,O,"$5,948.00 ",$0.00 ,12/9/2019,wbra,12/10/2019,wbra,657," - IMPLANT, TUTOPERICARDIUM 6X6"," - IMPLANT, TUTOPERICARDIUM 6X6",93-8266,GENERAL ,93-8266,,EA,"$1,882.00 ",2,0,0,,2,Total Tx Amt. $0.00
31, - NEOTRACT/ UROLIFT,1934,,,O,"$11,400.00 ",$0.00 ,12/9/2019,wbra,12/9/2019,wbra,665, - UROLIFT SYSTEM IMPLANT, - UROLIFT SYSTEM IMPLANT,UL400-4,GENERAL ,UL400-4,,4/CS,"$3,800.00 ",3,0,0,,1,Total Tx Amt. $0.00
28, - COOPER SURGICAL,1935,,,O,$453.85 ,$0.00 ,12/9/2019,wbra,12/9/2019,wbra,1275," - RETRACTOR, LONE STAR Elastic Stay 5 mm sharp hook"," - RETRACTOR, LONE STAR Elastic Stay 5 mm sharp hook",3311-8G,,3311-1G,,50/BX,$453.85 ,1,0,0,,1,Total Tx Amt. $0.00
21, - BK Medical,1936,,,O,$885.00 ,$0.00 ,12/9/2019,wbra,12/9/2019,wbra,723," - SUPP, ULTRASOUND GUIDE, BK"," - SUPP, ULTRASOUND GUIDE, BK",UA1322-S,GENERAL ,UA1322-S,,18/CS,$295.00 ,3,0,0,,1,Total Tx Amt. $0.00
23, - COLOPLAST,1937,,,O,"$10,837.00 ",$0.00 ,12/9/2019,wbra,12/9/2019,wbra,899," - Impl, Assembly Kit"," - Impl, Assembly Kit",91-9480SC,,91-9480SC,,EA,$509.00 ,1,0,0,Batch Code 7050921,3,Total Tx Amt. $0.00
23, - COLOPLAST,1937,,,O,"$10,837.00 ",$0.00 ,12/9/2019,wbra,12/9/2019,wbra,808," - IMP, TITAN RESERVOIR ECLD 125CC"," - IMP, TITAN RESERVOIR ECLD 125CC",ER8125,GENERAL ,ER8125,,EA,"$1,860.00 ",1,0,0,Batch Code 70233844,3,Total Tx Amt. $0.00
23, - COLOPLAST,1937,,,O,"$10,837.00 ",$0.00 ,12/9/2019,wbra,12/9/2019,wbra,1276, - IMPL Titan Infrapubic 0 Degree cylinder set  22cm, - IMPL Titan Infrapubic 0 Degree cylinder set  22cm,ES8822,GENERAL ,ES8822,,EA,"$8,468.00 ",1,0,0,Batch code 6741562,3,Total Tx Amt. $0.00
23, - COLOPLAST,1938,,,O,$0.00 ,$0.00 ,12/9/2019,wbra,12/10/2019,wbra,1277, - IMPL. Coloplast Torosa Testicular Impl. Medium, - IMPL. Coloplast Torosa Testicular Impl. Medium,450-1327,GENERAL ,450-1327,,EA,$0.00 ,1,0,0,,1,Total Tx Amt. $0.00
2, - CARDINAL HEALTH,1939,,,O,$940.28 ,$0.00 ,12/10/2019,wbra,12/11/2019,wbra,633," - TUBING, SUCTION NS BUBBLE"," - TUBING, SUCTION NS BUBBLE",8888280412,GLV/MSK ,8888280412,,EA,$8.80 ,4,0,0,,13,Total Tx Amt. $0.00
2, - CARDINAL HEALTH,1939,,,O,$940.28 ,$0.00 ,12/10/2019,wbra,12/11/2019,wbra,1272," - PACU, Adult Diaper, XL"," - PACU, Adult Diaper, XL",UWBXL,PACU    ,1205-,,18/CS,$11.36 ,1,0,0,,13,Total Tx Amt. $0.00
2, - CARDINAL HEALTH,1939,,,O,$940.28 ,$0.00 ,12/10/2019,wbra,12/11/2019,wbra,795," - Underpads Regular,23 x 24"," - Underpads Regular,23 x 24",UPLT2324,GENERAL ,1038,,2400/CS,$25.96 ,1,0,0,,13,Total Tx Amt. $0.00
2, - CARDINAL HEALTH,1939,,,O,$940.28 ,$0.00 ,12/10/2019,wbra,12/11/2019,wbra,363, - CONTAINER SUCTION 3000ML, - CONTAINER SUCTION 3000ML,65651-230,GENERAL ,65651-230,,40/CS,$70.47 ,2,0,0,,13,Total Tx Amt. $0.00
2, - CARDINAL HEALTH,1939,,,O,$940.28 ,$0.00 ,12/10/2019,wbra,12/11/2019,wbra,289, - BASIN URINAL 1QT, - BASIN URINAL 1QT,1020361,,H140-01,,50/BX,$16.56 ,1,0,0,,13,Total Tx Amt. $0.00
2, - CARDINAL HEALTH,1939,,,O,$940.28 ,$0.00 ,12/10/2019,wbra,12/11/2019,wbra,31, - DRAPE CYSTO PACK, - DRAPE CYSTO PACK,SPP99CY1AA,DRAPE   ,SPP99CY1AA,,6/CS,$118.62 ,1,0,0,,13,Total Tx Amt. $0.00
2, - CARDINAL HEALTH,1939,,,O,$940.28 ,$0.00 ,12/10/2019,wbra,12/11/2019,wbra,77, - GLOVE NEOPRENE 6, - GLOVE NEOPRENE 6,2D73DP60,GENERAL ,2D73DP60,,50/BX,$71.50 ,1,0,0,,13,Total Tx Amt. $0.00
2, - CARDINAL HEALTH,1939,,,O,$940.28 ,$0.00 ,12/10/2019,wbra,12/11/2019,wbra,1285," - PACU, Tape, 3M TRANSPOR Single Patient use 1 1/2yd"," - PACU, Tape, 3M TRANSPOR Single Patient use 1 1/2yd",M152575-1,,1534S-1,,100/BX,$40.63 ,1,0,0,,13,Total Tx Amt. $0.00
2, - CARDINAL HEALTH,1939,,,O,$940.28 ,$0.00 ,12/10/2019,wbra,12/11/2019,wbra,1286," - SUTR, 3-0 Chromic Gut 27"" 1/2 circle FS-2 reverse"," - SUTR, 3-0 Chromic Gut 27"" 1/2 circle FS-2 reverse",636H,DRESSING,636H,,36/BX,$104.23 ,1,0,0,,13,Total Tx Amt. $0.00
2, - CARDINAL HEALTH,1939,,,O,$940.28 ,$0.00 ,12/10/2019,wbra,12/11/2019,wbra,74, - GLOVE EXAM MEDIUM NITRILE, - GLOVE EXAM MEDIUM NITRILE,88TN03M,GENERAL ,88TN03M,,1/CS,$73.30 ,1,0,0,,13,Total Tx Amt. $0.00
2, - CARDINAL HEALTH,1939,,,O,$940.28 ,$0.00 ,12/10/2019,wbra,12/11/2019,wbra,367, - BLADE SURGICAL #11 S BD, - BLADE SURGICAL #11 S BD,371111,,D2865-11,,50/BX,$17.41 ,1,0,0,,13,Total Tx Amt. $0.00
2, - CARDINAL HEALTH,1939,,,O,$940.28 ,$0.00 ,12/10/2019,wbra,12/11/2019,wbra,, - xray detectablesponge C-XR4415S, - xray detectablesponge C-XR4415S,,,,,128/CS,$118.33 ,1,0,0,,13,Total Tx Amt. $0.00
2, - CARDINAL HEALTH,1939,,,O,$940.28 ,$0.00 ,12/10/2019,wbra,12/11/2019,wbra,140, - FLUID NACL 3000ML, - FLUID NACL 3000ML,230132,GENERAL ,R8206,,4/BX,$41.56 ,4,0,0,,13,Total Tx Amt. $0.00
4, - COOK MEDICAL,1940,,,O,"$2,451.86 ",$0.00 ,12/10/2019,wbra,12/17/2019,wbra,459, - COOK URETERAL STENT FIRM UNIVERSA, - COOK URETERAL STENT FIRM UNIVERSA,G23406,GENERAL ,G23406,,EA,$49.50 ,8,0,0,,9,Total Tx Amt. $0.00
4, - COOK MEDICAL,1940,,,O,"$2,451.86 ",$0.00 ,12/10/2019,wbra,12/17/2019,wbra,458, - COOK URETERAL STENT FIRM UNIVERSA, - COOK URETERAL STENT FIRM UNIVERSA,G23405,GENERAL ,G23405,,EA,$49.50 ,6,0,0,,9,Total Tx Amt. $0.00
4, - COOK MEDICAL,1940,,,O,"$2,451.86 ",$0.00 ,12/10/2019,wbra,12/17/2019,wbra,658," - SUPP, COOK AQ URETERAL DILATOR"," - SUPP, COOK AQ URETERAL DILATOR",G17636,GENERAL ,G17636,,EA,$19.55 ,4,0,0,B/O till W/O 12/16,9,Total Tx Amt. $0.00
4, - COOK MEDICAL,1940,,,O,"$2,451.86 ",$0.00 ,12/10/2019,wbra,12/17/2019,wbra,460, - COOK URETERAL STENT FIRM UNIVERSA, - COOK URETERAL STENT FIRM UNIVERSA,G23407,GENERAL ,G23407,,EA,$49.50 ,4,0,0,,9,Total Tx Amt. $0.00
4, - COOK MEDICAL,1940,,,O,"$2,451.86 ",$0.00 ,12/10/2019,wbra,12/17/2019,wbra,436, - COOK ACCESS CATH URETERAL DUAL 6FR, - COOK ACCESS CATH URETERAL DUAL 6FR,G17330,GENERAL ,G17330,,EA,$39.82 ,3,0,0,,9,Total Tx Amt. $0.00
4, - COOK MEDICAL,1940,,,O,"$2,451.86 ",$0.00 ,12/10/2019,wbra,12/17/2019,wbra,439, - COOK TIPLESS STONE EXTRACTOR 2.2 x 115, - COOK TIPLESS STONE EXTRACTOR 2.2 x 115,G18778,GENERAL ,G18778,,EA,$174.00 ,4,0,0,,9,Total Tx Amt. $0.00
4, - COOK MEDICAL,1940,,,O,"$2,451.86 ",$0.00 ,12/10/2019,wbra,12/17/2019,wbra,941, - COOK KWART RETRO-INJECT URETERAL STENT 6 x 24, - COOK KWART RETRO-INJECT URETERAL STENT 6 x 24,G14886,GENERAL ,G14886,,EA,$99.45 ,1,0,0,,9,Total Tx Amt. $0.00
4, - COOK MEDICAL,1940,,,O,"$2,451.86 ",$0.00 ,12/10/2019,wbra,12/17/2019,wbra,433, - COOK ACCESS SHEATH URETERAL 12FR 35CM, - COOK ACCESS SHEATH URETERAL 12FR 35CM,G19168,GENERAL ,G19168,,EA,$113.55 ,1,0,0,,9,Total Tx Amt. $0.00
4, - COOK MEDICAL,1940,,,O,"$2,451.86 ",$0.00 ,12/10/2019,wbra,12/17/2019,wbra,689, - COOK ACCESS SHEATH URETERAL, - COOK ACCESS SHEATH URETERAL,G46168,GENERAL ,G46168,,EA,$113.55 ,4,0,0,,9,Total Tx Amt. $0.00
35, - MINDRAY,1941,,,O,"$61,959.48 ",$0.00 ,12/10/2019,wbra,12/10/2019,wbra,1279, - ANES, - ANES,121-001467-00,ANESTHE ,121-001467-00,,EA,"$20,653.16 ",3,0,0,Price includes all items shown on Quote # Q-30722,1,Total Tx Amt. $0.00
1, - MCKESSON,1942,,,O,$306.54 ,$0.00 ,12/10/2019,wbra,12/10/2019,wbra,933," - Container, Specimen Container sterile"," - Container, Specimen Container sterile",1053,GENERAL ,182927,,100/BX,$29.67 ,1,0,0,,3,Total Tx Amt. $0.00
1, - MCKESSON,1942,,,O,$306.54 ,$0.00 ,12/10/2019,wbra,12/10/2019,wbra,268, - MARKER SKIN MINI NS, - MARKER SKIN MINI NS,1042455,MEDS    ,1042455,,100/BX,$33.13 ,1,0,0,,3,Total Tx Amt. $0.00
1, - MCKESSON,1942,,,O,$306.54 ,$0.00 ,12/10/2019,wbra,12/10/2019,wbra,726," - SUPP, Y TUBING"," - SUPP, Y TUBING",2C4005,GENERAL ,200390,,12/BX,$121.87 ,2,0,0,Cardinal out of stock until Late December,3,Total Tx Amt. $0.00
15, - TELEFLEX/ARROW,1943,,,O,$606.00 ,$0.00 ,12/10/2019,wbra,12/10/2019,wbra,519, - ANES LMA 4 EVO, - ANES LMA 4 EVO,1D2040,ANESTHE ,1D2040,,10/BX,$151.50 ,4,0,0,,1,Total Tx Amt. $0.00
50, - Verithon,1944,,,O,"$3,000.00 ",$0.00 ,12/10/2019,wbra,12/10/2019,wbra,1280," - ANES, B Flex 5.8 Bronchoscope"," - ANES, B Flex 5.8 Bronchoscope",0507-0397,ANESTHE ,0507-0397,,5/BX,"$1,700.00 ",1,0,0,,5,Total Tx Amt. $0.00
50, - Verithon,1944,,,O,"$3,000.00 ",$0.00 ,12/10/2019,wbra,12/10/2019,wbra,1281," - ANES, Laryngoscope, single Use LoPro S3"," - ANES, Laryngoscope, single Use LoPro S3",02770-0938,ANESTHE ,0270-0938,,10/BX,$400.00 ,1,0,0,,5,Total Tx Amt. $0.00
50, - Verithon,1944,,,O,"$3,000.00 ",$0.00 ,12/10/2019,wbra,12/10/2019,wbra,1282," - ANES, Laryngoscope, single Use LoPro S4"," - ANES, Laryngoscope, single Use LoPro S4",0270-0939,ANESTHE ,0270-0939,,10/BX,$400.00 ,1,0,0,,5,Total Tx Amt. $0.00
50, - Verithon,1944,,,O,"$3,000.00 ",$0.00 ,12/10/2019,wbra,12/10/2019,wbra,1283," - ANES, Laryngoscope, single Use LoPro S3"," - ANES, Laryngoscope, single Use LoPro S3",0270-0932,ANESTHE ,0270-0932,,10/BX,$400.00 ,1,0,0,,5,Total Tx Amt. $0.00
50, - Verithon,1944,,,O,"$3,000.00 ",$0.00 ,12/10/2019,wbra,12/10/2019,wbra,1284," - ANES, GlideRite Stylets large single use"," - ANES, GlideRite Stylets large single use",0270-1005,ANESTHE ,0270-1005,,10/BX,$100.00 ,1,0,0,,5,Total Tx Amt. $0.00
1, - MCKESSON,1945,,,O,$303.83 ,$0.00 ,12/11/2019,wbra,12/12/2019,wbra,236, - NDL SPINAL 22X3.5 QUINCKE, - NDL SPINAL 22X3.5 QUINCKE,797482,MEDS    ,797482,,25/BX,$33.94 ,1,0,0,,5,Total Tx Amt. $0.00
1, - MCKESSON,1945,,,O,$303.83 ,$0.00 ,12/11/2019,wbra,12/12/2019,wbra,148, - FLUID WATER 500ML BOTTLE, - FLUID WATER 500ML BOTTLE,161730,GENERAL ,161730,,16/cs,$29.23 ,2,0,0,,5,Total Tx Amt. $0.00
1, - MCKESSON,1945,,,O,$303.83 ,$0.00 ,12/11/2019,wbra,12/12/2019,wbra,135, - FLUID LR 1000ML, - FLUID LR 1000ML,208829,GENERAL ,208829,,14/CS,$39.65 ,3,0,0,,5,Total Tx Amt. $0.00
1, - MCKESSON,1945,,,O,$303.83 ,$0.00 ,12/11/2019,wbra,12/12/2019,wbra,711," - DRSG, RESERVOIR SILICONE 100ML"," - DRSG, RESERVOIR SILICONE 100ML",19-322160,DRESSING,491269,,10/CS,$53.00 ,1,0,0,,5,Total Tx Amt. $0.00
1, - MCKESSON,1945,,,O,$303.83 ,$0.00 ,12/11/2019,wbra,12/12/2019,wbra,141, - FLUID NACL 500ML, - FLUID NACL 500ML,467132,GENERAL ,467132,,18/CS,$39.48 ,1,0,0,,5,Total Tx Amt. $0.00
8, - STERIS,1947,,,O,"$3,205.50 ",$0.00 ,12/11/2019,wbra,12/11/2019,wbra,1043, - Steric Vaprox HC, - Steric Vaprox HC,PB007,STRL PRO,PB007,,1/CS,$521.10 ,5,0,0,,4,Total Tx Amt. $0.00
8, - STERIS,1947,,,O,"$3,205.50 ",$0.00 ,12/11/2019,wbra,12/11/2019,wbra,566, - SPD HPU CHEMICAL INDICATOR, - SPD HPU CHEMICAL INDICATOR,PCC061,STRL PRO,PCC061,,100/BX,$200.00 ,3,0,0,,4,Total Tx Amt. $0.00
8, - STERIS,1947,,,O,"$3,205.50 ",$0.00 ,12/11/2019,wbra,12/11/2019,wbra,1288," - SPDC, Sterilization PouchVid-U-All 4 x 9"," - SPDC, Sterilization PouchVid-U-All 4 x 9",886049,STRL PRO,886049,,100/BX,$0.00 ,4,0,0,,4,Total Tx Amt. $0.00
8, - STERIS,1947,,,O,"$3,205.50 ",$0.00 ,12/11/2019,wbra,12/11/2019,wbra,1287," - SPDC, Sterilization PouchVid-U-All 10 x 15"," - SPDC, Sterilization PouchVid-U-All 10 x 15",886115,STRL PRO,886115,,100/BX,$0.00 ,2,0,0,,4,Total Tx Amt. $0.00
23, - COLOPLAST,1948,,,O,"$10,433.00 ",$0.00 ,12/11/2019,wbra,12/11/2019,wbra,899," - Impl, Assembly Kit"," - Impl, Assembly Kit",91-9480SC,,91-9480SC,,EA,$509.00 ,1,0,0,Batch Code 6996062,3,Total Tx Amt. $0.00
23, - COLOPLAST,1948,,,O,"$10,433.00 ",$0.00 ,12/11/2019,wbra,12/11/2019,wbra,687," - IMP, TITAN RESEVOIR 75CC"," - IMP, TITAN RESEVOIR 75CC",ER8075,GENERAL ,ER8075,,EA,"$1,860.00 ",1,0,0,Batch Code 7041140,3,Total Tx Amt. $0.00
23, - COLOPLAST,1948,,,O,"$10,433.00 ",$0.00 ,12/11/2019,wbra,12/11/2019,wbra,917," - IMPL, Touch Infrapubic0de. Angle cylinder /wPump"," - IMPL, Touch Infrapubic0de. Angle cylinder /wPump",ES2820,,ES2820,,EA,"$8,064.00 ",1,0,0,Batch Code 5907308,3,Total Tx Amt. $0.00
1, - MCKESSON,1949,,,O,"$1,395.14 ",$0.00 ,12/11/2019,wbra,12/12/2019,wbra,1289, - Surgicel Absorbable Hemostat Dressing  4 x 8, - Surgicel Absorbable Hemostat Dressing  4 x 8,294161,GENERAL ,294161,,12/BX,"$1,395.14 ",1,0,0,,1,Total Tx Amt. $0.00
2, - CARDINAL HEALTH,1950,,,O,"$1,823.16 ",$0.00 ,12/12/2019,wbra,12/16/2019,wbra,36, - GOWN LARGE, - GOWN LARGE,9515,DRAPE   ,9515,,20/CS,$47.72 ,2,0,0,,28,Total Tx Amt. $0.00
2, - CARDINAL HEALTH,1950,,,O,"$1,823.16 ",$0.00 ,12/12/2019,wbra,12/16/2019,wbra,106, - GOWN XLARGE, - GOWN XLARGE,9545,GENERAL ,9545,,20/CS,$45.85 ,2,0,0,,28,Total Tx Amt. $0.00
2, - CARDINAL HEALTH,1950,,,O,"$1,823.16 ",$0.00 ,12/12/2019,wbra,12/16/2019,wbra,140, - FLUID NACL 3000ML, - FLUID NACL 3000ML,230132,GENERAL ,R8206,,4/BX,$41.56 ,4,0,0,,28,Total Tx Amt. $0.00
2, - CARDINAL HEALTH,1950,,,O,"$1,823.16 ",$0.00 ,12/12/2019,wbra,12/16/2019,wbra,669," - PREP, CLIPPER SURGICAL HEAD"," - PREP, CLIPPER SURGICAL HEAD",CAH4406D,PREP    ,CAH4406D,,25/BX,$74.03 ,1,0,0,,28,Total Tx Amt. $0.00
2, - CARDINAL HEALTH,1950,,,O,"$1,823.16 ",$0.00 ,12/12/2019,wbra,12/16/2019,wbra,141, - FLUID NACL 500ML, - FLUID NACL 500ML,467132,GENERAL ,BBR5201-01,,16/cs,$23.33 ,1,0,0,,28,Total Tx Amt. $0.00
2, - CARDINAL HEALTH,1950,,,O,"$1,823.16 ",$0.00 ,12/12/2019,wbra,12/16/2019,wbra,99, - GLOVE PROTEXIS PI 6 LATEX FREE, - GLOVE PROTEXIS PI 6 LATEX FREE,2D72PT60X,GENERAL ,2D72PT60X,,50/BX,$89.45 ,1,0,0,,28,Total Tx Amt. $0.00
2, - CARDINAL HEALTH,1950,,,O,"$1,823.16 ",$0.00 ,12/12/2019,wbra,12/16/2019,wbra,39, - DRAPE MAYO STAND COVER, - DRAPE MAYO STAND COVER,8337,DRAPE   ,8337,,30/CS,$28.73 ,2,0,0,,28,Total Tx Amt. $0.00
2, - CARDINAL HEALTH,1950,,,O,"$1,823.16 ",$0.00 ,12/12/2019,wbra,12/16/2019,wbra,422, - DISINFECT CAVIWIPE 1MIN, - DISINFECT CAVIWIPE 1MIN,MX13-1150,HSKPNG  ,MX13-1150,,12/BX,$64.95 ,1,0,0,,28,Total Tx Amt. $0.00
2, - CARDINAL HEALTH,1950,,,O,"$1,823.16 ",$0.00 ,12/12/2019,wbra,12/16/2019,wbra,778, - Suture Vicyrl 2-0 70 cm, - Suture Vicyrl 2-0 70 cm,J417H,,J417H,,36/BX,$54.97 ,1,0,0,,28,Total Tx Amt. $0.00
2, - CARDINAL HEALTH,1950,,,O,"$1,823.16 ",$0.00 ,12/12/2019,wbra,12/16/2019,wbra,678," - SUT, 0 SILK TIES 10X30IN"," - SUT, 0 SILK TIES 10X30IN",SA86G,SUTURE  ,SA86G,,12/BX,$29.13 ,1,0,0,,28,Total Tx Amt. $0.00
2, - CARDINAL HEALTH,1950,,,O,"$1,823.16 ",$0.00 ,12/12/2019,wbra,12/16/2019,wbra,409, - SUTURE MONOCRYL 4-0 18IN, - SUTURE MONOCRYL 4-0 18IN,Y496G,,Y496G,,12/BX,$69.64 ,1,0,0,,28,Total Tx Amt. $0.00
2, - CARDINAL HEALTH,1950,,,O,"$1,823.16 ",$0.00 ,12/12/2019,wbra,12/16/2019,wbra,412, - SUTURE VICRYL 3-0 SH 27IN, - SUTURE VICRYL 3-0 SH 27IN,J416H,,J416H,,36/BX,$54.97 ,1,0,0,,28,Total Tx Amt. $0.00
2, - CARDINAL HEALTH,1950,,,O,"$1,823.16 ",$0.00 ,12/12/2019,wbra,12/16/2019,wbra,372, - DRAPE TOWEL SURGICAL 4PK BLUE, - DRAPE TOWEL SURGICAL 4PK BLUE,28700-004,DRAPE   ,28700-004,,20/CS,$38.00 ,1,0,0,,28,Total Tx Amt. $0.00
2, - CARDINAL HEALTH,1950,,,O,"$1,823.16 ",$0.00 ,12/12/2019,wbra,12/16/2019,wbra,38, - DRAPE IOBAN 23X17, - DRAPE IOBAN 23X17,M6650EZ,DRAPE   ,M6650EZ,,10/BX,$65.99 ,2,0,0,,28,Total Tx Amt. $0.00
2, - CARDINAL HEALTH,1950,,,O,"$1,823.16 ",$0.00 ,12/12/2019,wbra,12/16/2019,wbra,292, - MED BETADINE 10% 4OZ, - MED BETADINE 10% 4OZ,6761815004,,6761815004,,EA,$3.56 ,6,0,0,,28,Total Tx Amt. $0.00
2, - CARDINAL HEALTH,1950,,,O,"$1,823.16 ",$0.00 ,12/12/2019,wbra,12/16/2019,wbra,123, - TOWEL PAPER C-FOLD, - TOWEL PAPER C-FOLD,1040599,GENERAL ,GP20603,,10/BX,$18.54 ,2,0,0,,28,Total Tx Amt. $0.00
2, - CARDINAL HEALTH,1950,,,O,"$1,823.16 ",$0.00 ,12/12/2019,wbra,12/16/2019,wbra,64, - TAPE PLASTIC/TRANSPORE 1IN, - TAPE PLASTIC/TRANSPORE 1IN,M1527-1,DRESSING,M1527-1,,12/BX,$10.45 ,3,0,0,,28,Total Tx Amt. $0.00
2, - CARDINAL HEALTH,1950,,,O,"$1,823.16 ",$0.00 ,12/12/2019,wbra,12/16/2019,wbra,284, - SUPPORTER ADULT LRG, - SUPPORTER ADULT LRG,452706,DRESSING,M202363,,EA,$5.75 ,10,0,0,,28,Total Tx Amt. $0.00
2, - CARDINAL HEALTH,1950,,,O,"$1,823.16 ",$0.00 ,12/12/2019,wbra,12/16/2019,wbra,195, - MED LUBRICATING JELLY 4OZ, - MED LUBRICATING JELLY 4OZ,LUB-4FLP,HSKPNG  ,LUB-4FLP,,1/BX,$30.45 ,1,0,0,,28,Total Tx Amt. $0.00
2, - CARDINAL HEALTH,1950,,,O,"$1,823.16 ",$0.00 ,12/12/2019,wbra,12/16/2019,wbra,219, - MED HYDROGEN PEROXIDE 3%, - MED HYDROGEN PEROXIDE 3%,HDX-D0012,IVSUPPLY,HDX-D0012,,EA,$1.50 ,4,0,0,,28,Total Tx Amt. $0.00
2, - CARDINAL HEALTH,1950,,,O,"$1,823.16 ",$0.00 ,12/12/2019,wbra,12/16/2019,wbra,297, - PREP PAD ALCOHOL, - PREP PAD ALCOHOL,MW-APM,,MW-APM,,100/BX,$1.51 ,3,0,0,,28,Total Tx Amt. $0.00
2, - CARDINAL HEALTH,1950,,,O,"$1,823.16 ",$0.00 ,12/12/2019,wbra,12/16/2019,wbra,964, - GoJol Hand Sanitizer, - GoJol Hand Sanitizer,1903-02,GENERAL ,1903-02,,2/CS,$17.31 ,1,0,0,,28,Total Tx Amt. $0.00
2, - CARDINAL HEALTH,1950,,,O,"$1,823.16 ",$0.00 ,12/12/2019,wbra,12/16/2019,wbra,298, - PREP TRAY IODINE STERILE, - PREP TRAY IODINE STERILE,Nov-08,,Nov-08,,20/CS,$77.40 ,2,0,0,,28,Total Tx Amt. $0.00
2, - CARDINAL HEALTH,1950,,,O,"$1,823.16 ",$0.00 ,12/12/2019,wbra,12/16/2019,wbra,69, - CAP BOUFFANT 24IN, - CAP BOUFFANT 24IN,3274,DRESSING,,,10/CS,$62.15 ,1,0,0,,28,Total Tx Amt. $0.00
2, - CARDINAL HEALTH,1950,,,O,"$1,823.16 ",$0.00 ,12/12/2019,wbra,12/16/2019,wbra,256, - CATHETER FOLEY HOLDER W/TABS, - CATHETER FOLEY HOLDER W/TABS,681869,MEDS    ,316,,10/BX,$21.37 ,2,0,0,,28,Total Tx Amt. $0.00
2, - CARDINAL HEALTH,1950,,,O,"$1,823.16 ",$0.00 ,12/12/2019,wbra,12/16/2019,wbra,633," - TUBING, SUCTION NS BUBBLE"," - TUBING, SUCTION NS BUBBLE",8888280412,GLV/MSK ,8888280412,,EA,$8.80 ,3,0,0,,28,Total Tx Amt. $0.00
2, - CARDINAL HEALTH,1950,,,O,"$1,823.16 ",$0.00 ,12/12/2019,wbra,12/16/2019,wbra,813, - Revital-Ox Restart High-level disinfectant liquid, - Revital-Ox Restart High-level disinfectant liquid,4455AW,STRL PRO,4455AW,,4/BX,$159.40 ,1,0,0,,28,Total Tx Amt. $0.00
2, - CARDINAL HEALTH,1950,,,O,"$1,823.16 ",$0.00 ,12/12/2019,wbra,12/16/2019,wbra,317, - TEST TAPE STEAM, - TEST TAPE STEAM,T40311A,,T40311A,,1/RL,$13.08 ,10,0,0,,28,Total Tx Amt. $0.00
29, - ALLERGAN,1951,,,O,$74.00 ,$0.00 ,12/12/2019,wbra,12/12/2019,wbra,1037," - Needle, injeTAK DIS 199, 35 cm"," - Needle, injeTAK DIS 199, 35 cm",96031,,96031,,2/CS,$74.00 ,1,0,0,,1,Total Tx Amt. $0.00
23, - COLOPLAST,1952,,,O,"$10,837.00 ",$0.00 ,12/12/2019,wbra,12/12/2019,wbra,899," - Impl, Assembly Kit"," - Impl, Assembly Kit",91-9480SC,,91-9480SC,,EA,$509.00 ,1,0,0,Batch Code 7050920,3,Total Tx Amt. $0.00
23, - COLOPLAST,1952,,,O,"$10,837.00 ",$0.00 ,12/12/2019,wbra,12/12/2019,wbra,1290, - IMPL Titan Infrapubic 0 Degree cylinder set  20cm, - IMPL Titan Infrapubic 0 Degree cylinder set  20cm,ES8920,,ES8920,,EA,"$8,468.00 ",1,0,0,Batch Code 6564137,3,Total Tx Amt. $0.00
23, - COLOPLAST,1952,,,O,"$10,837.00 ",$0.00 ,12/12/2019,wbra,12/12/2019,wbra,687," - IMP, TITAN RESEVOIR 75CC"," - IMP, TITAN RESEVOIR 75CC",ER8075,GENERAL ,ER8075,,EA,"$1,860.00 ",1,0,0,Batch Code 7041147,3,Total Tx Amt. $0.00
3, - BOSTON SCIENTIFIC,1953,,,O,"$2,788.80 ",$0.00 ,12/12/2019,wbra,12/12/2019,wbra,645," - BASKET, ZERO TIP 1.9FR X 120CM BOSTON"," - BASKET, ZERO TIP 1.9FR X 120CM BOSTON",M0063901050,GENERAL ,M0063901050,,EA,$348.60 ,8,0,0,,1,Total Tx Amt. $0.00
26, - CUSTOM MEDICAL SPECILTIES,1954,,,O,$258.00 ,$0.00 ,12/12/2019,wbra,12/12/2019,wbra,637," - BAG, DRAIN SURGICAL TABLE"," - BAG, DRAIN SURGICAL TABLE",CMS-999,GENERAL ,CMS-999,,20/CS,$129.00 ,2,0,0,,1,Total Tx Amt. $0.00
17, - HEALTHTRONICS MOBILE SOLUTIONS,1955,,,O,"$1,375.00 ",$0.00 ,12/12/2019,wbra,12/13/2019,wbra,531, - LASER FIBER HO 365 SINGLE USE, - LASER FIBER HO 365 SINGLE USE,95612,GENERAL ,95612,,EA,$125.00 ,6,0,0,,2,Total Tx Amt. $0.00
17, - HEALTHTRONICS MOBILE SOLUTIONS,1955,,,O,"$1,375.00 ",$0.00 ,12/12/2019,wbra,12/13/2019,wbra,529, - LASER FIBER HO 200 SINGLE USE, - LASER FIBER HO 200 SINGLE USE,95193,GENERAL ,95193,,EA,$125.00 ,5,0,0,,2,Total Tx Amt. $0.00
1, - MCKESSON,1956,,,O,$110.83 ,$0.00 ,12/13/2019,wbra,12/13/2019,wbra,369, - DRAIN PENROSE 1/4IN STERILE, - DRAIN PENROSE 1/4IN STERILE,DC91201,GENERAL ,13391,,50/BX,$16.90 ,1,0,0,,4,Total Tx Amt. $0.00
1, - MCKESSON,1956,,,O,$110.83 ,$0.00 ,12/13/2019,wbra,12/13/2019,wbra,148, - FLUID WATER 500ML BOTTLE, - FLUID WATER 500ML BOTTLE,161730,GENERAL ,161730,,16/cs,$29.23 ,1,0,0,,4,Total Tx Amt. $0.00
1, - MCKESSON,1956,,,O,$110.83 ,$0.00 ,12/13/2019,wbra,12/13/2019,wbra,372, - DRAPE TOWEL SURGICAL 4PK BLUE, - DRAPE TOWEL SURGICAL 4PK BLUE,28700-004,DRAPE   ,1126167,,20/BX,$56.41 ,1,0,0,,4,Total Tx Amt. $0.00
1, - MCKESSON,1956,,,O,$110.83 ,$0.00 ,12/13/2019,wbra,12/13/2019,wbra,418, - SYRINGE LL 60ML NS, - SYRINGE LL 60ML NS,102-S60C,,869662,,25/CT,$8.29 ,1,0,0,,4,Total Tx Amt. $0.00
1, - MCKESSON,1958,,,O,$30.00 ,$0.00 ,12/13/2019,wbra,12/13/2019,wbra,229, - NDL HYPO 18X1.5, - NDL HYPO 18X1.5,1031789,IVS     ,1031789,,100/BX,$3.00 ,10,0,0,,1,Total Tx Amt. $0.00
17, - HEALTHTRONICS MOBILE SOLUTIONS,1959,,,O,"$1,697.85 ",$0.00 ,12/16/2019,wbra,12/16/2019,wbra,1291," - EQUI, AcuPulse Incisional Handpiece Set, 125 mm"," - EQUI, AcuPulse Incisional Handpiece Set, 125 mm",AA0632600,GENERAL ,AA0632600ea,,EA,"$1,697.85 ",1,0,0,,1,Total Tx Amt. $0.00
1, - MCKESSON,1961,,,O,$825.42 ,$0.00 ,12/16/2019,wbra,12/17/2019,wbra,116, - DISINFECT FADE-A-DYNE, - DISINFECT FADE-A-DYNE,861653,HSKPNG  ,861653,,EA,$13.20 ,4,0,0,,9,Total Tx Amt. $0.00
1, - MCKESSON,1961,,,O,$825.42 ,$0.00 ,12/16/2019,wbra,12/17/2019,wbra,1025, - Hydrox Isopropyll Rubbing Alcohol  16 oz, - Hydrox Isopropyll Rubbing Alcohol  16 oz,HDX22CMC,STRL PRO,49176,,EA,$1.42 ,2,0,0,,9,Total Tx Amt. $0.00
1, - MCKESSON,1961,,,O,$825.42 ,$0.00 ,12/16/2019,wbra,12/17/2019,wbra,868," - Solidifier, Canister Express Maetrex"," - Solidifier, Canister Express Maetrex",50-5058,GENERAL ,444816,,20/BX,$347.66 ,1,0,0,,9,Total Tx Amt. $0.00
1, - MCKESSON,1961,,,O,$825.42 ,$0.00 ,12/16/2019,wbra,12/17/2019,wbra,136, - FLUID LR 1000ML, - FLUID LR 1000ML,515492,GENERAL ,515492,,14/CS,$30.30 ,3,0,0,iTEM #4 CONF # 50652039,9,Total Tx Amt. $0.00
1, - MCKESSON,1961,,,O,$825.42 ,$0.00 ,12/16/2019,wbra,12/17/2019,wbra,151, - FLUID WATER 3000ML, - FLUID WATER 3000ML,200388,GLV/MSK ,200388,,4/CS,$33.87 ,4,0,0,,9,Total Tx Amt. $0.00
1, - MCKESSON,1961,,,O,$825.42 ,$0.00 ,12/16/2019,wbra,12/17/2019,wbra,927," - IV Admin Set, Secondary 15 drp"," - IV Admin Set, Secondary 15 drp",sc9001,PACU    ,685495,,50/BX,$41.06 ,2,0,0,,9,Total Tx Amt. $0.00
1, - MCKESSON,1961,,,O,$825.42 ,$0.00 ,12/16/2019,wbra,12/17/2019,wbra,1018," - Instrument, Knapp Iris Scissors Str Lite Pattern"," - Instrument, Knapp Iris Scissors Str Lite Pattern",OP5550,GENERAL ,op5550,,EA,$19.80 ,2,0,0,,9,Total Tx Amt. $0.00
1, - MCKESSON,1961,,,O,$825.42 ,$0.00 ,12/16/2019,wbra,12/17/2019,wbra,1017," - Instrument, Knapp Iris Scissors CVD Lite Pattern"," - Instrument, Knapp Iris Scissors CVD Lite Pattern",OP5551,GENERAL ,op5551,,EA,$21.07 ,2,0,0,,9,Total Tx Amt. $0.00
1, - MCKESSON,1961,,,O,$825.42 ,$0.00 ,12/16/2019,wbra,12/17/2019,wbra,754," - Nasal Canula, Flared tip"," - Nasal Canula, Flared tip",1104,PACU    ,37358,,50/CS,$15.94 ,2,0,0,,9,Total Tx Amt. $0.00
14, - BARD,1962,,,O,$58.56 ,$0.00 ,12/16/2019,wbra,12/16/2019,wbra,749, - Foley Catheter 16 Fr 5cc Lubricious Coated, - Foley Catheter 16 Fr 5cc Lubricious Coated,0165L16,,0165L16,,12/BX,$58.56 ,1,0,0,,1,Total Tx Amt. $0.00
24, - CIVCO,1963,,,O,$993.00 ,$0.00 ,12/16/2019,wbra,12/16/2019,wbra,611," - BRACHY, TEMPLATE GRID"," - BRACHY, TEMPLATE GRID",610-905,GENERAL ,610-905,,5/BX,$287.00 ,2,0,0,,2,Total Tx Amt. $0.00
24, - CIVCO,1963,,,O,$993.00 ,$0.00 ,12/16/2019,wbra,12/16/2019,wbra,610," - BRACHY, ENDOCAVITY BALLOON"," - BRACHY, ENDOCAVITY BALLOON",610-898,GENERAL ,610-898,,10/BX,$419.00 ,1,0,0,,2,Total Tx Amt. $0.00
23, - COLOPLAST,1964,,,O,"$10,321.00 ",$0.00 ,12/17/2019,wbra,12/17/2019,wbra,899," - Impl, Assembly Kit"," - Impl, Assembly Kit",91-9480SC,,91-9480SC,,EA,$486.00 ,1,0,0,Catch # 7050922,3,Total Tx Amt. $0.00
23, - COLOPLAST,1964,,,O,"$10,321.00 ",$0.00 ,12/17/2019,wbra,12/17/2019,wbra,687," - IMP, TITAN RESEVOIR 75CC"," - IMP, TITAN RESEVOIR 75CC",ER8075,GENERAL ,ER8075,,EA,"$1,771.00 ",1,0,0,Batch # 7088536,3,Total Tx Amt. $0.00
23, - COLOPLAST,1964,,,O,"$10,321.00 ",$0.00 ,12/17/2019,wbra,12/17/2019,wbra,1290, - IMPL Titan Infrapubic 0 Degree cylinder set  20cm, - IMPL Titan Infrapubic 0 Degree cylinder set  20cm,ES8920,,ES8920,,EA,"$8,064.00 ",1,0,0,BVatch # 6949449,3,Total Tx Amt. $0.00
4, - COOK MEDICAL,1965,,,O,"$2,944.56 ",$0.00 ,12/17/2019,wbra,12/17/2019,wbra,658," - SUPP, COOK AQ URETERAL DILATOR"," - SUPP, COOK AQ URETERAL DILATOR",G17636,GENERAL ,G17636,,EA,$19.55 ,6,0,0,,13,Total Tx Amt. $0.00
4, - COOK MEDICAL,1965,,,O,"$2,944.56 ",$0.00 ,12/17/2019,wbra,12/17/2019,wbra,459, - COOK URETERAL STENT FIRM UNIVERSA, - COOK URETERAL STENT FIRM UNIVERSA,G23406,GENERAL ,G23406,,EA,$49.50 ,10,0,0,,13,Total Tx Amt. $0.00
4, - COOK MEDICAL,1965,,,O,"$2,944.56 ",$0.00 ,12/17/2019,wbra,12/17/2019,wbra,458, - COOK URETERAL STENT FIRM UNIVERSA, - COOK URETERAL STENT FIRM UNIVERSA,G23405,GENERAL ,G23405,,EA,$49.50 ,3,0,0,,13,Total Tx Amt. $0.00
4, - COOK MEDICAL,1965,,,O,"$2,944.56 ",$0.00 ,12/17/2019,wbra,12/17/2019,wbra,460, - COOK URETERAL STENT FIRM UNIVERSA, - COOK URETERAL STENT FIRM UNIVERSA,G23407,GENERAL ,G23407,,EA,$49.50 ,4,0,0,,13,Total Tx Amt. $0.00
4, - COOK MEDICAL,1965,,,O,"$2,944.56 ",$0.00 ,12/17/2019,wbra,12/17/2019,wbra,463, - COOK URETERAL STENT FIRM UNIVERSA, - COOK URETERAL STENT FIRM UNIVERSA,G23408,GENERAL ,G23408,,EA,$49.50 ,2,0,0,,13,Total Tx Amt. $0.00
4, - COOK MEDICAL,1965,,,O,"$2,944.56 ",$0.00 ,12/17/2019,wbra,12/17/2019,wbra,468, - COOK URETERAL STENT UNIVERSA FIRM 6X22, - COOK URETERAL STENT UNIVERSA FIRM 6X22,G23404,GENERAL ,G23404,,EA,$49.50 ,4,0,0,,13,Total Tx Amt. $0.00
4, - COOK MEDICAL,1965,,,O,"$2,944.56 ",$0.00 ,12/17/2019,wbra,12/17/2019,wbra,439, - COOK TIPLESS STONE EXTRACTOR 2.2 x 115, - COOK TIPLESS STONE EXTRACTOR 2.2 x 115,G18778,GENERAL ,G18778,,EA,$174.00 ,2,0,0,,13,Total Tx Amt. $0.00
4, - COOK MEDICAL,1965,,,O,"$2,944.56 ",$0.00 ,12/17/2019,wbra,12/17/2019,wbra,758, - Captura 2.8 fr Helical Stone Extractor, - Captura 2.8 fr Helical Stone Extractor,G32757,GENERAL ,G32757,,EA,$158.00 ,1,0,0,,13,Total Tx Amt. $0.00
4, - COOK MEDICAL,1965,,,O,"$2,944.56 ",$0.00 ,12/17/2019,wbra,12/17/2019,wbra,639," - COOK, NCIRCLE NITINOL TIPLESS STONE EXTRACTOR"," - COOK, NCIRCLE NITINOL TIPLESS STONE EXTRACTOR",G46206,GENERAL ,G46206,,EA,$194.00 ,2,0,0,,13,Total Tx Amt. $0.00
4, - COOK MEDICAL,1965,,,O,"$2,944.56 ",$0.00 ,12/17/2019,wbra,12/17/2019,wbra,689, - COOK ACCESS SHEATH URETERAL, - COOK ACCESS SHEATH URETERAL,G46168,GENERAL ,G46168,,EA,$113.55 ,2,0,0,,13,Total Tx Amt. $0.00
4, - COOK MEDICAL,1965,,,O,"$2,944.56 ",$0.00 ,12/17/2019,wbra,12/17/2019,wbra,431, - COOK ACCESS SHEATH URETERAL 14FR 45CM, - COOK ACCESS SHEATH URETERAL 14FR 45CM,G46169,GENERAL ,G46169,,EA,$113.55 ,2,0,0,,13,Total Tx Amt. $0.00
4, - COOK MEDICAL,1965,,,O,"$2,944.56 ",$0.00 ,12/17/2019,wbra,12/17/2019,wbra,746, - Catheter Dual Lumen 10Fr, - Catheter Dual Lumen 10Fr,G17330,,G17330,,EA,$39.82 ,4,0,0,,13,Total Tx Amt. $0.00
4, - COOK MEDICAL,1965,,,O,"$2,944.56 ",$0.00 ,12/17/2019,wbra,12/17/2019,wbra,465, - COOK OPEN-END URETERAL CATH 5Fr, - COOK OPEN-END URETERAL CATH 5Fr,G14274,GENERAL ,G14274,,10/BX,$90.64 ,2,0,0,,13,Total Tx Amt. $0.00
3, - BOSTON SCIENTIFIC,1966,,,O,"$5,495.36 ",$0.00 ,12/17/2019,wbra,12/17/2019,wbra,446, - BOSTON SCI WIRE GUIDE SENSOR .035 STR, - BOSTON SCI WIRE GUIDE SENSOR .035 STR,M0066703081,GENERAL ,M0066703081,,5/BX,$374.66 ,5,0,0,,5,Total Tx Amt. $0.00
3, - BOSTON SCIENTIFIC,1966,,,O,"$5,495.36 ",$0.00 ,12/17/2019,wbra,12/17/2019,wbra,645," - BASKET, ZERO TIP 1.9FR X 120CM BOSTON"," - BASKET, ZERO TIP 1.9FR X 120CM BOSTON",M0063901050,GENERAL ,M0063901050,,EA,$348.60 ,5,0,0,,5,Total Tx Amt. $0.00
3, - BOSTON SCIENTIFIC,1966,,,O,"$5,495.36 ",$0.00 ,12/17/2019,wbra,12/17/2019,wbra,578," - BOSTON SCI, NAVIGATOR HD 11/13FR 28CM"," - BOSTON SCI, NAVIGATOR HD 11/13FR 28CM",M0062502210,GENERAL ,M0062502210,,EA,$197.65 ,2,0,0,,5,Total Tx Amt. $0.00
3, - BOSTON SCIENTIFIC,1966,,,O,"$5,495.36 ",$0.00 ,12/17/2019,wbra,12/17/2019,wbra,579," - BOSTON SCI, NAVIGATOR HD 11/13FR 46CM"," - BOSTON SCI, NAVIGATOR HD 11/13FR 46CM",M0062502230,GENERAL ,M0062502230,,EA,$197.65 ,2,0,0,,5,Total Tx Amt. $0.00
3, - BOSTON SCIENTIFIC,1966,,,O,"$5,495.36 ",$0.00 ,12/17/2019,wbra,12/17/2019,wbra,1292," - Implant, Sling Solyx Blue SIS System"," - Implant, Sling Solyx Blue SIS System",M00685070010,GENERAL ,M00685070010,,EA,"$1,088.46 ",1,0,0,,5,Total Tx Amt. $0.00
17, - HEALTHTRONICS MOBILE SOLUTIONS,1967,,,O,$865.00 ,$0.00 ,12/17/2019,wbra,12/17/2019,wbra,529, - LASER FIBER HO 200 SINGLE USE, - LASER FIBER HO 200 SINGLE USE,95193,GENERAL ,95193,,EA,$125.00 ,3,0,0,,3,Total Tx Amt. $0.00
17, - HEALTHTRONICS MOBILE SOLUTIONS,1967,,,O,$865.00 ,$0.00 ,12/17/2019,wbra,12/17/2019,wbra,531, - LASER FIBER HO 365 SINGLE USE, - LASER FIBER HO 365 SINGLE USE,95612,GENERAL ,95612,,EA,$125.00 ,2,0,0,,3,Total Tx Amt. $0.00
17, - HEALTHTRONICS MOBILE SOLUTIONS,1967,,,O,$865.00 ,$0.00 ,12/17/2019,wbra,12/17/2019,wbra,1130," - Fiber, 550um Single Use Optical Fiber 60Watt"," - Fiber, 550um Single Use Optical Fiber 60Watt",OAF005511,,OAF005511,,EA,$240.00 ,1,0,0,,3,Total Tx Amt. $0.00
2, - CARDINAL HEALTH,1968,,,O,$803.91 ,$0.00 ,12/17/2019,wbra,12/17/2019,wbra,127, - IV CATH INTROCAN 20X1, - IV CATH INTROCAN 20X1,629114,PACU    ,425254302A,,50/BX,$86.94 ,3,0,0,,7,Total Tx Amt. $0.00
2, - CARDINAL HEALTH,1968,,,O,$803.91 ,$0.00 ,12/17/2019,wbra,12/17/2019,wbra,1285," - PACU, Tape, 3M TRANSPOR Single Patient use 1 1/2yd"," - PACU, Tape, 3M TRANSPOR Single Patient use 1 1/2yd",M152575-1,,1534S-1,,100/BX,$40.63 ,2,0,0,,7,Total Tx Amt. $0.00
2, - CARDINAL HEALTH,1968,,,O,$803.91 ,$0.00 ,12/17/2019,wbra,12/17/2019,wbra,409, - SUTURE MONOCRYL 4-0 18IN, - SUTURE MONOCRYL 4-0 18IN,Y496G,,Y496G,,12/BX,$69.64 ,3,0,0,,7,Total Tx Amt. $0.00
2, - CARDINAL HEALTH,1968,,,O,$803.91 ,$0.00 ,12/17/2019,wbra,12/17/2019,wbra,26," - DRAPE SHEET, THREE QUARTER"," - DRAPE SHEET, THREE QUARTER",9349,ANESTHE ,9349,,20/CS,$29.43 ,1,0,0,,7,Total Tx Amt. $0.00
2, - CARDINAL HEALTH,1968,,,O,$803.91 ,$0.00 ,12/17/2019,wbra,12/17/2019,wbra,1227, - Premium Gauze Sterile 4 x 4  12 ply, - Premium Gauze Sterile 4 x 4  12 ply,C-SG4412ZS,,C-SG4412ZS,,128/CS,$54.38 ,1,0,0,,7,Total Tx Amt. $0.00
2, - CARDINAL HEALTH,1968,,,O,$803.91 ,$0.00 ,12/17/2019,wbra,12/17/2019,wbra,137, - FLUID LR 500ML, - FLUID LR 500ML,186663,GENERAL ,L7501,,24/CS,$42.99 ,2,0,0,,7,Total Tx Amt. $0.00
2, - CARDINAL HEALTH,1968,,,O,$803.91 ,$0.00 ,12/17/2019,wbra,12/17/2019,wbra,140, - FLUID NACL 3000ML, - FLUID NACL 3000ML,230132,GENERAL ,R8206,,4/BX,$41.56 ,2,0,0,,7,Total Tx Amt. $0.00
2, - CARDINAL HEALTH,1969,,,O,"$3,101.54 ",$0.00 ,12/17/2019,wbra,12/18/2019,wbra,140, - FLUID NACL 3000ML, - FLUID NACL 3000ML,230132,GENERAL ,R8206,,4/BX,$41.56 ,5,0,0,,17,Total Tx Amt. $0.00
2, - CARDINAL HEALTH,1969,,,O,"$3,101.54 ",$0.00 ,12/17/2019,wbra,12/18/2019,wbra,313, - WRAP TRAY LINER WHT, - WRAP TRAY LINER WHT,KM10502B,STRL PRO,KM10502B,,4000/CS,$55.13 ,4,0,0,,17,Total Tx Amt. $0.00
2, - CARDINAL HEALTH,1969,,,O,"$3,101.54 ",$0.00 ,12/17/2019,wbra,12/18/2019,wbra,710," - SUPP, NASAL CAN GAS SAMPLE 7'"," - SUPP, NASAL CAN GAS SAMPLE 7'",999489,ANESTHE ,WHSA20MM,,50/BX,$63.23 ,2,0,0,,17,Total Tx Amt. $0.00
2, - CARDINAL HEALTH,1969,,,O,"$3,101.54 ",$0.00 ,12/17/2019,wbra,12/18/2019,wbra,762, - Patient Belonging Bag, - Patient Belonging Bag,30421100,PACU    ,MDC-WHT,,250/CS,$83.87 ,1,0,0,,17,Total Tx Amt. $0.00
2, - CARDINAL HEALTH,1969,,,O,"$3,101.54 ",$0.00 ,12/17/2019,wbra,12/18/2019,wbra,134, - IV START KIT, - IV START KIT,01-9000A,GENERAL ,01-9000A,,100/CS,$100.00 ,1,0,0,,17,Total Tx Amt. $0.00
2, - CARDINAL HEALTH,1969,,,O,"$3,101.54 ",$0.00 ,12/17/2019,wbra,12/18/2019,wbra,739, - SafeDay IV Administration Set, - SafeDay IV Administration Set,352904,PACU    ,352899,,50/BX,$157.65 ,2,0,0,,17,Total Tx Amt. $0.00
2, - CARDINAL HEALTH,1969,,,O,"$3,101.54 ",$0.00 ,12/17/2019,wbra,12/18/2019,wbra,281, - SOCK SLIPPER ADULT XL, - SOCK SLIPPER ADULT XL,68125-GRY,,68125-GRY,,48/BX,$36.48 ,2,0,0,,17,Total Tx Amt. $0.00
2, - CARDINAL HEALTH,1969,,,O,"$3,101.54 ",$0.00 ,12/17/2019,wbra,12/18/2019,wbra,833," - Mask, Anes size 6 Adult Elongated"," - Mask, Anes size 6 Adult Elongated",854706,ANESTHE ,ALMASK6,,50/BX,$142.00 ,2,0,0,,17,Total Tx Amt. $0.00
2, - CARDINAL HEALTH,1969,,,O,"$3,101.54 ",$0.00 ,12/17/2019,wbra,12/18/2019,wbra,36, - GOWN LARGE, - GOWN LARGE,9515,DRAPE   ,9515,,20/CS,$47.72 ,2,0,0,,17,Total Tx Amt. $0.00
2, - CARDINAL HEALTH,1969,,,O,"$3,101.54 ",$0.00 ,12/17/2019,wbra,12/18/2019,wbra,106, - GOWN XLARGE, - GOWN XLARGE,9545,GENERAL ,9545,,20/CS,$45.85 ,2,0,0,,17,Total Tx Amt. $0.00
2, - CARDINAL HEALTH,1969,,,O,"$3,101.54 ",$0.00 ,12/17/2019,wbra,12/18/2019,wbra,796," - King UltraFlex 72"" breathing circuit"," - King UltraFlex 72"" breathing circuit",,ANESTHE ,8753F6121Z,,30/BX,$199.55 ,2,0,0,,17,Total Tx Amt. $0.00
2, - CARDINAL HEALTH,1969,,,O,"$3,101.54 ",$0.00 ,12/17/2019,wbra,12/18/2019,wbra,619," - ANES, AIRWAY ORAL 90MM YELLOW"," - ANES, AIRWAY ORAL 90MM YELLOW",122790A,ANESTHE ,122790A,,10/BX,$3.78 ,2,0,0,,17,Total Tx Amt. $0.00
2, - CARDINAL HEALTH,1969,,,O,"$3,101.54 ",$0.00 ,12/17/2019,wbra,12/18/2019,wbra,564, - ANES AIRWAY ORAL 100MM RED, - ANES AIRWAY ORAL 100MM RED,16-2101G,ANESTHE ,1227100A,,24/CS,$9.82 ,2,0,0,,17,Total Tx Amt. $0.00
2, - CARDINAL HEALTH,1969,,,O,"$3,101.54 ",$0.00 ,12/17/2019,wbra,12/18/2019,wbra,670," - ANES, AIRWAY, LMA IGEL 4"," - ANES, AIRWAY, LMA IGEL 4",8204000,ANESTHE ,I8204,,25/CS,$261.88 ,2,0,0,,17,Total Tx Amt. $0.00
2, - CARDINAL HEALTH,1969,,,O,"$3,101.54 ",$0.00 ,12/17/2019,wbra,12/18/2019,wbra,31, - DRAPE CYSTO PACK, - DRAPE CYSTO PACK,SPP99CY1AA,DRAPE   ,SPP99CY1AA,,6/CS,$118.62 ,2,0,0,,17,Total Tx Amt. $0.00
2, - CARDINAL HEALTH,1969,,,O,"$3,101.54 ",$0.00 ,12/17/2019,wbra,12/18/2019,wbra,542, - DRP PACK MINOR PROCEDURE, - DRP PACK MINOR PROCEDURE,SPP99MN7AA,DRAPE   ,SPP99MN7AA,,4/CS,$92.00 ,2,0,0,,17,Total Tx Amt. $0.00
2, - CARDINAL HEALTH,1969,,,O,"$3,101.54 ",$0.00 ,12/17/2019,wbra,12/18/2019,wbra,351, - CAUTERY PAD GROUND ADULT 10FT CONMED, - CAUTERY PAD GROUND ADULT 10FT CONMED,22-ESREC,,410-2000A,,25/BX,$132.19 ,1,0,0,,17,Total Tx Amt. $0.00
14, - BARD,1970,,,O,"$1,425.20 ",$0.00 ,12/17/2019,wbra,12/18/2019,wbra,224, - NDL BIOPSY MAX CORE, - NDL BIOPSY MAX CORE,MC1825,IVSUPPLY,MC1825,,5/BX,$90.00 ,15,0,0,,2,Total Tx Amt. $0.00
14, - BARD,1970,,,O,"$1,425.20 ",$0.00 ,12/17/2019,wbra,12/18/2019,wbra,567," - ELLIK EVAC, DISPOSABLE, BARD"," - ELLIK EVAC, DISPOSABLE, BARD",451,GENERAL ,451,,10/BX,$75.20 ,1,0,0,,2,Total Tx Amt. $0.00
13, - CARE FUSION,1971,,,O,$642.70 ,$0.00 ,12/17/2019,wbra,12/17/2019,wbra,844, - Divine-Horton Scissors D-Edge CVD 4 1/2, - Divine-Horton Scissors D-Edge CVD 4 1/2,32-0933,GENERAL ,32-0933,,EA,$321.35 ,2,0,0,,1,Total Tx Amt. $0.00
1, - MCKESSON,1972,,,O,$842.89 ,$0.00 ,12/18/2019,wbra,12/18/2019,wbra,726," - SUPP, Y TUBING"," - SUPP, Y TUBING",2C4005,GENERAL ,200390,,12/BX,$121.87 ,3,0,0,,10,Total Tx Amt. $0.00
1, - MCKESSON,1972,,,O,$842.89 ,$0.00 ,12/18/2019,wbra,12/18/2019,wbra,695," - NDL, BUTTERFLY 21G"," - NDL, BUTTERFLY 21G",4665,NEEDLES ,4665,,50/BX,$35.51 ,1,0,0,,10,Total Tx Amt. $0.00
1, - MCKESSON,1972,,,O,$842.89 ,$0.00 ,12/18/2019,wbra,12/18/2019,wbra,351, - CAUTERY PAD GROUND ADULT 10FT CONMED, - CAUTERY PAD GROUND ADULT 10FT CONMED,22-ESREC,,1018818,,50/BX,$141.71 ,1,0,0,,10,Total Tx Amt. $0.00
1, - MCKESSON,1972,,,O,$842.89 ,$0.00 ,12/18/2019,wbra,12/18/2019,wbra,135, - FLUID LR 1000ML, - FLUID LR 1000ML,208829,GENERAL ,208829,,14/CS,$39.65 ,2,0,0,,10,Total Tx Amt. $0.00
1, - MCKESSON,1972,,,O,$842.89 ,$0.00 ,12/18/2019,wbra,12/18/2019,wbra,1293," - Penrose Drain 1/2"" x 12"""," - Penrose Drain 1/2"" x 12""",912030,,13393,,50/BX,$16.90 ,1,0,0,,10,Total Tx Amt. $0.00
1, - MCKESSON,1972,,,O,$842.89 ,$0.00 ,12/18/2019,wbra,12/18/2019,wbra,1251," - Needle, Blunt Fill 18ga x 1 1/2"," - Needle, Blunt Fill 18ga x 1 1/2",16-305180,PACU    ,1114988,,100/BX,$8.04 ,1,0,0,,10,Total Tx Amt. $0.00
1, - MCKESSON,1972,,,O,$842.89 ,$0.00 ,12/18/2019,wbra,12/18/2019,wbra,246, - COMPRESS COLD, - COMPRESS COLD,16-9702,MEDS    ,476731,,24/CS,$8.27 ,1,0,0,,10,Total Tx Amt. $0.00
1, - MCKESSON,1972,,,O,$842.89 ,$0.00 ,12/18/2019,wbra,12/18/2019,wbra,1294," - Water, Sterile pour water 500 ml Bottle"," - Water, Sterile pour water 500 ml Bottle",161731,,161731,,16/cs,$27.02 ,2,0,0,,10,Total Tx Amt. $0.00
1, - MCKESSON,1972,,,O,$842.89 ,$0.00 ,12/18/2019,wbra,12/18/2019,wbra,152, - FLUID WATER 1000ML, - FLUID WATER 1000ML,513059,GENERAL ,513059,,14/CS,$54.85 ,2,0,0,,10,Total Tx Amt. $0.00
1, - MCKESSON,1972,,,O,$842.89 ,$0.00 ,12/18/2019,wbra,12/18/2019,wbra,764," - Mask, Face Surg Light Blue pleated with ties"," - Mask, Face Surg Light Blue pleated with ties",48100,GENERAL ,206484,,6/BX,$23.81 ,1,0,0,,10,Total Tx Amt. $0.00
23, - COLOPLAST,1973,,,O,$732.00 ,$0.00 ,12/18/2019,wbra,12/18/2019,wbra,653," - SLING, FEMALE, SUPRIS RETROPUBIC KIT"," - SLING, FEMALE, SUPRIS RETROPUBIC KIT",93-4450,GENERAL ,93-4450,,EA,$732.00 ,1,0,0,,1,Total Tx Amt. $0.00
31, - NEOTRACT/ UROLIFT,1976,,,O,"$3,800.00 ",$0.00 ,12/18/2019,wbra,12/19/2019,wbra,665, - UROLIFT SYSTEM IMPLANT, - UROLIFT SYSTEM IMPLANT,UL400-4,GENERAL ,UL400-4,,4/CS,"$3,800.00 ",1,0,0,,1,Total Tx Amt. $0.00
27, - BESSE MEDICAL,1978,,,O,$608.24 ,$0.00 ,12/18/2019,wbra,12/18/2019,wbra,199, - MED MITOMYCIN 20MG/50ML, - MED MITOMYCIN 20MG/50ML,725642,HSKPNG  ,34583,,EA,$215.68 ,2,0,0,,2,Total Tx Amt. $0.00
27, - BESSE MEDICAL,1978,,,O,$608.24 ,$0.00 ,12/18/2019,wbra,12/18/2019,wbra,740," - MEDS, VANCOMYCIN 500MG SDV"," - MEDS, VANCOMYCIN 500MG SDV",45265,MEDS    ,45265,,10/CT,$88.44 ,2,0,0,,2,Total Tx Amt. $0.00
1, - MCKESSON,1980,,,O,$257.74 ,$0.00 ,12/19/2019,wbra,12/19/2019,wbra,377, - FLUID GEL ULTRASOUND 250ML NS, - FLUID GEL ULTRASOUND 250ML NS,16-8919,,1066700,,12/BX,$11.54 ,6,0,0,,4,Total Tx Amt. $0.00
1, - MCKESSON,1980,,,O,$257.74 ,$0.00 ,12/19/2019,wbra,12/19/2019,wbra,123, - TOWEL PAPER C-FOLD, - TOWEL PAPER C-FOLD,1040599,GENERAL ,1040599,,1/CS,$19.94 ,2,0,0,,4,Total Tx Amt. $0.00
1, - MCKESSON,1980,,,O,$257.74 ,$0.00 ,12/19/2019,wbra,12/19/2019,wbra,770," - liner, trash can 60 gal roll"," - liner, trash can 60 gal roll",980394,HSKPNG  ,980394,,20/CS,$27.84 ,1,0,0,,4,Total Tx Amt. $0.00
1, - MCKESSON,1980,,,O,$257.74 ,$0.00 ,12/19/2019,wbra,12/19/2019,wbra,133, - IV TUBING ADMIN SET 3 PORT, - IV TUBING ADMIN SET 3 PORT,630154,GENERAL ,630154,,50/CS,$120.78 ,1,0,0,,4,Total Tx Amt. $0.00
28, - COOPER SURGICAL,1981,,,O,"$1,853.40 ",$0.00 ,12/19/2019,wbra,12/19/2019,wbra,776, - Elastic Stays 3 Finger 20 mm x 20mm, - Elastic Stays 3 Finger 20 mm x 20mm,3335-4G,GENERAL ,3335-4G,,4/BX,$69.05 ,6,0,0,,4,Total Tx Amt. $0.00
28, - COOPER SURGICAL,1981,,,O,"$1,853.40 ",$0.00 ,12/19/2019,wbra,12/19/2019,wbra,775," - Hook, Blunt End Elastic"," - Hook, Blunt End Elastic",3350-8G,GENERAL ,3350-8G,,1/BX,$79.95 ,6,0,0,,4,Total Tx Amt. $0.00
28, - COOPER SURGICAL,1981,,,O,"$1,853.40 ",$0.00 ,12/19/2019,wbra,12/19/2019,wbra,652," - RETRACTOR, LONE STAR, RING WITH CLIPS"," - RETRACTOR, LONE STAR, RING WITH CLIPS",3304G,GENERAL ,3304G,,EA,$79.95 ,6,0,0,,4,Total Tx Amt. $0.00
28, - COOPER SURGICAL,1981,,,O,"$1,853.40 ",$0.00 ,12/19/2019,wbra,12/19/2019,wbra,1275," - RETRACTOR, LONE STAR Elastic Stay 5 mm sharp hook"," - RETRACTOR, LONE STAR Elastic Stay 5 mm sharp hook",3311-8G,,3311-8g,,EA,$79.95 ,6,0,0,8cpcs per box,4,Total Tx Amt. $0.00
23, - COLOPLAST,1982,,,O,"$10,321.00 ",$0.00 ,12/19/2019,wbra,12/19/2019,wbra,899," - Impl, Assembly Kit"," - Impl, Assembly Kit",91-9480SC,,91-9480SC,,EA,$486.00 ,1,0,0,Batch 7109801,3,Total Tx Amt. $0.00
23, - COLOPLAST,1982,,,O,"$10,321.00 ",$0.00 ,12/19/2019,wbra,12/19/2019,wbra,687," - IMP, TITAN RESEVOIR 75CC"," - IMP, TITAN RESEVOIR 75CC",ER8075,GENERAL ,ER8075,,EA,"$1,771.00 ",1,0,0,Batch 7088533,3,Total Tx Amt. $0.00
23, - COLOPLAST,1982,,,O,"$10,321.00 ",$0.00 ,12/19/2019,wbra,12/19/2019,wbra,688," - IMP, TITAN TOUCH SCRO ZERO ANG"," - IMP, TITAN TOUCH SCRO ZERO ANG",ES2920,,ES2920,,EA,"$8,064.00 ",1,0,0,Batch 7109801,3,Total Tx Amt. $0.00
4, - COOK MEDICAL,1983,,,O,$212.56 ,$0.00 ,12/19/2019,wbra,12/19/2019,wbra,464, - COOK CONE TIP URETERAL CATH 8FR, - COOK CONE TIP URETERAL CATH 8FR,G14663,GENERAL ,G14663,,10/BX,$106.28 ,2,0,0,,1,Total Tx Amt. $0.00
3, - BOSTON SCIENTIFIC,1984,,,O,"$13,795.00 ",$0.00 ,12/19/2019,wbra,12/19/2019,wbra,948," - Impl, AMS 700 Accessary Kit"," - Impl, AMS 700 Accessary Kit",72401850,GENERAL ,72401850,,EA,$860.00 ,1,0,0,Lot 1000345919,4,Total Tx Amt. $0.00
3, - BOSTON SCIENTIFIC,1984,,,O,"$13,795.00 ",$0.00 ,12/19/2019,wbra,12/19/2019,wbra,1295," - IMPL, AMS 700 CX, MS Pump"," - IMPL, AMS 700 CX, MS Pump",72404233-12,,72404233-12,,EA,"$10,305.00 ",1,0,0,lot # 1000325818,4,Total Tx Amt. $0.00
3, - BOSTON SCIENTIFIC,1984,,,O,"$13,795.00 ",$0.00 ,12/19/2019,wbra,12/19/2019,wbra,945," - AMS 700 Reservoir, IZ"," - AMS 700 Reservoir, IZ",72404156,GENERAL ,72404156,,EA,"$2,630.00 ",1,0,0,Lot 1000344331,4,Total Tx Amt. $0.00
3, - BOSTON SCIENTIFIC,1984,,,O,"$13,795.00 ",$0.00 ,12/19/2019,wbra,12/19/2019,wbra,1236," - Impl, 2.0 CM No Chaarge item"," - Impl, 2.0 CM No Chaarge item",72404322,,72404322,,EA,$0.00 ,1,0,0,Lot 1000339875,4,Total Tx Amt. $0.00
35, - MINDRAY,1985,,,O,"$10,231.24 ",$0.00 ,12/19/2019,wbra,12/19/2019,wbra,, - Patient Monitor & Accessories, - Patient Monitor & Accessories,,,,,ea,"$10,231.24 ",1,0,0,,1,Total Tx Amt. $0.00
35, - MINDRAY,1986,,,O,$120.00 ,$0.00 ,12/19/2019,wbra,12/19/2019,wbra,1297," - PACU, Adult Blood Pressure Cuff"," - PACU, Adult Blood Pressure Cuff",115-027715-00,PACU    ,115-027715-00,,EA,$24.00 ,5,0,0,,1,Total Tx Amt. $0.00
15, - TELEFLEX/ARROW,1987,,,O,$606.00 ,$0.00 ,12/19/2019,wbra,12/19/2019,wbra,519, - ANES LMA 4 EVO, - ANES LMA 4 EVO,1D2040,ANESTHE ,1D2040,,10/BX,$151.50 ,4,0,0,,1,Total Tx Amt. $0.00
14, - BARD,1988,,,O,$471.00 ,$0.00 ,12/19/2019,wbra,12/19/2019,wbra,, - Bard Open End Catheter 5 Fr, - Bard Open End Catheter 5 Fr,,,,,10/BX,$157.00 ,3,0,0,,1,Total Tx Amt. $0.00
1, - MCKESSON,1989,,,O,"$9,199.00 ",$0.00 ,12/20/2019,wbra,12/20/2019,wbra,1296," - EQUI, Defibrillator, Als R-Series w/surepower batt"," - EQUI, Defibrillator, Als R-Series w/surepower batt",1050998,PACU    ,1050998,,EA,"$9,198.00 ",1,0,0,,2,Total Tx Amt. $0.00
1, - MCKESSON,1989,,,O,"$9,199.00 ",$0.00 ,12/20/2019,wbra,12/20/2019,wbra,1298, - Defibrillator Aed+Egg Dsplyadit Presc.Zolmed, - Defibrillator Aed+Egg Dsplyadit Presc.Zolmed,836329,PACU    ,836329,,EA,$1.00 ,1,0,0,,2,Total Tx Amt. $0.00
1, - MCKESSON,1990,,,O,$501.25 ,$0.00 ,12/20/2019,wbra,12/20/2019,wbra,710," - SUPP, NASAL CAN GAS SAMPLE 7'"," - SUPP, NASAL CAN GAS SAMPLE 7'",999489,ANESTHE ,999489,,25/CS,$45.23 ,2,0,0,,8,Total Tx Amt. $0.00
1, - MCKESSON,1990,,,O,$501.25 ,$0.00 ,12/20/2019,wbra,12/20/2019,wbra,761, - Patien belong bags, - Patien belong bags,30421100,PACU    ,447753,,250/CS,$35.15 ,1,0,0,,8,Total Tx Amt. $0.00
1, - MCKESSON,1990,,,O,$501.25 ,$0.00 ,12/20/2019,wbra,12/20/2019,wbra,152, - FLUID WATER 1000ML, - FLUID WATER 1000ML,513059,GENERAL ,513059,,14/CS,$54.85 ,3,0,0,,8,Total Tx Amt. $0.00
1, - MCKESSON,1990,,,O,$501.25 ,$0.00 ,12/20/2019,wbra,12/20/2019,wbra,142, - FLUID NACL 1000ML, - FLUID NACL 1000ML,515490,GENERAL ,515490,,14/CS,$29.99 ,2,0,0,,8,Total Tx Amt. $0.00
1, - MCKESSON,1990,,,O,$501.25 ,$0.00 ,12/20/2019,wbra,12/20/2019,wbra,135, - FLUID LR 1000ML, - FLUID LR 1000ML,208829,GENERAL ,208829,,14/CS,$30.30 ,2,0,0,,8,Total Tx Amt. $0.00
1, - MCKESSON,1990,,,O,$501.25 ,$0.00 ,12/20/2019,wbra,12/20/2019,wbra,342, - CONTAINER BIO WASTE 5QT RED, - CONTAINER BIO WASTE 5QT RED,2262,,881399,,10/BX,$35.71 ,1,0,0,,8,Total Tx Amt. $0.00
1, - MCKESSON,1990,,,O,$501.25 ,$0.00 ,12/20/2019,wbra,12/20/2019,wbra,420, - SYRINGE LL 10ML, - SYRINGE LL 10ML,1031801,,1031801,,100/BX,$7.50 ,2,0,0,,8,Total Tx Amt. $0.00
1, - MCKESSON,1990,,,O,$501.25 ,$0.00 ,12/20/2019,wbra,12/20/2019,wbra,421, - SYRINGE LL 20ML, - SYRINGE LL 20ML,1031802,,16-S20C,,100/BX,$19.90 ,2,0,0,,8,Total Tx Amt. $0.00
2, - CARDINAL HEALTH,1991,,,O,"$1,103.90 ",$0.00 ,12/20/2019,wbra,12/20/2019,wbra,31, - DRAPE CYSTO PACK, - DRAPE CYSTO PACK,SPP99CY1AA,DRAPE   ,SPP99CY1AA,,6/CS,$118.62 ,2,0,0,,6,Total Tx Amt. $0.00
2, - CARDINAL HEALTH,1991,,,O,"$1,103.90 ",$0.00 ,12/20/2019,wbra,12/20/2019,wbra,542, - DRP PACK MINOR PROCEDURE, - DRP PACK MINOR PROCEDURE,SPP99MN7AA,DRAPE   ,SPP99MN7AA,,4/CS,$92.00 ,2,0,0,,6,Total Tx Amt. $0.00
2, - CARDINAL HEALTH,1991,,,O,"$1,103.90 ",$0.00 ,12/20/2019,wbra,12/20/2019,wbra,140, - FLUID NACL 3000ML, - FLUID NACL 3000ML,230132,GENERAL ,R8206,,4/BX,$41.56 ,1,0,0,,6,Total Tx Amt. $0.00
2, - CARDINAL HEALTH,1991,,,O,"$1,103.90 ",$0.00 ,12/20/2019,wbra,12/20/2019,wbra,796," - King UltraFlex 72"" breathing circuit"," - King UltraFlex 72"" breathing circuit",,ANESTHE ,8753F6121Z,,30/BX,$199.55 ,2,0,0,,6,Total Tx Amt. $0.00
2, - CARDINAL HEALTH,1991,,,O,"$1,103.90 ",$0.00 ,12/20/2019,wbra,12/20/2019,wbra,833," - Mask, Anes size 6 Adult Elongated"," - Mask, Anes size 6 Adult Elongated",854706,ANESTHE ,ALMASK6,,50/BX,$142.00 ,1,0,0,,6,Total Tx Amt. $0.00
2, - CARDINAL HEALTH,1991,,,O,"$1,103.90 ",$0.00 ,12/20/2019,wbra,12/20/2019,wbra,134, - IV START KIT, - IV START KIT,01-9000A,GENERAL ,01-9000A,,100/CS,$100.00 ,1,0,0,,6,Total Tx Amt. $0.00
2, - CARDINAL HEALTH,1993,,,O,"$2,393.46 ",$0.00 ,12/20/2019,wbra,12/23/2019,wbra,632," - SHARPS, 18 GAL RED CONTAINER"," - SHARPS, 18 GAL RED CONTAINER",862336,HSKPNG  ,8998S,,5/BX,$130.20 ,1,0,0,,18,Total Tx Amt. $0.00
2, - CARDINAL HEALTH,1993,,,O,"$2,393.46 ",$0.00 ,12/20/2019,wbra,12/23/2019,wbra,31, - DRAPE CYSTO PACK, - DRAPE CYSTO PACK,SPP99CY1AA,DRAPE   ,SPP99CY1AA,,6/CS,$118.62 ,2,0,0,,18,Total Tx Amt. $0.00
2, - CARDINAL HEALTH,1993,,,O,"$2,393.46 ",$0.00 ,12/20/2019,wbra,12/23/2019,wbra,542, - DRP PACK MINOR PROCEDURE, - DRP PACK MINOR PROCEDURE,SPP99MN7AA,DRAPE   ,SPP99MN7AA,,4/CS,$92.00 ,2,0,0,,18,Total Tx Amt. $0.00
2, - CARDINAL HEALTH,1993,,,O,"$2,393.46 ",$0.00 ,12/20/2019,wbra,12/23/2019,wbra,140, - FLUID NACL 3000ML, - FLUID NACL 3000ML,230132,GENERAL ,R8206,,4/BX,$41.56 ,3,0,0,,18,Total Tx Amt. $0.00
2, - CARDINAL HEALTH,1993,,,O,"$2,393.46 ",$0.00 ,12/20/2019,wbra,12/23/2019,wbra,792, - PURELL HAND SANI 8OZ PUMP, - PURELL HAND SANI 8OZ PUMP,9652-12,DRESSING,9652-12,,12/BX,$22.43 ,1,0,0,,18,Total Tx Amt. $0.00
2, - CARDINAL HEALTH,1993,,,O,"$2,393.46 ",$0.00 ,12/20/2019,wbra,12/23/2019,wbra,99, - GLOVE PROTEXIS PI 6 LATEX FREE, - GLOVE PROTEXIS PI 6 LATEX FREE,2D72PT60X,GENERAL ,2D72PT60X,,50/BX,$89.45 ,2,0,0,,18,Total Tx Amt. $0.00
2, - CARDINAL HEALTH,1993,,,O,"$2,393.46 ",$0.00 ,12/20/2019,wbra,12/23/2019,wbra,100, - GLOVE PROTEXIS PI 6.5 LATEX FREE, - GLOVE PROTEXIS PI 6.5 LATEX FREE,2D72PT65X,GENERAL ,2D72PT65X,,50/BX,$89.45 ,2,0,0,,18,Total Tx Amt. $0.00
2, - CARDINAL HEALTH,1993,,,O,"$2,393.46 ",$0.00 ,12/20/2019,wbra,12/23/2019,wbra,101, - GLOVE PROTEXIS PI 7 LATEX FREE, - GLOVE PROTEXIS PI 7 LATEX FREE,2D72PT70X,GENERAL ,2D72PT70X,,50/BX,$89.45 ,2,0,0,,18,Total Tx Amt. $0.00
2, - CARDINAL HEALTH,1993,,,O,"$2,393.46 ",$0.00 ,12/20/2019,wbra,12/23/2019,wbra,102, - GLOVE PROTEXIS PI 7.5 LATEX FREE, - GLOVE PROTEXIS PI 7.5 LATEX FREE,2D72PT75X,GENERAL ,2D72PT75X,,50/BX,$89.45 ,2,0,0,,18,Total Tx Amt. $0.00
2, - CARDINAL HEALTH,1993,,,O,"$2,393.46 ",$0.00 ,12/20/2019,wbra,12/23/2019,wbra,103, - GLOVE PROTEXIS PI 8 LATEX FREE, - GLOVE PROTEXIS PI 8 LATEX FREE,2D72PT80X,GENERAL ,2D72PT80X,,50/BX,$89.45 ,2,0,0,,18,Total Tx Amt. $0.00
2, - CARDINAL HEALTH,1993,,,O,"$2,393.46 ",$0.00 ,12/20/2019,wbra,12/23/2019,wbra,104, - GLOVE PROTEXIS PI 8.5 LATEX FREE, - GLOVE PROTEXIS PI 8.5 LATEX FREE,2D72PT85X,GENERAL ,2D72PT85X,,50/BX,$89.45 ,2,0,0,,18,Total Tx Amt. $0.00
2, - CARDINAL HEALTH,1993,,,O,"$2,393.46 ",$0.00 ,12/20/2019,wbra,12/23/2019,wbra,105, - GLOVE PROTEXIS PI 9 LATEX FREE, - GLOVE PROTEXIS PI 9 LATEX FREE,2D72PT90X,GENERAL ,2D72PT90X,,50/BX,$89.45 ,1,0,0,,18,Total Tx Amt. $0.00
2, - CARDINAL HEALTH,1993,,,O,"$2,393.46 ",$0.00 ,12/20/2019,wbra,12/23/2019,wbra,372, - DRAPE TOWEL SURGICAL 4PK BLUE, - DRAPE TOWEL SURGICAL 4PK BLUE,28700-004,DRAPE   ,28700-004,,20/CS,$38.00 ,2,0,0,,18,Total Tx Amt. $0.00
2, - CARDINAL HEALTH,1993,,,O,"$2,393.46 ",$0.00 ,12/20/2019,wbra,12/23/2019,wbra,39, - DRAPE MAYO STAND COVER, - DRAPE MAYO STAND COVER,8337,DRAPE   ,8337,,30/CS,$28.73 ,2,0,0,,18,Total Tx Amt. $0.00
2, - CARDINAL HEALTH,1993,,,O,"$2,393.46 ",$0.00 ,12/20/2019,wbra,12/23/2019,wbra,74, - GLOVE EXAM MEDIUM NITRILE, - GLOVE EXAM MEDIUM NITRILE,88TN03M,GENERAL ,88TN03M,,1/CS,$73.30 ,1,0,0,,18,Total Tx Amt. $0.00
2, - CARDINAL HEALTH,1993,,,O,"$2,393.46 ",$0.00 ,12/20/2019,wbra,12/23/2019,wbra,71, - GLOVE EXAM SMALL NITRILE, - GLOVE EXAM SMALL NITRILE,88TN02S,GENERAL ,88TN02S,,10/CS,$73.30 ,1,0,0,,18,Total Tx Amt. $0.00
2, - CARDINAL HEALTH,1993,,,O,"$2,393.46 ",$0.00 ,12/20/2019,wbra,12/23/2019,wbra,76, - GLOVE EXAM XLARGE NITRILE, - GLOVE EXAM XLARGE NITRILE,88TN05XL,GENERAL ,88TN05XL,,10/CS,$97.20 ,1,0,0,,18,Total Tx Amt. $0.00
2, - CARDINAL HEALTH,1993,,,O,"$2,393.46 ",$0.00 ,12/20/2019,wbra,12/23/2019,wbra,298, - PREP TRAY IODINE STERILE, - PREP TRAY IODINE STERILE,Nov-08,,Nov-08,,20/CS,$77.40 ,2,0,0,,18,Total Tx Amt. $0.00
1, - MCKESSON,1994,,,O,"$1,062.38 ",$0.00 ,12/23/2019,wbra,12/26/2019,wbra,229, - NDL HYPO 18X1.5, - NDL HYPO 18X1.5,1031789,IVS     ,1031789,,100/BX,$3.00 ,5,0,0,,7,Total Tx Amt. $0.00
1, - MCKESSON,1994,,,O,"$1,062.38 ",$0.00 ,12/23/2019,wbra,12/26/2019,wbra,709," - SUT, LIQUIBAND"," - SUT, LIQUIBAND",122-LBX,SUTURE  ,948660,,10/BX,$200.29 ,2,0,0,,7,Total Tx Amt. $0.00
1, - MCKESSON,1994,,,O,"$1,062.38 ",$0.00 ,12/23/2019,wbra,12/26/2019,wbra,770," - liner, trash can 60 gal roll"," - liner, trash can 60 gal roll",980394,HSKPNG  ,980394,,20/CS,$28.61 ,2,0,0,,7,Total Tx Amt. $0.00
1, - MCKESSON,1994,,,O,"$1,062.38 ",$0.00 ,12/23/2019,wbra,12/26/2019,wbra,773," - SUPP, TUBING, CYSTO"," - SUPP, TUBING, CYSTO",V4608-20,GENERAL ,230756,,20/BX,$62.89 ,1,0,0,,7,Total Tx Amt. $0.00
1, - MCKESSON,1994,,,O,"$1,062.38 ",$0.00 ,12/23/2019,wbra,12/26/2019,wbra,228, - NDL CHIBA 20G, - NDL CHIBA 20G,CNM-2008,IVSUPPLY,629155,,10/BX,$83.49 ,6,0,0,,7,Total Tx Amt. $0.00
1, - MCKESSON,1994,,,O,"$1,062.38 ",$0.00 ,12/23/2019,wbra,12/26/2019,wbra,765, - Sani-Cloth Surface Disinfectant liquid Wipe, - Sani-Cloth Surface Disinfectant liquid Wipe,H04082,PACU    ,297456,,50/BX,$5.34 ,1,0,0,,7,Total Tx Amt. $0.00
1, - MCKESSON,1994,,,O,"$1,062.38 ",$0.00 ,12/23/2019,wbra,12/26/2019,wbra,285, - TEST PREG CASSETTE, - TEST PREG CASSETTE,5001,,949871,,25/BX,$20.41 ,1,0,0,,7,Total Tx Amt. $0.00
26, - CUSTOM MEDICAL SPECILTIES,1995,,,O,$258.00 ,$0.00 ,12/23/2019,wbra,12/23/2019,wbra,637," - BAG, DRAIN SURGICAL TABLE"," - BAG, DRAIN SURGICAL TABLE",CMS-999,GENERAL ,CMS-999,,20/CS,$129.00 ,2,0,0,,1,Total Tx Amt. $0.00
3, - BOSTON SCIENTIFIC,1996,,,O,"$1,510.60 ",$0.00 ,12/23/2019,wbra,12/23/2019,wbra,647, - UROMAX BALLOON KIT 18FR X 4CM, - UROMAX BALLOON KIT 18FR X 4CM,M0062251220,GENERAL ,M0062251220,,EA,$464.80 ,1,0,0,,2,Total Tx Amt. $0.00
3, - BOSTON SCIENTIFIC,1996,,,O,"$1,510.60 ",$0.00 ,12/23/2019,wbra,12/23/2019,wbra,645," - BASKET, ZERO TIP 1.9FR X 120CM BOSTON"," - BASKET, ZERO TIP 1.9FR X 120CM BOSTON",M0063901050,GENERAL ,M0063901050,,EA,$348.60 ,3,0,0,,2,Total Tx Amt. $0.00
11, - RICHARD WOLF,1997,,,O,$403.86 ,$0.00 ,12/23/2019,wbra,12/23/2019,wbra,1062," - Wolf, Print Pack"," - Wolf, Print Pack",5365.8551,GENERAL ,5365.8551,,EA,$201.93 ,2,0,0,,1,Total Tx Amt. $0.00
31, - NEOTRACT/ UROLIFT,1998,,,O,"$7,600.00 ",$0.00 ,12/23/2019,wbra,12/23/2019,wbra,665, - UROLIFT SYSTEM IMPLANT, - UROLIFT SYSTEM IMPLANT,UL400-4,GENERAL ,UL400-4,,4/CS,"$3,800.00 ",2,0,0,"2 case of 4 each,",1,Total Tx Amt. $0.00
2, - CARDINAL HEALTH,1999,,,O,$538.84 ,$0.00 ,12/23/2019,wbra,12/26/2019,wbra,323, - WRAP DOUBLE LAYER 36X36, - WRAP DOUBLE LAYER 36X36,CH5G0036,,CH5G0036,,75/PK,$121.13 ,3,0,0,,2,Total Tx Amt. $0.00
2, - CARDINAL HEALTH,1999,,,O,$538.84 ,$0.00 ,12/23/2019,wbra,12/26/2019,wbra,324, - WRAP DOUBLE LAYER 48X48, - WRAP DOUBLE LAYER 48X48,CH3G0048,,CH3G0048,,96/CS,$175.45 ,1,0,0,,2,Total Tx Amt. $0.00
21, - BK Medical,2000,,,O,$885.00 ,$0.00 ,12/23/2019,wbra,12/23/2019,wbra,723," - SUPP, ULTRASOUND GUIDE, BK"," - SUPP, ULTRASOUND GUIDE, BK",UA1322-S,GENERAL ,UA1322-S,,18/CS,$295.00 ,3,0,0,,1,Total Tx Amt. $0.00
16, - OLYMPUS,2001,,,O,"$1,215.00 ",$0.00 ,12/26/2019,wbra,12/26/2019,wbra,528, - GLIDEWIRE 0.035 STR TIP STIFF OLYMPUS, - GLIDEWIRE 0.035 STR TIP STIFF OLYMPUS,UWS1035,GENERAL ,UWS1035,,5/BX,$405.00 ,3,0,0,,1,Total Tx Amt. $0.00
23, - COLOPLAST,2002,,,O,"$10,490.00 ",$0.00 ,12/26/2019,wbra,12/26/2019,wbra,971," - IMPL,  Coloplast Virtue Male Sling-#50020"," - IMPL,  Coloplast Virtue Male Sling-#50020",50020,GENERAL ,50020,,EA,"$5,245.00 ",2,0,0,,1,Total Tx Amt. $0.00
2, - CARDINAL HEALTH,2003,,,O,$749.01 ,$0.00 ,12/26/2019,wbra,12/30/2019,wbra,48, - TAPE TRANSPARENT DSG FRAME (TEG) 3X3, - TAPE TRANSPARENT DSG FRAME (TEG) 3X3,TD-24C,DRESSING,TD-24C,,100/BX,$22.07 ,1,0,0,,9,Total Tx Amt. $0.00
2, - CARDINAL HEALTH,2003,,,O,$749.01 ,$0.00 ,12/26/2019,wbra,12/30/2019,wbra,66, - TAPE TRANSPARENT DSG FRAME (TEG) 4X4, - TAPE TRANSPARENT DSG FRAME (TEG) 4X4,TD-26C,DRESSING,TD-26C,,50/BX,$32.30 ,1,0,0,,9,Total Tx Amt. $0.00
2, - CARDINAL HEALTH,2003,,,O,$749.01 ,$0.00 ,12/26/2019,wbra,12/30/2019,wbra,785, - Sheaths Ultra sound Probe cover, - Sheaths Ultra sound Probe cover,25001,GENERAL ,25001,,100/BX,$91.48 ,3,0,0,,9,Total Tx Amt. $0.00
2, - CARDINAL HEALTH,2003,,,O,$749.01 ,$0.00 ,12/26/2019,wbra,12/30/2019,wbra,300, - PREP APPLICATOR SPONGE IODINE, - PREP APPLICATOR SPONGE IODINE,DYND70288,,DYND70288,,30/BX,$117.51 ,1,0,0,,9,Total Tx Amt. $0.00
2, - CARDINAL HEALTH,2003,,,O,$749.01 ,$0.00 ,12/26/2019,wbra,12/30/2019,wbra,288, - UNDERPANT MESH LG, - UNDERPANT MESH LG,MP71062,,MPLG02,,50/BX,$38.65 ,1,0,0,,9,Total Tx Amt. $0.00
2, - CARDINAL HEALTH,2003,,,O,$749.01 ,$0.00 ,12/26/2019,wbra,12/30/2019,wbra,633," - TUBING, SUCTION NS BUBBLE"," - TUBING, SUCTION NS BUBBLE",8888280412,GLV/MSK ,8888280412,,EA,$8.80 ,4,0,0,,9,Total Tx Amt. $0.00
2, - CARDINAL HEALTH,2003,,,O,$749.01 ,$0.00 ,12/26/2019,wbra,12/30/2019,wbra,361, - BASIN URINE STRAINER, - BASIN URINE STRAINER,25-460,PACU    ,bw460,,100/BX,$119.37 ,1,0,0,,9,Total Tx Amt. $0.00
2, - CARDINAL HEALTH,2003,,,O,$749.01 ,$0.00 ,12/26/2019,wbra,12/30/2019,wbra,422, - DISINFECT CAVIWIPE 1MIN, - DISINFECT CAVIWIPE 1MIN,MX13-1150,HSKPNG  ,MX13-1150,,12/BX,$64.95 ,1,0,0,,9,Total Tx Amt. $0.00
2, - CARDINAL HEALTH,2003,,,O,$749.01 ,$0.00 ,12/26/2019,wbra,12/30/2019,wbra,96, - SHOE COVER DURAFIT NON-SKID X-LARGE, - SHOE COVER DURAFIT NON-SKID X-LARGE,4854,GENERAL ,4854,,4/CS,$44.52 ,1,0,0,,9,Total Tx Amt. $0.00
15, - TELEFLEX/ARROW,2005,,,O,$606.00 ,$0.00 ,12/26/2019,wbra,12/26/2019,wbra,519, - ANES LMA 4 EVO, - ANES LMA 4 EVO,1D2040,ANESTHE ,1D2040,,10/BX,$151.50 ,4,0,0,,1,Total Tx Amt. $0.00
20, - APPLIED MEDICAL,2006,,,O,$300.00 ,$0.00 ,12/26/2019,wbra,12/26/2019,wbra,572," - CAP, SURESEAL II"," - CAP, SURESEAL II",SEAL-005,GENERAL ,SEAL-005,,10/BX,$150.00 ,2,0,0,,1,Total Tx Amt. $0.00
8, - STERIS,2007,,,O,"$1,258.98 ",$0.00 ,12/26/2019,wbra,12/26/2019,wbra,, - To Cover cost of repair on OR1 and OR2 lights, - To Cover cost of repair on OR1 and OR2 lights,,,,,ea,"$1,258.98 ",1,0,0,,1,Total Tx Amt. $0.00
33, - MEDTRONIC,2008,,,O,"$31,522.00 ",$0.00 ,12/27/2019,wbra,12/27/2019,wbra,736," - IMP, INTERSTIM TEST STIM 353101"," - IMP, INTERSTIM TEST STIM 353101",353101,GENERAL ,353101,,EA,$350.00 ,4,0,0,,8,Total Tx Amt. $0.00
33, - MEDTRONIC,2008,,,O,"$31,522.00 ",$0.00 ,12/27/2019,wbra,12/27/2019,wbra,841, - Interstim Test Stimulation Lead Kit, - Interstim Test Stimulation Lead Kit,309101,GENERAL ,309101,,EA,$80.00 ,2,0,0,,8,Total Tx Amt. $0.00
33, - MEDTRONIC,2008,,,O,"$31,522.00 ",$0.00 ,12/27/2019,wbra,12/27/2019,wbra,840, - Interstim Test Stimulation Lead, - Interstim Test Stimulation Lead,305901,GENERAL ,305901,,1/BX,$40.00 ,2,0,0,,8,Total Tx Amt. $0.00
33, - MEDTRONIC,2008,,,O,"$31,522.00 ",$0.00 ,12/27/2019,wbra,12/27/2019,wbra,834, - Interstim Neuro Stimulator, - Interstim Neuro Stimulator,3058,GENERAL ,3058,,EA,"$11,200.00 ",2,0,0,,8,Total Tx Amt. $0.00
33, - MEDTRONIC,2008,,,O,"$31,522.00 ",$0.00 ,12/27/2019,wbra,12/27/2019,wbra,835, - Interstim Hand Set With Communicator, - Interstim Hand Set With Communicator,TH90G01,GENERAL ,TH90G01,,EA,"$1,901.00 ",2,0,0,,8,Total Tx Amt. $0.00
33, - MEDTRONIC,2008,,,O,"$31,522.00 ",$0.00 ,12/27/2019,wbra,12/27/2019,wbra,837, - Interstim Lead Introducer Kit, - Interstim Lead Introducer Kit,355018,GENERAL ,355018,,EA,$280.00 ,1,0,0,,8,Total Tx Amt. $0.00
33, - MEDTRONIC,2008,,,O,"$31,522.00 ",$0.00 ,12/27/2019,wbra,12/27/2019,wbra,843, - Interstim Quadripolar Lead Kit for Sacral Nerve St, - Interstim Quadripolar Lead Kit for Sacral Nerve St,3889-28,GENERAL ,3889-28,,EA,"$3,360.00 ",1,0,0,,8,Total Tx Amt. $0.00
33, - MEDTRONIC,2008,,,O,"$31,522.00 ",$0.00 ,12/27/2019,wbra,12/27/2019,wbra,839, - Interstim Test Stimulation Cable, - Interstim Test Stimulation Cable,357501,GENERAL ,357501,,EA,$40.00 ,1,0,0,,8,Total Tx Amt. $0.00
1, - MCKESSON,2010,,,O,$218.74 ,$0.00 ,12/27/2019,wbra,12/27/2019,wbra,138, - FLUID LR 500ML, - FLUID LR 500ML,467133,GENERAL ,467133,,24/CS,$48.20 ,2,0,0,,3,Total Tx Amt. $0.00
1, - MCKESSON,2010,,,O,$218.74 ,$0.00 ,12/27/2019,wbra,12/27/2019,wbra,710," - SUPP, NASAL CAN GAS SAMPLE 7'"," - SUPP, NASAL CAN GAS SAMPLE 7'",999489,ANESTHE ,999489,,25/CS,$45.23 ,2,0,0,,3,Total Tx Amt. $0.00
1, - MCKESSON,2010,,,O,$218.74 ,$0.00 ,12/27/2019,wbra,12/27/2019,wbra,754," - Nasal Canula, Flared tip"," - Nasal Canula, Flared tip",1104,PACU    ,37358,,50/CS,$15.94 ,2,0,0,,3,Total Tx Amt. $0.00
1, - MCKESSON,2012,,,O,$124.74 ,$0.00 ,12/30/2019,wbra,1/2/2020,wbra,418, - SYRINGE LL 60ML NS, - SYRINGE LL 60ML NS,102-S60C,,869662,,25/CT,$8.29 ,1,0,0,Conf # 51838054,5,Total Tx Amt. $0.00
1, - MCKESSON,2012,,,O,$124.74 ,$0.00 ,12/30/2019,wbra,1/2/2020,wbra,559, - NDL HYPO 22GA X 7IN QUINCKE, - NDL HYPO 22GA X 7IN QUINCKE,405149,NEEDLES ,190450,,10/BX,$38.38 ,1,0,0,,5,Total Tx Amt. $0.00
1, - MCKESSON,2012,,,O,$124.74 ,$0.00 ,12/30/2019,wbra,1/2/2020,wbra,248, - CONTAINER SPECIMEN NS, - CONTAINER SPECIMEN NS,491102,MEDS    ,491102,,100/CS,$13.73 ,1,0,0,,5,Total Tx Amt. $0.00
1, - MCKESSON,2012,,,O,$124.74 ,$0.00 ,12/30/2019,wbra,1/2/2020,wbra,901, - Coverall Bunny Suit, - Coverall Bunny Suit,293648,GENERAL ,293648,,25/BX,$43.81 ,1,0,0,,5,Total Tx Amt. $0.00
1, - MCKESSON,2012,,,O,$124.74 ,$0.00 ,12/30/2019,wbra,1/2/2020,wbra,123, - TOWEL PAPER C-FOLD, - TOWEL PAPER C-FOLD,1040599,GENERAL ,1040599,,1/CS,$20.53 ,1,0,0,,5,Total Tx Amt. $0.00
2, - CARDINAL HEALTH,2013,,,O,"$1,632.09 ",$0.00 ,12/30/2019,wbra,1/6/2020,wbra,289, - BASIN URINAL 1QT, - BASIN URINAL 1QT,1020361,,H140-01,,50/BX,$16.56 ,1,0,0,,17,Total Tx Amt. $0.00
2, - CARDINAL HEALTH,2013,,,O,"$1,632.09 ",$0.00 ,12/30/2019,wbra,1/6/2020,wbra,294, - PREP CHLORAPREP 26ML TINT, - PREP CHLORAPREP 26ML TINT,260815,,260815,,25/CS,$328.63 ,1,0,0,,17,Total Tx Amt. $0.00
2, - CARDINAL HEALTH,2013,,,O,"$1,632.09 ",$0.00 ,12/30/2019,wbra,1/6/2020,wbra,137, - FLUID LR 500ML, - FLUID LR 500ML,186663,GENERAL ,L7501,,24/CS,$42.99 ,2,0,0,,17,Total Tx Amt. $0.00
2, - CARDINAL HEALTH,2013,,,O,"$1,632.09 ",$0.00 ,12/30/2019,wbra,1/6/2020,wbra,123, - TOWEL PAPER C-FOLD, - TOWEL PAPER C-FOLD,1040599,GENERAL ,GP20603,,10/BX,$18.54 ,1,0,0,,17,Total Tx Amt. $0.00
2, - CARDINAL HEALTH,2013,,,O,"$1,632.09 ",$0.00 ,12/30/2019,wbra,1/6/2020,wbra,940," - razor, sterile shave prec razor"," - razor, sterile shave prec razor",DYND70836,GENERAL ,DYND70836,,100/CS,$33.97 ,1,0,0,,17,Total Tx Amt. $0.00
2, - CARDINAL HEALTH,2013,,,O,"$1,632.09 ",$0.00 ,12/30/2019,wbra,1/6/2020,wbra,39, - DRAPE MAYO STAND COVER, - DRAPE MAYO STAND COVER,8337,DRAPE   ,8337,,30/CS,$28.73 ,1,0,0,,17,Total Tx Amt. $0.00
2, - CARDINAL HEALTH,2013,,,O,"$1,632.09 ",$0.00 ,12/30/2019,wbra,1/6/2020,wbra,297, - PREP PAD ALCOHOL, - PREP PAD ALCOHOL,MW-APM,,MW-APM,,100/BX,$1.51 ,3,0,0,,17,Total Tx Amt. $0.00
2, - CARDINAL HEALTH,2013,,,O,"$1,632.09 ",$0.00 ,12/30/2019,wbra,1/6/2020,wbra,281, - SOCK SLIPPER ADULT XL, - SOCK SLIPPER ADULT XL,68125-GRY,,68125-GRY,,48/BX,$36.48 ,2,0,0,,17,Total Tx Amt. $0.00
2, - CARDINAL HEALTH,2013,,,O,"$1,632.09 ",$0.00 ,12/30/2019,wbra,1/6/2020,wbra,739, - SafeDay IV Administration Set, - SafeDay IV Administration Set,352904,PACU    ,352899,,50/BX,$109.99 ,2,0,0,,17,Total Tx Amt. $0.00
2, - CARDINAL HEALTH,2013,,,O,"$1,632.09 ",$0.00 ,12/30/2019,wbra,1/6/2020,wbra,134, - IV START KIT, - IV START KIT,01-9000A,GENERAL ,01-9000A,,100/CS,$101.32 ,1,0,0,,17,Total Tx Amt. $0.00
2, - CARDINAL HEALTH,2013,,,O,"$1,632.09 ",$0.00 ,12/30/2019,wbra,1/6/2020,wbra,1052, - Urinary Leg Bag 1000 ML, - Urinary Leg Bag 1000 ML,4605,,8887601139,,20/BX,$33.27 ,1,0,0,,17,Total Tx Amt. $0.00
2, - CARDINAL HEALTH,2013,,,O,"$1,632.09 ",$0.00 ,12/30/2019,wbra,1/6/2020,wbra,1300," - PACU, Extension Set 7 Inch Tubing 1 Port 0.68 mL P"," - PACU, Extension Set 7 Inch Tubing 1 Port 0.68 mL P",B33001,PACU    ,B33001,,50/BX,$65.47 ,1,0,0,,17,Total Tx Amt. $0.00
2, - CARDINAL HEALTH,2013,,,O,"$1,632.09 ",$0.00 ,12/30/2019,wbra,1/6/2020,wbra,108, - HAND SCRUB SURGICAL BRUSH CHG 4%, - HAND SCRUB SURGICAL BRUSH CHG 4%,371073,GENERAL ,371073,,30/BX,$43.12 ,2,0,0,,17,Total Tx Amt. $0.00
2, - CARDINAL HEALTH,2013,,,O,"$1,632.09 ",$0.00 ,12/30/2019,wbra,1/6/2020,wbra,363, - CONTAINER SUCTION 3000ML, - CONTAINER SUCTION 3000ML,65651-230,GENERAL ,65651-230,,40/CS,$70.47 ,2,0,0,,17,Total Tx Amt. $0.00
2, - CARDINAL HEALTH,2013,,,O,"$1,632.09 ",$0.00 ,12/30/2019,wbra,1/6/2020,wbra,293, - HAND SCRUB SURGICAL AVAGARD REFILL, - HAND SCRUB SURGICAL AVAGARD REFILL,M9200,,M9200,,EA,$36.01 ,8,0,0,,17,Total Tx Amt. $0.00
2, - CARDINAL HEALTH,2013,,,O,"$1,632.09 ",$0.00 ,12/30/2019,wbra,1/6/2020,wbra,140, - FLUID NACL 3000ML, - FLUID NACL 3000ML,230132,GENERAL ,R8206,,4/BX,$41.56 ,2,0,0,,17,Total Tx Amt. $0.00
2, - CARDINAL HEALTH,2013,,,O,"$1,632.09 ",$0.00 ,12/30/2019,wbra,1/6/2020,wbra,148, - FLUID WATER 500ML BOTTLE, - FLUID WATER 500ML BOTTLE,161730,GENERAL ,R5000-01,,16/cs,$23.77 ,1,0,0,,17,Total Tx Amt. $0.00
32, - RICAHRDS MEDICAL,2014,,,O,$215.00 ,$0.00 ,12/30/2019,wbra,12/31/2019,wbra,666," - TRY, SINGLE SHOT EPIDURAL 18Ga"," - TRY, SINGLE SHOT EPIDURAL 18Ga",3404388,ANESTHE ,3404388,,10/CS,$215.00 ,1,0,0,,1,Total Tx Amt. $0.00
52, - Doctors Ozygen Service Inc,2015,,,O,$768.72 ,$0.00 ,12/30/2019,wbra,1/2/2020,wbra,, - eMERGENCY REPAIR SERVICE ON MACH AMRT02141 Rm 2, - eMERGENCY REPAIR SERVICE ON MACH AMRT02141 Rm 2,,,,,EA,$768.72 ,1,0,0,,1,Total Tx Amt. $0.00
4, - COOK MEDICAL,2016,,,O,$495.00 ,$0.00 ,12/31/2019,wbra,12/31/2019,wbra,456, - COOK URETERAL STENT FIRM UNIVERSA 5FR X 26, - COOK URETERAL STENT FIRM UNIVERSA 5FR X 26,G23398,GENERAL ,G23398,,EA,$49.50 ,2,0,0,,4,Total Tx Amt. $0.00
4, - COOK MEDICAL,2016,,,O,$495.00 ,$0.00 ,12/31/2019,wbra,12/31/2019,wbra,1098," - Stent, 5 x 28 Universal Firm Stent Set"," - Stent, 5 x 28 Universal Firm Stent Set",G23399,,G23399,,EA,$49.50 ,1,0,0,,4,Total Tx Amt. $0.00
4, - COOK MEDICAL,2016,,,O,$495.00 ,$0.00 ,12/31/2019,wbra,12/31/2019,wbra,986, - COOK STENT 7 x 24 Universal Stent, - COOK STENT 7 x 24 Universal Stent,G23415,,G23415,,EA,$49.50 ,2,0,0,,4,Total Tx Amt. $0.00
4, - COOK MEDICAL,2016,,,O,$495.00 ,$0.00 ,12/31/2019,wbra,12/31/2019,wbra,458, - COOK URETERAL STENT FIRM UNIVERSA, - COOK URETERAL STENT FIRM UNIVERSA,G23405,GENERAL ,G23405,,EA,$49.50 ,5,0,0,,4,Total Tx Amt. $0.00
17, - HEALTHTRONICS MOBILE SOLUTIONS,2017,,,O,$875.00 ,$0.00 ,12/31/2019,wbra,1/2/2020,wbra,529, - LASER FIBER HO 200 SINGLE USE, - LASER FIBER HO 200 SINGLE USE,95193,GENERAL ,95193,,EA,$125.00 ,3,0,0,,3,Total Tx Amt. $0.00
17, - HEALTHTRONICS MOBILE SOLUTIONS,2017,,,O,$875.00 ,$0.00 ,12/31/2019,wbra,1/2/2020,wbra,530, - LASER FIBER HO 272 SINGLE USE, - LASER FIBER HO 272 SINGLE USE,95448,GENERAL ,95448,,EA,$125.00 ,2,0,0,,3,Total Tx Amt. $0.00
17, - HEALTHTRONICS MOBILE SOLUTIONS,2017,,,O,$875.00 ,$0.00 ,12/31/2019,wbra,1/2/2020,wbra,531, - LASER FIBER HO 365 SINGLE USE, - LASER FIBER HO 365 SINGLE USE,95612,GENERAL ,95612,,EA,$125.00 ,2,0,0,,3,Total Tx Amt. $0.00
